HAPLOID 1689 24 C20 C21 C23 C22 C9 C8 C19 C24 C18 C6 C15 C14 C7 C5 C16 C17 C4 C13 C12 C1 C3 C10 C11 C2
18-40210967-A-T 0.00010809642200837466 0.9302260675411667 0.9302260675411667 0.9302260675411667 0.9302260675411667 0.9302260675411667 0.9302260675411667 0.9302260675411667 0.9302260675411667 0.9302260675411667 0.9302260675411667 0.9302260675411667 0.00010809642200837466 0.9302260675411667 0.9302260675411667 0.9302260675411667 0.9302260675411667 0.9302260675411667 0.9302260675411667 0.9302260675411667 0.9302260675411667 0.9302260675411667 0.9302260675411667 0.9302260675411667
5-123922312-A-G 0.9302260675411667 0.9302260675411667 0.9302260675411667 0.9302260675411667 0.9302260675411667 0.9302260675411667 0.9302260675411667 0.9302260675411667 0.00010809642200837466 0.9302260675411667 0.00010809642200837466 0.9302260675411667 0.9302260675411667 0.9302260675411667 0.9302260675411667 0.9302260675411667 0.9302260675411667 0.9302260675411667 0.9302260675411667 0.9302260675411667 0.9302260675411667 0.9302260675411667 0.9302260675411667 0.9302260675411667
12-116597451-C-T 0.9302260675411667 0.00010809642200837466 0.9302260675411667 0.9302260675411667 0.9302260675411667 0.9302260675411667 0.00010809642200837466 0.9302260675411667 0.9302260675411667 0.9302260675411667 0.9302260675411667 0.9302260675411667 0.9302260675411667 0.9302260675411667 0.9302260675411667 0.9302260675411667 0.9302260675411667 0.9302260675411667 0.9302260675411667 0.9302260675411667 0.9302260675411667 0.9302260675411667 0.9302260675411667 0.9302260675411667
14-79058727-C-G 0.00010809642200837466 0.9302260675411667 0.9302260675411667 0.9302260675411667 0.9302260675411667 0.00010809642200837466 0.9302260675411667 0.9302260675411667 0.9302260675411667 0.9302260675411667 0.9302260675411667 0.9302260675411667 0.00010809642200837466 0.9302260675411667 0.9302260675411667 0.9302260675411667 0.9302260675411667 0.9302260675411667 0.9302260675411667 0.9302260675411667 0.9302260675411667 0.9302260675411667 0.9302260675411667 0.9302260675411667
7-88572376-T-G 0.9302260675411667 0.9302260675411667 0.9302260675411667 0.00010809642200837466 0.9302260675411667 0.9302260675411667 0.9302260675411667 0.9302260675411667 0.9302260675411667 0.9302260675411667 0.9302260675411667 0.9302260675411667 0.9302260675411667 0.9302260675411667 0.9302260675411667 0.9302260675411667 0.00010809642200837466 0.9302260675411667 0.9302260675411667 0.00010809642200837466 0.9302260675411667 0.9302260675411667 0.9302260675411667 0.9302260675411667
9-104038372-A-G 0.00010809642200837466 0.00010809642200837466 0.00010809642200837466 0.9302260675411667 0.00010809642200837466 0.00010809642200837466 0.00010809642200837466 0.00010809642200837466 0.00010809642200837466 0.00010809642200837466 0.00010809642200837466 0.00010809642200837466 0.00010809642200837466 0.00010809642200837466 0.00010809642200837466 0.00010809642200837466 0.00010809642200837466 0.00010809642200837466 0.00010809642200837466 0.00010809642200837466 0.00010809642200837466 0.9302260675411667 0.9302260675411667 0.00010809642200837466
4-140583859-C-T 0.00010809642200837466 0.9302260675411667 0.9302260675411667 0.9302260675411667 0.9302260675411667 0.00010809642200837466 0.9302260675411667 0.9302260675411667 0.9302260675411667 0.9302260675411667 0.9302260675411667 0.9302260675411667 0.00010809642200837466 0.9302260675411667 0.9302260675411667 0.9302260675411667 0.9302260675411667 0.9302260675411667 0.9302260675411667 0.9302260675411667 0.9302260675411667 0.9302260675411667 0.9302260675411667 0.9302260675411667
2-154365894-C-T 0.00010809642200837466 0.00010809642200837466 0.00010809642200837466 0.00010809642200837466 0.00010809642200837466 0.00010809642200837466 0.00010809642200837466 0.00010809642200837466 0.00010809642200837466 0.00010809642200837466 0.00010809642200837466 0.00010809642200837466 0.00010809642200837466 0.00010809642200837466 0.00010809642200837466 0.00010809642200837466 0.00010809642200837466 0.00010809642200837466 0.9302260675411667 0.00010809642200837466 0.00010809642200837466 0.00010809642200837466 0.00010809642200837466 0.00010809642200837466
13-68562274-G-A 0.9302260675411667 0.9302260675411667 0.9302260675411667 0.9302260675411667 0.9302260675411667 0.9302260675411667 0.9302260675411667 0.9302260675411667 0.00010809642200837466 0.9302260675411667 0.00010809642200837466 0.9302260675411667 0.9302260675411667 0.9302260675411667 0.9302260675411667 0.9302260675411667 0.9302260675411667 0.9302260675411667 0.9302260675411667 0.9302260675411667 0.9302260675411667 0.9302260675411667 0.9302260675411667 0.9302260675411667
9-32424014-G-C 0.9302260675411667 0.00010809642200837466 0.9302260675411667 0.9302260675411667 0.9302260675411667 0.9302260675411667 0.00010809642200837466 0.9302260675411667 0.9302260675411667 0.9302260675411667 0.9302260675411667 0.9302260675411667 0.9302260675411667 0.9302260675411667 0.9302260675411667 0.9302260675411667 0.9302260675411667 0.9302260675411667 0.9302260675411667 0.9302260675411667 0.9302260675411667 0.9302260675411667 0.9302260675411667 0.9302260675411667
1-162723237-G-A 0.9302260675411667 0.00010809642200837466 0.9302260675411667 0.9302260675411667 0.9302260675411667 0.9302260675411667 0.00010809642200837466 0.9302260675411667 0.9302260675411667 0.9302260675411667 0.9302260675411667 0.9302260675411667 0.9302260675411667 0.9302260675411667 0.9302260675411667 0.9302260675411667 0.9302260675411667 0.9302260675411667 0.9302260675411667 0.9302260675411667 0.9302260675411667 0.9302260675411667 0.9302260675411667 0.9302260675411667
7-93178968-T-G 0.9302260675411667 0.9302260675411667 0.9302260675411667 0.00010809642200837466 0.9302260675411667 0.9302260675411667 0.9302260675411667 0.9302260675411667 0.9302260675411667 0.9302260675411667 0.9302260675411667 0.9302260675411667 0.9302260675411667 0.9302260675411667 0.9302260675411667 0.9302260675411667 0.00010809642200837466 0.9302260675411667 0.9302260675411667 0.00010809642200837466 0.9302260675411667 0.9302260675411667 0.9302260675411667 0.9302260675411667
3-41711211-A-G 0.9302260675411667 0.00010809642200837466 0.9302260675411667 0.9302260675411667 0.9302260675411667 0.9302260675411667 0.00010809642200837466 0.00010809642200837466 0.9302260675411667 0.00010809642200837466 0.9302260675411667 0.9302260675411667 0.9302260675411667 0.9302260675411667 0.9302260675411667 0.9302260675411667 0.9302260675411667 0.9302260675411667 0.9302260675411667 0.9302260675411667 0.9302260675411667 0.9302260675411667 0.9302260675411667 0.9302260675411667
4-101627978-A-G 0.00010809642200837466 0.00010809642200837466 0.9302260675411667 0.9302260675411667 0.00010809642200837466 0.00010809642200837466 0.00010809642200837466 0.00010809642200837466 0.00010809642200837466 0.00010809642200837466 0.00010809642200837466 0.9302260675411667 0.00010809642200837466 0.9302260675411667 0.00010809642200837466 0.9302260675411667 0.9302260675411667 0.00010809642200837466 0.9302260675411667 0.9302260675411667 0.9302260675411667 0.9302260675411667 0.00010809642200837466 0.9302260675411667
14-56100863-C-T 0.00010809642200837466 0.9302260675411667 0.9302260675411667 0.9302260675411667 0.9302260675411667 0.00010809642200837466 0.9302260675411667 0.9302260675411667 0.9302260675411667 0.9302260675411667 0.9302260675411667 0.9302260675411667 0.00010809642200837466 0.9302260675411667 0.00010809642200837466 0.9302260675411667 0.9302260675411667 0.9302260675411667 0.9302260675411667 0.9302260675411667 0.9302260675411667 0.9302260675411667 0.9302260675411667 0.9302260675411667
7-17211606-T-A 0.9302260675411667 0.00010809642200837466 0.9302260675411667 0.9302260675411667 0.00010809642200837466 0.9302260675411667 0.00010809642200837466 0.00010809642200837466 0.9302260675411667 0.00010809642200837466 0.9302260675411667 0.9302260675411667 0.9302260675411667 0.9302260675411667 0.9302260675411667 0.9302260675411667 0.9302260675411667 0.9302260675411667 0.9302260675411667 0.9302260675411667 0.9302260675411667 0.9302260675411667 0.9302260675411667 0.9302260675411667
5-23831263-C-G 0.9302260675411667 0.9302260675411667 0.9302260675411667 0.9302260675411667 0.9302260675411667 0.9302260675411667 0.9302260675411667 0.9302260675411667 0.9302260675411667 0.9302260675411667 0.9302260675411667 0.9302260675411667 0.9302260675411667 0.00010809642200837466 0.9302260675411667 0.9302260675411667 0.9302260675411667 0.9302260675411667 0.9302260675411667 0.9302260675411667 0.9302260675411667 0.9302260675411667 0.9302260675411667 0.00010809642200837466
6-18380980-G-A 0.9302260675411667 0.00010809642200837466 0.00010809642200837466 0.00010809642200837466 0.00010809642200837466 0.9302260675411667 0.00010809642200837466 0.00010809642200837466 0.00010809642200837466 0.00010809642200837466 0.00010809642200837466 0.00010809642200837466 0.9302260675411667 0.00010809642200837466 0.9302260675411667 0.00010809642200837466 0.00010809642200837466 0.00010809642200837466 0.00010809642200837466 0.00010809642200837466 0.00010809642200837466 0.00010809642200837466 0.00010809642200837466 0.00010809642200837466
1-136793557-T-G 0.00010809642200837466 0.9302260675411667 0.9302260675411667 0.9302260675411667 0.9302260675411667 0.9302260675411667 0.9302260675411667 0.9302260675411667 0.9302260675411667 0.9302260675411667 0.9302260675411667 0.9302260675411667 0.00010809642200837466 0.9302260675411667 0.9302260675411667 0.9302260675411667 0.9302260675411667 0.9302260675411667 0.9302260675411667 0.9302260675411667 0.9302260675411667 0.9302260675411667 0.9302260675411667 0.9302260675411667
5-52855832-T-C 0.9302260675411667 0.9302260675411667 0.9302260675411667 0.9302260675411667 0.9302260675411667 0.9302260675411667 0.9302260675411667 0.9302260675411667 0.9302260675411667 0.9302260675411667 0.9302260675411667 0.00010809642200837466 0.9302260675411667 0.9302260675411667 0.9302260675411667 0.9302260675411667 0.9302260675411667 0.9302260675411667 0.9302260675411667 0.9302260675411667 0.00010809642200837466 0.9302260675411667 0.9302260675411667 0.9302260675411667
1-74349662-C-A 0.9302260675411667 0.9302260675411667 0.9302260675411667 0.9302260675411667 0.9302260675411667 0.9302260675411667 0.9302260675411667 0.9302260675411667 0.9302260675411667 0.9302260675411667 0.9302260675411667 0.9302260675411667 0.9302260675411667 0.9302260675411667 0.9302260675411667 0.9302260675411667 0.9302260675411667 0.9302260675411667 0.00010809642200837466 0.9302260675411667 0.9302260675411667 0.00010809642200837466 0.9302260675411667 0.9302260675411667
11-59971255-A-C 0.9302260675411667 0.9302260675411667 0.9302260675411667 0.9302260675411667 0.9302260675411667 0.9302260675411667 0.9302260675411667 0.9302260675411667 0.00010809642200837466 0.9302260675411667 0.00010809642200837466 0.9302260675411667 0.9302260675411667 0.9302260675411667 0.9302260675411667 0.9302260675411667 0.9302260675411667 0.9302260675411667 0.9302260675411667 0.9302260675411667 0.9302260675411667 0.9302260675411667 0.9302260675411667 0.9302260675411667
7-13102513-G-A 0.9302260675411667 0.9302260675411667 0.9302260675411667 0.9302260675411667 0.9302260675411667 0.9302260675411667 0.9302260675411667 0.9302260675411667 0.00010809642200837466 0.9302260675411667 0.00010809642200837466 0.9302260675411667 0.9302260675411667 0.9302260675411667 0.9302260675411667 0.9302260675411667 0.9302260675411667 0.9302260675411667 0.9302260675411667 0.9302260675411667 0.9302260675411667 0.9302260675411667 0.9302260675411667 0.9302260675411667
15-74529902-C-G 0.00010809642200837466 0.9302260675411667 0.00010809642200837466 0.00010809642200837466 0.00010809642200837466 0.00010809642200837466 0.00010809642200837466 0.9302260675411667 0.00010809642200837466 0.9302260675411667 0.00010809642200837466 0.00010809642200837466 0.00010809642200837466 0.00010809642200837466 0.00010809642200837466 0.00010809642200837466 0.00010809642200837466 0.00010809642200837466 0.00010809642200837466 0.00010809642200837466 0.00010809642200837466 0.00010809642200837466 0.00010809642200837466 0.00010809642200837466
11-57217910-A-T 0.9302260675411667 0.9302260675411667 0.9302260675411667 0.9302260675411667 0.9302260675411667 0.9302260675411667 0.9302260675411667 0.9302260675411667 0.9302260675411667 0.9302260675411667 0.9302260675411667 0.00010809642200837466 0.9302260675411667 0.9302260675411667 0.9302260675411667 0.9302260675411667 0.9302260675411667 0.9302260675411667 0.9302260675411667 0.9302260675411667 0.00010809642200837466 0.9302260675411667 0.9302260675411667 0.9302260675411667
10-3139416-C-T 0.9302260675411667 0.00010809642200837466 0.9302260675411667 0.9302260675411667 0.9302260675411667 0.9302260675411667 0.00010809642200837466 0.9302260675411667 0.9302260675411667 0.9302260675411667 0.9302260675411667 0.9302260675411667 0.9302260675411667 0.9302260675411667 0.9302260675411667 0.9302260675411667 0.9302260675411667 0.9302260675411667 0.9302260675411667 0.9302260675411667 0.9302260675411667 0.9302260675411667 0.9302260675411667 0.9302260675411667
14-105152377-A-C 0.9302260675411667 0.9302260675411667 0.9302260675411667 0.9302260675411667 0.9302260675411667 0.9302260675411667 0.9302260675411667 0.9302260675411667 0.9302260675411667 0.9302260675411667 0.9302260675411667 0.9302260675411667 0.9302260675411667 0.9302260675411667 0.9302260675411667 0.9302260675411667 0.9302260675411667 0.9302260675411667 0.00010809642200837466 0.9302260675411667 0.9302260675411667 0.00010809642200837466 0.9302260675411667 0.9302260675411667
4-43372800-T-A 0.9302260675411667 0.9302260675411667 0.9302260675411667 0.9302260675411667 0.9302260675411667 0.9302260675411667 0.9302260675411667 0.9302260675411667 0.9302260675411667 0.9302260675411667 0.9302260675411667 0.00010809642200837466 0.9302260675411667 0.9302260675411667 0.9302260675411667 0.9302260675411667 0.9302260675411667 0.9302260675411667 0.9302260675411667 0.9302260675411667 0.00010809642200837466 0.9302260675411667 0.9302260675411667 0.9302260675411667
8-67502349-A-T 0.9302260675411667 0.9302260675411667 0.9302260675411667 0.00010809642200837466 0.9302260675411667 0.9302260675411667 0.9302260675411667 0.9302260675411667 0.9302260675411667 0.9302260675411667 0.9302260675411667 0.9302260675411667 0.9302260675411667 0.9302260675411667 0.9302260675411667 0.9302260675411667 0.00010809642200837466 0.9302260675411667 0.9302260675411667 0.00010809642200837466 0.9302260675411667 0.9302260675411667 0.9302260675411667 0.9302260675411667
2-102832406-C-A 0.00010809642200837466 0.9302260675411667 0.9302260675411667 0.9302260675411667 0.9302260675411667 0.00010809642200837466 0.9302260675411667 0.9302260675411667 0.9302260675411667 0.9302260675411667 0.9302260675411667 0.9302260675411667 0.00010809642200837466 0.9302260675411667 0.9302260675411667 0.9302260675411667 0.9302260675411667 0.9302260675411667 0.9302260675411667 0.9302260675411667 0.9302260675411667 0.9302260675411667 0.9302260675411667 0.9302260675411667
2-70750633-C-T 0.9302260675411667 0.00010809642200837466 0.9302260675411667 0.9302260675411667 0.9302260675411667 0.9302260675411667 0.00010809642200837466 0.9302260675411667 0.9302260675411667 0.9302260675411667 0.9302260675411667 0.9302260675411667 0.9302260675411667 0.9302260675411667 0.9302260675411667 0.9302260675411667 0.9302260675411667 0.9302260675411667 0.9302260675411667 0.9302260675411667 0.9302260675411667 0.9302260675411667 0.9302260675411667 0.9302260675411667
11-119278244-A-T 0.00010809642200837466 0.00010809642200837466 0.00010809642200837466 0.00010809642200837466 0.00010809642200837466 0.00010809642200837466 0.00010809642200837466 0.9302260675411667 0.00010809642200837466 0.00010809642200837466 0.00010809642200837466 0.00010809642200837466 0.00010809642200837466 0.00010809642200837466 0.00010809642200837466 0.00010809642200837466 0.00010809642200837466 0.00010809642200837466 0.00010809642200837466 0.00010809642200837466 0.00010809642200837466 0.00010809642200837466 0.00010809642200837466 0.00010809642200837466
11-58509035-T-G 0.9302260675411667 0.00010809642200837466 0.9302260675411667 0.9302260675411667 0.9302260675411667 0.9302260675411667 0.00010809642200837466 0.9302260675411667 0.9302260675411667 0.9302260675411667 0.9302260675411667 0.9302260675411667 0.9302260675411667 0.9302260675411667 0.9302260675411667 0.9302260675411667 0.9302260675411667 0.9302260675411667 0.9302260675411667 0.9302260675411667 0.9302260675411667 0.9302260675411667 0.9302260675411667 0.9302260675411667
7-9090561-A-C 0.9302260675411667 0.9302260675411667 0.00010809642200837466 0.9302260675411667 0.9302260675411667 0.9302260675411667 0.00010809642200837466 0.9302260675411667 0.9302260675411667 0.9302260675411667 0.9302260675411667 0.00010809642200837466 0.9302260675411667 0.9302260675411667 0.9302260675411667 0.00010809642200837466 0.9302260675411667 0.9302260675411667 0.00010809642200837466 0.9302260675411667 0.00010809642200837466 0.00010809642200837466 0.9302260675411667 0.9302260675411667
6-70130431-A-C 0.9302260675411667 0.00010809642200837466 0.00010809642200837466 0.00010809642200837466 0.00010809642200837466 0.9302260675411667 0.00010809642200837466 0.00010809642200837466 0.00010809642200837466 0.00010809642200837466 0.00010809642200837466 0.00010809642200837466 0.9302260675411667 0.00010809642200837466 0.9302260675411667 0.00010809642200837466 0.00010809642200837466 0.00010809642200837466 0.00010809642200837466 0.00010809642200837466 0.00010809642200837466 0.00010809642200837466 0.00010809642200837466 0.00010809642200837466
3-105668145-C-T 0.9302260675411667 0.00010809642200837466 0.9302260675411667 0.9302260675411667 0.9302260675411667 0.9302260675411667 0.00010809642200837466 0.9302260675411667 0.9302260675411667 0.9302260675411667 0.9302260675411667 0.9302260675411667 0.9302260675411667 0.9302260675411667 0.9302260675411667 0.9302260675411667 0.9302260675411667 0.9302260675411667 0.9302260675411667 0.9302260675411667 0.9302260675411667 0.9302260675411667 0.9302260675411667 0.9302260675411667
2-130309817-A-G 0.00010809642200837466 0.00010809642200837466 0.00010809642200837466 0.00010809642200837466 0.00010809642200837466 0.00010809642200837466 0.00010809642200837466 0.00010809642200837466 0.00010809642200837466 0.00010809642200837466 0.00010809642200837466 0.9302260675411667 0.00010809642200837466 0.00010809642200837466 0.00010809642200837466 0.00010809642200837466 0.00010809642200837466 0.00010809642200837466 0.00010809642200837466 0.00010809642200837466 0.00010809642200837466 0.00010809642200837466 0.00010809642200837466 0.00010809642200837466
3-107218378-C-T 0.9302260675411667 0.00010809642200837466 0.9302260675411667 0.9302260675411667 0.9302260675411667 0.9302260675411667 0.00010809642200837466 0.9302260675411667 0.9302260675411667 0.9302260675411667 0.9302260675411667 0.9302260675411667 0.9302260675411667 0.9302260675411667 0.9302260675411667 0.9302260675411667 0.9302260675411667 0.9302260675411667 0.9302260675411667 0.9302260675411667 0.9302260675411667 0.9302260675411667 0.9302260675411667 0.9302260675411667
1-116089441-A-G 0.00010809642200837466 0.9302260675411667 0.9302260675411667 0.9302260675411667 0.9302260675411667 0.00010809642200837466 0.9302260675411667 0.9302260675411667 0.9302260675411667 0.9302260675411667 0.9302260675411667 0.9302260675411667 0.00010809642200837466 0.9302260675411667 0.00010809642200837466 0.9302260675411667 0.9302260675411667 0.9302260675411667 0.9302260675411667 0.9302260675411667 0.9302260675411667 0.9302260675411667 0.9302260675411667 0.9302260675411667
3-106573433-A-G 0.9302260675411667 0.9302260675411667 0.9302260675411667 0.9302260675411667 0.9302260675411667 0.9302260675411667 0.9302260675411667 0.9302260675411667 0.9302260675411667 0.9302260675411667 0.9302260675411667 0.00010809642200837466 0.9302260675411667 0.9302260675411667 0.9302260675411667 0.9302260675411667 0.9302260675411667 0.9302260675411667 0.9302260675411667 0.9302260675411667 0.00010809642200837466 0.9302260675411667 0.9302260675411667 0.9302260675411667
6-125179520-T-C 0.9302260675411667 0.9302260675411667 0.9302260675411667 0.9302260675411667 0.9302260675411667 0.9302260675411667 0.9302260675411667 0.9302260675411667 0.00010809642200837466 0.9302260675411667 0.00010809642200837466 0.9302260675411667 0.9302260675411667 0.9302260675411667 0.9302260675411667 0.9302260675411667 0.9302260675411667 0.9302260675411667 0.9302260675411667 0.9302260675411667 0.9302260675411667 0.9302260675411667 0.9302260675411667 0.9302260675411667
1-177043950-T-G 0.9302260675411667 0.9302260675411667 0.9302260675411667 0.00010809642200837466 0.9302260675411667 0.9302260675411667 0.9302260675411667 0.9302260675411667 0.9302260675411667 0.9302260675411667 0.9302260675411667 0.9302260675411667 0.9302260675411667 0.9302260675411667 0.9302260675411667 0.9302260675411667 0.00010809642200837466 0.9302260675411667 0.9302260675411667 0.00010809642200837466 0.9302260675411667 0.9302260675411667 0.9302260675411667 0.9302260675411667
11-70220818-T-C 0.9302260675411667 0.9302260675411667 0.9302260675411667 0.9302260675411667 0.9302260675411667 0.9302260675411667 0.9302260675411667 0.9302260675411667 0.9302260675411667 0.9302260675411667 0.9302260675411667 0.9302260675411667 0.9302260675411667 0.00010809642200837466 0.9302260675411667 0.9302260675411667 0.9302260675411667 0.9302260675411667 0.9302260675411667 0.9302260675411667 0.9302260675411667 0.9302260675411667 0.9302260675411667 0.00010809642200837466
16-59682772-T-A 0.9302260675411667 0.9302260675411667 0.9302260675411667 0.00010809642200837466 0.9302260675411667 0.9302260675411667 0.9302260675411667 0.9302260675411667 0.9302260675411667 0.9302260675411667 0.9302260675411667 0.9302260675411667 0.9302260675411667 0.9302260675411667 0.9302260675411667 0.9302260675411667 0.00010809642200837466 0.9302260675411667 0.9302260675411667 0.00010809642200837466 0.9302260675411667 0.9302260675411667 0.9302260675411667 0.9302260675411667
8-67502349-A-T 0.9302260675411667 0.9302260675411667 0.9302260675411667 0.00010809642200837466 0.9302260675411667 0.9302260675411667 0.9302260675411667 0.9302260675411667 0.9302260675411667 0.9302260675411667 0.9302260675411667 0.9302260675411667 0.9302260675411667 0.9302260675411667 0.9302260675411667 0.9302260675411667 0.00010809642200837466 0.9302260675411667 0.9302260675411667 0.00010809642200837466 0.9302260675411667 0.9302260675411667 0.9302260675411667 0.9302260675411667
17-25725937-G-C 0.9302260675411667 0.00010809642200837466 0.9302260675411667 0.9302260675411667 0.9302260675411667 0.9302260675411667 0.00010809642200837466 0.00010809642200837466 0.9302260675411667 0.00010809642200837466 0.9302260675411667 0.9302260675411667 0.9302260675411667 0.9302260675411667 0.9302260675411667 0.9302260675411667 0.9302260675411667 0.9302260675411667 0.9302260675411667 0.9302260675411667 0.9302260675411667 0.9302260675411667 0.9302260675411667 0.9302260675411667
11-101331199-C-G 0.00010809642200837466 0.9302260675411667 0.9302260675411667 0.9302260675411667 0.9302260675411667 0.00010809642200837466 0.9302260675411667 0.9302260675411667 0.9302260675411667 0.9302260675411667 0.9302260675411667 0.9302260675411667 0.00010809642200837466 0.9302260675411667 0.9302260675411667 0.9302260675411667 0.9302260675411667 0.9302260675411667 0.9302260675411667 0.9302260675411667 0.9302260675411667 0.9302260675411667 0.9302260675411667 0.9302260675411667
1-58846628-T-A 0.9302260675411667 0.9302260675411667 0.9302260675411667 0.9302260675411667 0.9302260675411667 0.9302260675411667 0.9302260675411667 0.9302260675411667 0.00010809642200837466 0.9302260675411667 0.00010809642200837466 0.9302260675411667 0.9302260675411667 0.9302260675411667 0.9302260675411667 0.9302260675411667 0.9302260675411667 0.9302260675411667 0.9302260675411667 0.9302260675411667 0.9302260675411667 0.9302260675411667 0.9302260675411667 0.9302260675411667
4-19528362-T-A 0.9302260675411667 0.9302260675411667 0.9302260675411667 0.9302260675411667 0.9302260675411667 0.9302260675411667 0.9302260675411667 0.9302260675411667 0.00010809642200837466 0.9302260675411667 0.00010809642200837466 0.9302260675411667 0.9302260675411667 0.9302260675411667 0.9302260675411667 0.9302260675411667 0.9302260675411667 0.9302260675411667 0.9302260675411667 0.9302260675411667 0.9302260675411667 0.9302260675411667 0.9302260675411667 0.9302260675411667
9-48495220-T-C 0.9302260675411667 0.9302260675411667 0.9302260675411667 0.9302260675411667 0.9302260675411667 0.9302260675411667 0.9302260675411667 0.9302260675411667 0.9302260675411667 0.9302260675411667 0.9302260675411667 0.9302260675411667 0.9302260675411667 0.9302260675411667 0.9302260675411667 0.9302260675411667 0.9302260675411667 0.9302260675411667 0.00010809642200837466 0.9302260675411667 0.9302260675411667 0.00010809642200837466 0.9302260675411667 0.9302260675411667
1-135454373-T-C 0.00010809642200837466 0.9302260675411667 0.9302260675411667 0.9302260675411667 0.9302260675411667 0.00010809642200837466 0.9302260675411667 0.9302260675411667 0.9302260675411667 0.9302260675411667 0.9302260675411667 0.9302260675411667 0.00010809642200837466 0.9302260675411667 0.9302260675411667 0.9302260675411667 0.9302260675411667 0.9302260675411667 0.9302260675411667 0.9302260675411667 0.9302260675411667 0.9302260675411667 0.9302260675411667 0.9302260675411667
2-70678017-A-G 0.00010809642200837466 0.9302260675411667 0.9302260675411667 0.9302260675411667 0.9302260675411667 0.00010809642200837466 0.9302260675411667 0.9302260675411667 0.00010809642200837466 0.9302260675411667 0.00010809642200837466 0.9302260675411667 0.00010809642200837466 0.9302260675411667 0.00010809642200837466 0.9302260675411667 0.9302260675411667 0.00010809642200837466 0.9302260675411667 0.9302260675411667 0.9302260675411667 0.9302260675411667 0.00010809642200837466 0.9302260675411667
14-47248173-A-C 0.9302260675411667 0.00010809642200837466 0.9302260675411667 0.9302260675411667 0.9302260675411667 0.9302260675411667 0.00010809642200837466 0.9302260675411667 0.9302260675411667 0.9302260675411667 0.9302260675411667 0.9302260675411667 0.9302260675411667 0.9302260675411667 0.9302260675411667 0.9302260675411667 0.9302260675411667 0.9302260675411667 0.9302260675411667 0.9302260675411667 0.9302260675411667 0.9302260675411667 0.9302260675411667 0.9302260675411667
2-91591849-T-G 0.00010809642200837466 0.00010809642200837466 0.00010809642200837466 0.00010809642200837466 0.00010809642200837466 0.00010809642200837466 0.00010809642200837466 0.00010809642200837466 0.00010809642200837466 0.00010809642200837466 0.00010809642200837466 0.9302260675411667 0.00010809642200837466 0.00010809642200837466 0.00010809642200837466 0.00010809642200837466 0.00010809642200837466 0.00010809642200837466 0.00010809642200837466 0.00010809642200837466 0.00010809642200837466 0.00010809642200837466 0.00010809642200837466 0.00010809642200837466
15-9612668-A-T 0.9302260675411667 0.9302260675411667 0.9302260675411667 0.9302260675411667 0.9302260675411667 0.9302260675411667 0.9302260675411667 0.9302260675411667 0.9302260675411667 0.9302260675411667 0.9302260675411667 0.9302260675411667 0.9302260675411667 0.00010809642200837466 0.9302260675411667 0.9302260675411667 0.9302260675411667 0.9302260675411667 0.9302260675411667 0.9302260675411667 0.9302260675411667 0.9302260675411667 0.9302260675411667 0.00010809642200837466
9-67361310-A-C 0.9302260675411667 0.9302260675411667 0.9302260675411667 0.9302260675411667 0.9302260675411667 0.9302260675411667 0.9302260675411667 0.9302260675411667 0.00010809642200837466 0.9302260675411667 0.00010809642200837466 0.9302260675411667 0.9302260675411667 0.9302260675411667 0.9302260675411667 0.9302260675411667 0.9302260675411667 0.9302260675411667 0.9302260675411667 0.9302260675411667 0.9302260675411667 0.9302260675411667 0.9302260675411667 0.9302260675411667
2-146314988-A-T 0.00010809642200837466 0.00010809642200837466 0.00010809642200837466 0.00010809642200837466 0.00010809642200837466 0.00010809642200837466 0.00010809642200837466 0.00010809642200837466 0.00010809642200837466 0.00010809642200837466 0.00010809642200837466 0.9302260675411667 0.00010809642200837466 0.00010809642200837466 0.00010809642200837466 0.00010809642200837466 0.00010809642200837466 0.00010809642200837466 0.00010809642200837466 0.00010809642200837466 0.00010809642200837466 0.00010809642200837466 0.00010809642200837466 0.00010809642200837466
1-150603848-G-A 0.9302260675411667 0.00010809642200837466 0.9302260675411667 0.9302260675411667 0.9302260675411667 0.9302260675411667 0.00010809642200837466 0.9302260675411667 0.9302260675411667 0.9302260675411667 0.9302260675411667 0.9302260675411667 0.9302260675411667 0.9302260675411667 0.9302260675411667 0.9302260675411667 0.9302260675411667 0.9302260675411667 0.9302260675411667 0.9302260675411667 0.9302260675411667 0.9302260675411667 0.9302260675411667 0.9302260675411667
16-35967877-T-C 0.00010809642200837466 0.00010809642200837466 0.9302260675411667 0.00010809642200837466 0.9302260675411667 0.00010809642200837466 0.00010809642200837466 0.00010809642200837466 0.00010809642200837466 0.00010809642200837466 0.00010809642200837466 0.00010809642200837466 0.00010809642200837466 0.00010809642200837466 0.9302260675411667 0.00010809642200837466 0.00010809642200837466 0.00010809642200837466 0.00010809642200837466 0.00010809642200837466 0.00010809642200837466 0.00010809642200837466 0.00010809642200837466 0.00010809642200837466
5-144280715-A-G 0.9302260675411667 0.9302260675411667 0.00010809642200837466 0.9302260675411667 0.9302260675411667 0.9302260675411667 0.00010809642200837466 0.9302260675411667 0.9302260675411667 0.9302260675411667 0.9302260675411667 0.9302260675411667 0.9302260675411667 0.9302260675411667 0.9302260675411667 0.00010809642200837466 0.9302260675411667 0.9302260675411667 0.00010809642200837466 0.9302260675411667 0.00010809642200837466 0.00010809642200837466 0.9302260675411667 0.9302260675411667
19-56381524-T-G 0.9302260675411667 0.9302260675411667 0.9302260675411667 0.9302260675411667 0.9302260675411667 0.9302260675411667 0.9302260675411667 0.9302260675411667 0.00010809642200837466 0.9302260675411667 0.00010809642200837466 0.9302260675411667 0.9302260675411667 0.9302260675411667 0.9302260675411667 0.9302260675411667 0.9302260675411667 0.9302260675411667 0.9302260675411667 0.9302260675411667 0.9302260675411667 0.9302260675411667 0.9302260675411667 0.9302260675411667
2-124657058-G-A 0.00010809642200837466 0.00010809642200837466 0.00010809642200837466 0.00010809642200837466 0.00010809642200837466 0.00010809642200837466 0.00010809642200837466 0.00010809642200837466 0.00010809642200837466 0.00010809642200837466 0.00010809642200837466 0.9302260675411667 0.00010809642200837466 0.00010809642200837466 0.00010809642200837466 0.00010809642200837466 0.00010809642200837466 0.00010809642200837466 0.00010809642200837466 0.00010809642200837466 0.00010809642200837466 0.00010809642200837466 0.00010809642200837466 0.00010809642200837466
8-21724678-A-G 0.00010809642200837466 0.9302260675411667 0.9302260675411667 0.9302260675411667 0.9302260675411667 0.00010809642200837466 0.9302260675411667 0.9302260675411667 0.9302260675411667 0.9302260675411667 0.9302260675411667 0.9302260675411667 0.00010809642200837466 0.9302260675411667 0.00010809642200837466 0.9302260675411667 0.9302260675411667 0.9302260675411667 0.9302260675411667 0.9302260675411667 0.9302260675411667 0.9302260675411667 0.9302260675411667 0.9302260675411667
7-108422477-A-G 0.9302260675411667 0.9302260675411667 0.9302260675411667 0.9302260675411667 0.9302260675411667 0.9302260675411667 0.9302260675411667 0.9302260675411667 0.00010809642200837466 0.9302260675411667 0.00010809642200837466 0.9302260675411667 0.9302260675411667 0.9302260675411667 0.9302260675411667 0.9302260675411667 0.9302260675411667 0.9302260675411667 0.9302260675411667 0.9302260675411667 0.9302260675411667 0.9302260675411667 0.9302260675411667 0.9302260675411667
11-106868479-T-C 0.9302260675411667 0.00010809642200837466 0.9302260675411667 0.9302260675411667 0.9302260675411667 0.9302260675411667 0.00010809642200837466 0.9302260675411667 0.9302260675411667 0.9302260675411667 0.9302260675411667 0.9302260675411667 0.9302260675411667 0.9302260675411667 0.9302260675411667 0.9302260675411667 0.9302260675411667 0.9302260675411667 0.9302260675411667 0.9302260675411667 0.9302260675411667 0.9302260675411667 0.9302260675411667 0.9302260675411667
2-76840198-G-A 0.00010809642200837466 0.00010809642200837466 0.00010809642200837466 0.00010809642200837466 0.00010809642200837466 0.00010809642200837466 0.00010809642200837466 0.00010809642200837466 0.00010809642200837466 0.00010809642200837466 0.00010809642200837466 0.9302260675411667 0.00010809642200837466 0.00010809642200837466 0.00010809642200837466 0.00010809642200837466 0.00010809642200837466 0.00010809642200837466 0.00010809642200837466 0.00010809642200837466 0.00010809642200837466 0.00010809642200837466 0.00010809642200837466 0.00010809642200837466
8-96576313-C-A 0.00010809642200837466 0.00010809642200837466 0.00010809642200837466 0.00010809642200837466 0.00010809642200837466 0.00010809642200837466 0.00010809642200837466 0.00010809642200837466 0.00010809642200837466 0.00010809642200837466 0.00010809642200837466 0.00010809642200837466 0.00010809642200837466 0.00010809642200837466 0.00010809642200837466 0.00010809642200837466 0.00010809642200837466 0.00010809642200837466 0.9302260675411667 0.00010809642200837466 0.00010809642200837466 0.00010809642200837466 0.00010809642200837466 0.00010809642200837466
5-149754058-C-T 0.00010809642200837466 0.00010809642200837466 0.00010809642200837466 0.00010809642200837466 0.00010809642200837466 0.00010809642200837466 0.00010809642200837466 0.00010809642200837466 0.00010809642200837466 0.00010809642200837466 0.00010809642200837466 0.00010809642200837466 0.00010809642200837466 0.00010809642200837466 0.00010809642200837466 0.00010809642200837466 0.00010809642200837466 0.00010809642200837466 0.00010809642200837466 0.00010809642200837466 0.00010809642200837466 0.00010809642200837466 0.00010809642200837466 0.9302260675411667
12-116139225-C-A 0.9302260675411667 0.9302260675411667 0.9302260675411667 0.9302260675411667 0.9302260675411667 0.9302260675411667 0.9302260675411667 0.9302260675411667 0.9302260675411667 0.9302260675411667 0.9302260675411667 0.00010809642200837466 0.9302260675411667 0.9302260675411667 0.9302260675411667 0.9302260675411667 0.9302260675411667 0.9302260675411667 0.9302260675411667 0.9302260675411667 0.00010809642200837466 0.9302260675411667 0.9302260675411667 0.9302260675411667
16-81852613-G-C 0.00010809642200837466 0.9302260675411667 0.9302260675411667 0.9302260675411667 0.9302260675411667 0.00010809642200837466 0.9302260675411667 0.9302260675411667 0.00010809642200837466 0.9302260675411667 0.00010809642200837466 0.9302260675411667 0.00010809642200837466 0.9302260675411667 0.9302260675411667 0.9302260675411667 0.9302260675411667 0.00010809642200837466 0.9302260675411667 0.9302260675411667 0.9302260675411667 0.9302260675411667 0.00010809642200837466 0.9302260675411667
16-4628196-T-G 0.9302260675411667 0.9302260675411667 0.9302260675411667 0.9302260675411667 0.9302260675411667 0.9302260675411667 0.9302260675411667 0.9302260675411667 0.9302260675411667 0.9302260675411667 0.9302260675411667 0.9302260675411667 0.9302260675411667 0.00010809642200837466 0.9302260675411667 0.9302260675411667 0.9302260675411667 0.9302260675411667 0.9302260675411667 0.9302260675411667 0.9302260675411667 0.9302260675411667 0.9302260675411667 0.00010809642200837466
4-58286051-T-C 0.9302260675411667 0.9302260675411667 0.9302260675411667 0.9302260675411667 0.9302260675411667 0.9302260675411667 0.9302260675411667 0.9302260675411667 0.00010809642200837466 0.9302260675411667 0.00010809642200837466 0.9302260675411667 0.9302260675411667 0.9302260675411667 0.9302260675411667 0.9302260675411667 0.9302260675411667 0.9302260675411667 0.9302260675411667 0.9302260675411667 0.9302260675411667 0.9302260675411667 0.9302260675411667 0.9302260675411667
10-130363910-A-G 0.9302260675411667 0.9302260675411667 0.9302260675411667 0.9302260675411667 0.9302260675411667 0.9302260675411667 0.9302260675411667 0.9302260675411667 0.9302260675411667 0.9302260675411667 0.9302260675411667 0.9302260675411667 0.9302260675411667 0.00010809642200837466 0.9302260675411667 0.9302260675411667 0.9302260675411667 0.9302260675411667 0.9302260675411667 0.9302260675411667 0.9302260675411667 0.9302260675411667 0.9302260675411667 0.00010809642200837466
2-163204638-G-C 0.9302260675411667 0.9302260675411667 0.9302260675411667 0.9302260675411667 0.9302260675411667 0.9302260675411667 0.9302260675411667 0.9302260675411667 0.00010809642200837466 0.9302260675411667 0.00010809642200837466 0.9302260675411667 0.9302260675411667 0.9302260675411667 0.9302260675411667 0.9302260675411667 0.9302260675411667 0.9302260675411667 0.9302260675411667 0.9302260675411667 0.9302260675411667 0.9302260675411667 0.9302260675411667 0.9302260675411667
8-94587935-G-A 0.00010809642200837466 0.9302260675411667 0.9302260675411667 0.9302260675411667 0.9302260675411667 0.00010809642200837466 0.9302260675411667 0.9302260675411667 0.9302260675411667 0.9302260675411667 0.9302260675411667 0.9302260675411667 0.00010809642200837466 0.9302260675411667 0.9302260675411667 0.9302260675411667 0.9302260675411667 0.9302260675411667 0.9302260675411667 0.9302260675411667 0.9302260675411667 0.9302260675411667 0.9302260675411667 0.9302260675411667
12-79222026-G-T 0.9302260675411667 0.00010809642200837466 0.9302260675411667 0.9302260675411667 0.9302260675411667 0.9302260675411667 0.00010809642200837466 0.9302260675411667 0.9302260675411667 0.9302260675411667 0.9302260675411667 0.9302260675411667 0.9302260675411667 0.9302260675411667 0.9302260675411667 0.9302260675411667 0.9302260675411667 0.9302260675411667 0.9302260675411667 0.9302260675411667 0.9302260675411667 0.9302260675411667 0.9302260675411667 0.9302260675411667
2-151668404-T-G 0.9302260675411667 0.00010809642200837466 0.9302260675411667 0.9302260675411667 0.9302260675411667 0.9302260675411667 0.00010809642200837466 0.00010809642200837466 0.9302260675411667 0.00010809642200837466 0.9302260675411667 0.9302260675411667 0.9302260675411667 0.9302260675411667 0.9302260675411667 0.9302260675411667 0.9302260675411667 0.9302260675411667 0.9302260675411667 0.9302260675411667 0.9302260675411667 0.9302260675411667 0.9302260675411667 0.9302260675411667
7-142083848-C-G 0.9302260675411667 0.00010809642200837466 0.9302260675411667 0.9302260675411667 0.9302260675411667 0.9302260675411667 0.00010809642200837466 0.00010809642200837466 0.9302260675411667 0.00010809642200837466 0.9302260675411667 0.9302260675411667 0.9302260675411667 0.9302260675411667 0.9302260675411667 0.9302260675411667 0.9302260675411667 0.9302260675411667 0.9302260675411667 0.9302260675411667 0.9302260675411667 0.9302260675411667 0.9302260675411667 0.9302260675411667
11-67246261-A-T 0.00010809642200837466 0.9302260675411667 0.9302260675411667 0.9302260675411667 0.9302260675411667 0.00010809642200837466 0.9302260675411667 0.9302260675411667 0.9302260675411667 0.9302260675411667 0.9302260675411667 0.9302260675411667 0.00010809642200837466 0.9302260675411667 0.00010809642200837466 0.9302260675411667 0.9302260675411667 0.9302260675411667 0.9302260675411667 0.9302260675411667 0.9302260675411667 0.9302260675411667 0.00010809642200837466 0.9302260675411667
19-6853070-G-A 0.00010809642200837466 0.9302260675411667 0.9302260675411667 0.9302260675411667 0.9302260675411667 0.00010809642200837466 0.9302260675411667 0.9302260675411667 0.9302260675411667 0.9302260675411667 0.9302260675411667 0.9302260675411667 0.00010809642200837466 0.9302260675411667 0.9302260675411667 0.9302260675411667 0.9302260675411667 0.9302260675411667 0.9302260675411667 0.9302260675411667 0.9302260675411667 0.9302260675411667 0.9302260675411667 0.9302260675411667
3-53857868-T-C 0.9302260675411667 0.9302260675411667 0.9302260675411667 0.9302260675411667 0.9302260675411667 0.9302260675411667 0.9302260675411667 0.9302260675411667 0.9302260675411667 0.9302260675411667 0.9302260675411667 0.00010809642200837466 0.9302260675411667 0.9302260675411667 0.9302260675411667 0.9302260675411667 0.9302260675411667 0.9302260675411667 0.9302260675411667 0.9302260675411667 0.00010809642200837466 0.9302260675411667 0.9302260675411667 0.9302260675411667
5-144891377-A-G 0.00010809642200837466 0.00010809642200837466 0.9302260675411667 0.9302260675411667 0.00010809642200837466 0.00010809642200837466 0.9302260675411667 0.00010809642200837466 0.00010809642200837466 0.00010809642200837466 0.00010809642200837466 0.9302260675411667 0.00010809642200837466 0.9302260675411667 0.00010809642200837466 0.9302260675411667 0.9302260675411667 0.00010809642200837466 0.9302260675411667 0.9302260675411667 0.9302260675411667 0.9302260675411667 0.00010809642200837466 0.9302260675411667
15-101930750-A-C 0.9302260675411667 0.9302260675411667 0.9302260675411667 0.00010809642200837466 0.9302260675411667 0.9302260675411667 0.9302260675411667 0.9302260675411667 0.9302260675411667 0.9302260675411667 0.9302260675411667 0.9302260675411667 0.9302260675411667 0.9302260675411667 0.9302260675411667 0.9302260675411667 0.00010809642200837466 0.9302260675411667 0.9302260675411667 0.00010809642200837466 0.9302260675411667 0.9302260675411667 0.9302260675411667 0.9302260675411667
12-79239875-G-A 0.9302260675411667 0.9302260675411667 0.9302260675411667 0.00010809642200837466 0.9302260675411667 0.9302260675411667 0.9302260675411667 0.9302260675411667 0.9302260675411667 0.9302260675411667 0.9302260675411667 0.9302260675411667 0.9302260675411667 0.9302260675411667 0.9302260675411667 0.9302260675411667 0.00010809642200837466 0.9302260675411667 0.9302260675411667 0.00010809642200837466 0.9302260675411667 0.9302260675411667 0.9302260675411667 0.9302260675411667
16-37186653-T-A 0.9302260675411667 0.9302260675411667 0.9302260675411667 0.9302260675411667 0.9302260675411667 0.9302260675411667 0.00010809642200837466 0.9302260675411667 0.9302260675411667 0.9302260675411667 0.9302260675411667 0.9302260675411667 0.9302260675411667 0.9302260675411667 0.9302260675411667 0.00010809642200837466 0.9302260675411667 0.9302260675411667 0.9302260675411667 0.9302260675411667 0.9302260675411667 0.9302260675411667 0.9302260675411667 0.9302260675411667
11-67246261-A-T 0.00010809642200837466 0.9302260675411667 0.9302260675411667 0.9302260675411667 0.9302260675411667 0.00010809642200837466 0.9302260675411667 0.9302260675411667 0.9302260675411667 0.9302260675411667 0.9302260675411667 0.9302260675411667 0.00010809642200837466 0.9302260675411667 0.00010809642200837466 0.9302260675411667 0.9302260675411667 0.9302260675411667 0.9302260675411667 0.9302260675411667 0.9302260675411667 0.9302260675411667 0.00010809642200837466 0.9302260675411667
9-9833400-T-A 0.9302260675411667 0.9302260675411667 0.9302260675411667 0.9302260675411667 0.9302260675411667 0.9302260675411667 0.9302260675411667 0.9302260675411667 0.9302260675411667 0.9302260675411667 0.9302260675411667 0.00010809642200837466 0.9302260675411667 0.9302260675411667 0.9302260675411667 0.9302260675411667 0.9302260675411667 0.9302260675411667 0.9302260675411667 0.9302260675411667 0.00010809642200837466 0.9302260675411667 0.9302260675411667 0.9302260675411667
14-47551320-C-T 0.9302260675411667 0.00010809642200837466 0.9302260675411667 0.9302260675411667 0.9302260675411667 0.9302260675411667 0.00010809642200837466 0.9302260675411667 0.9302260675411667 0.9302260675411667 0.9302260675411667 0.9302260675411667 0.9302260675411667 0.9302260675411667 0.9302260675411667 0.9302260675411667 0.9302260675411667 0.9302260675411667 0.9302260675411667 0.9302260675411667 0.9302260675411667 0.9302260675411667 0.9302260675411667 0.9302260675411667
4-109378135-A-C 0.9302260675411667 0.9302260675411667 0.9302260675411667 0.9302260675411667 0.9302260675411667 0.9302260675411667 0.9302260675411667 0.9302260675411667 0.9302260675411667 0.9302260675411667 0.9302260675411667 0.00010809642200837466 0.9302260675411667 0.9302260675411667 0.9302260675411667 0.9302260675411667 0.9302260675411667 0.9302260675411667 0.9302260675411667 0.9302260675411667 0.00010809642200837466 0.9302260675411667 0.9302260675411667 0.9302260675411667
15-35072956-A-C 0.9302260675411667 0.9302260675411667 0.9302260675411667 0.9302260675411667 0.9302260675411667 0.9302260675411667 0.9302260675411667 0.9302260675411667 0.00010809642200837466 0.9302260675411667 0.00010809642200837466 0.9302260675411667 0.9302260675411667 0.9302260675411667 0.9302260675411667 0.9302260675411667 0.9302260675411667 0.9302260675411667 0.9302260675411667 0.9302260675411667 0.9302260675411667 0.9302260675411667 0.9302260675411667 0.9302260675411667
6-32692782-G-A 0.9302260675411667 0.00010809642200837466 0.00010809642200837466 0.00010809642200837466 0.00010809642200837466 0.9302260675411667 0.00010809642200837466 0.00010809642200837466 0.00010809642200837466 0.00010809642200837466 0.00010809642200837466 0.00010809642200837466 0.9302260675411667 0.00010809642200837466 0.9302260675411667 0.00010809642200837466 0.00010809642200837466 0.00010809642200837466 0.00010809642200837466 0.00010809642200837466 0.00010809642200837466 0.00010809642200837466 0.00010809642200837466 0.00010809642200837466
5-138261091-C-T 0.00010809642200837466 0.00010809642200837466 0.00010809642200837466 0.00010809642200837466 0.00010809642200837466 0.00010809642200837466 0.00010809642200837466 0.00010809642200837466 0.00010809642200837466 0.00010809642200837466 0.00010809642200837466 0.9302260675411667 0.00010809642200837466 0.00010809642200837466 0.00010809642200837466 0.00010809642200837466 0.00010809642200837466 0.00010809642200837466 0.00010809642200837466 0.00010809642200837466 0.00010809642200837466 0.00010809642200837466 0.00010809642200837466 0.9302260675411667
13-23710640-C-T 0.00010809642200837466 0.00010809642200837466 0.00010809642200837466 0.00010809642200837466 0.00010809642200837466 0.00010809642200837466 0.00010809642200837466 0.00010809642200837466 0.00010809642200837466 0.00010809642200837466 0.00010809642200837466 0.00010809642200837466 0.00010809642200837466 0.00010809642200837466 0.00010809642200837466 0.00010809642200837466 0.00010809642200837466 0.00010809642200837466 0.00010809642200837466 0.00010809642200837466 0.00010809642200837466 0.00010809642200837466 0.00010809642200837466 0.9302260675411667
3-127813137-G-A 0.00010809642200837466 0.9302260675411667 0.9302260675411667 0.9302260675411667 0.9302260675411667 0.00010809642200837466 0.9302260675411667 0.9302260675411667 0.00010809642200837466 0.9302260675411667 0.00010809642200837466 0.9302260675411667 0.00010809642200837466 0.9302260675411667 0.00010809642200837466 0.9302260675411667 0.9302260675411667 0.00010809642200837466 0.9302260675411667 0.9302260675411667 0.9302260675411667 0.9302260675411667 0.00010809642200837466 0.9302260675411667
4-40260770-T-C 0.9302260675411667 0.9302260675411667 0.9302260675411667 0.9302260675411667 0.9302260675411667 0.9302260675411667 0.9302260675411667 0.9302260675411667 0.9302260675411667 0.9302260675411667 0.9302260675411667 0.00010809642200837466 0.9302260675411667 0.9302260675411667 0.9302260675411667 0.9302260675411667 0.9302260675411667 0.9302260675411667 0.9302260675411667 0.9302260675411667 0.00010809642200837466 0.9302260675411667 0.9302260675411667 0.9302260675411667
15-102921457-C-G 0.9302260675411667 0.00010809642200837466 0.9302260675411667 0.9302260675411667 0.9302260675411667 0.9302260675411667 0.00010809642200837466 0.9302260675411667 0.9302260675411667 0.9302260675411667 0.9302260675411667 0.9302260675411667 0.9302260675411667 0.9302260675411667 0.9302260675411667 0.9302260675411667 0.9302260675411667 0.9302260675411667 0.9302260675411667 0.9302260675411667 0.9302260675411667 0.9302260675411667 0.9302260675411667 0.9302260675411667
15-82179575-C-T 0.00010809642200837466 0.9302260675411667 0.9302260675411667 0.9302260675411667 0.9302260675411667 0.00010809642200837466 0.9302260675411667 0.9302260675411667 0.9302260675411667 0.9302260675411667 0.9302260675411667 0.9302260675411667 0.00010809642200837466 0.9302260675411667 0.00010809642200837466 0.9302260675411667 0.9302260675411667 0.9302260675411667 0.9302260675411667 0.9302260675411667 0.9302260675411667 0.9302260675411667 0.9302260675411667 0.9302260675411667
1-60386897-T-G 0.9302260675411667 0.9302260675411667 0.9302260675411667 0.9302260675411667 0.9302260675411667 0.9302260675411667 0.9302260675411667 0.9302260675411667 0.00010809642200837466 0.9302260675411667 0.00010809642200837466 0.9302260675411667 0.9302260675411667 0.9302260675411667 0.9302260675411667 0.9302260675411667 0.9302260675411667 0.9302260675411667 0.9302260675411667 0.9302260675411667 0.9302260675411667 0.9302260675411667 0.9302260675411667 0.9302260675411667
2-80132584-A-T 0.00010809642200837466 0.00010809642200837466 0.00010809642200837466 0.00010809642200837466 0.00010809642200837466 0.00010809642200837466 0.00010809642200837466 0.00010809642200837466 0.00010809642200837466 0.00010809642200837466 0.00010809642200837466 0.9302260675411667 0.00010809642200837466 0.00010809642200837466 0.00010809642200837466 0.00010809642200837466 0.00010809642200837466 0.00010809642200837466 0.00010809642200837466 0.00010809642200837466 0.00010809642200837466 0.00010809642200837466 0.00010809642200837466 0.00010809642200837466
8-124550286-G-C 0.00010809642200837466 0.9302260675411667 0.9302260675411667 0.9302260675411667 0.9302260675411667 0.00010809642200837466 0.9302260675411667 0.9302260675411667 0.00010809642200837466 0.9302260675411667 0.00010809642200837466 0.9302260675411667 0.00010809642200837466 0.9302260675411667 0.00010809642200837466 0.9302260675411667 0.9302260675411667 0.00010809642200837466 0.9302260675411667 0.9302260675411667 0.9302260675411667 0.9302260675411667 0.00010809642200837466 0.9302260675411667
7-46274488-C-T 0.9302260675411667 0.00010809642200837466 0.9302260675411667 0.9302260675411667 0.9302260675411667 0.9302260675411667 0.00010809642200837466 0.00010809642200837466 0.9302260675411667 0.00010809642200837466 0.9302260675411667 0.9302260675411667 0.9302260675411667 0.9302260675411667 0.9302260675411667 0.9302260675411667 0.9302260675411667 0.9302260675411667 0.9302260675411667 0.9302260675411667 0.9302260675411667 0.9302260675411667 0.9302260675411667 0.9302260675411667
5-86496738-T-A 0.9302260675411667 0.9302260675411667 0.9302260675411667 0.9302260675411667 0.9302260675411667 0.9302260675411667 0.9302260675411667 0.9302260675411667 0.9302260675411667 0.9302260675411667 0.9302260675411667 0.00010809642200837466 0.9302260675411667 0.9302260675411667 0.9302260675411667 0.9302260675411667 0.9302260675411667 0.9302260675411667 0.9302260675411667 0.9302260675411667 0.00010809642200837466 0.9302260675411667 0.9302260675411667 0.9302260675411667
4-8844788-T-G 0.9302260675411667 0.9302260675411667 0.9302260675411667 0.9302260675411667 0.9302260675411667 0.9302260675411667 0.9302260675411667 0.9302260675411667 0.00010809642200837466 0.9302260675411667 0.00010809642200837466 0.9302260675411667 0.9302260675411667 0.9302260675411667 0.9302260675411667 0.9302260675411667 0.9302260675411667 0.9302260675411667 0.9302260675411667 0.9302260675411667 0.9302260675411667 0.9302260675411667 0.9302260675411667 0.9302260675411667
16-45427871-C-G 0.9302260675411667 0.9302260675411667 0.9302260675411667 0.9302260675411667 0.9302260675411667 0.9302260675411667 0.9302260675411667 0.9302260675411667 0.00010809642200837466 0.9302260675411667 0.00010809642200837466 0.9302260675411667 0.9302260675411667 0.9302260675411667 0.9302260675411667 0.9302260675411667 0.9302260675411667 0.9302260675411667 0.9302260675411667 0.9302260675411667 0.9302260675411667 0.9302260675411667 0.9302260675411667 0.9302260675411667
10-123430731-A-G 0.9302260675411667 0.9302260675411667 0.9302260675411667 0.9302260675411667 0.9302260675411667 0.9302260675411667 0.9302260675411667 0.9302260675411667 0.9302260675411667 0.9302260675411667 0.9302260675411667 0.9302260675411667 0.9302260675411667 0.00010809642200837466 0.9302260675411667 0.9302260675411667 0.9302260675411667 0.9302260675411667 0.9302260675411667 0.9302260675411667 0.9302260675411667 0.9302260675411667 0.9302260675411667 0.00010809642200837466
15-99631071-T-A 0.9302260675411667 0.00010809642200837466 0.9302260675411667 0.9302260675411667 0.9302260675411667 0.9302260675411667 0.00010809642200837466 0.9302260675411667 0.9302260675411667 0.9302260675411667 0.9302260675411667 0.9302260675411667 0.9302260675411667 0.9302260675411667 0.9302260675411667 0.9302260675411667 0.9302260675411667 0.9302260675411667 0.9302260675411667 0.9302260675411667 0.9302260675411667 0.9302260675411667 0.9302260675411667 0.9302260675411667
11-94704347-G-C 0.00010809642200837466 0.9302260675411667 0.9302260675411667 0.9302260675411667 0.9302260675411667 0.9302260675411667 0.9302260675411667 0.9302260675411667 0.9302260675411667 0.9302260675411667 0.9302260675411667 0.9302260675411667 0.00010809642200837466 0.9302260675411667 0.9302260675411667 0.9302260675411667 0.9302260675411667 0.9302260675411667 0.9302260675411667 0.9302260675411667 0.9302260675411667 0.9302260675411667 0.9302260675411667 0.9302260675411667
11-110212463-T-A 0.00010809642200837466 0.9302260675411667 0.9302260675411667 0.9302260675411667 0.9302260675411667 0.00010809642200837466 0.9302260675411667 0.9302260675411667 0.9302260675411667 0.9302260675411667 0.9302260675411667 0.9302260675411667 0.00010809642200837466 0.9302260675411667 0.00010809642200837466 0.9302260675411667 0.9302260675411667 0.9302260675411667 0.9302260675411667 0.9302260675411667 0.9302260675411667 0.9302260675411667 0.9302260675411667 0.9302260675411667
5-89441696-C-T 0.00010809642200837466 0.00010809642200837466 0.00010809642200837466 0.00010809642200837466 0.00010809642200837466 0.00010809642200837466 0.00010809642200837466 0.00010809642200837466 0.00010809642200837466 0.00010809642200837466 0.00010809642200837466 0.00010809642200837466 0.00010809642200837466 0.00010809642200837466 0.00010809642200837466 0.00010809642200837466 0.00010809642200837466 0.00010809642200837466 0.00010809642200837466 0.00010809642200837466 0.00010809642200837466 0.00010809642200837466 0.00010809642200837466 0.9302260675411667
2-70750633-C-T 0.9302260675411667 0.00010809642200837466 0.9302260675411667 0.9302260675411667 0.9302260675411667 0.9302260675411667 0.00010809642200837466 0.9302260675411667 0.9302260675411667 0.9302260675411667 0.9302260675411667 0.9302260675411667 0.9302260675411667 0.9302260675411667 0.9302260675411667 0.9302260675411667 0.9302260675411667 0.9302260675411667 0.9302260675411667 0.9302260675411667 0.9302260675411667 0.9302260675411667 0.9302260675411667 0.9302260675411667
2-92943209-G-A 0.00010809642200837466 0.00010809642200837466 0.00010809642200837466 0.00010809642200837466 0.00010809642200837466 0.00010809642200837466 0.00010809642200837466 0.00010809642200837466 0.00010809642200837466 0.00010809642200837466 0.00010809642200837466 0.9302260675411667 0.00010809642200837466 0.00010809642200837466 0.00010809642200837466 0.00010809642200837466 0.00010809642200837466 0.00010809642200837466 0.00010809642200837466 0.00010809642200837466 0.00010809642200837466 0.00010809642200837466 0.00010809642200837466 0.00010809642200837466
7-95960268-A-T 0.9302260675411667 0.9302260675411667 0.9302260675411667 0.9302260675411667 0.9302260675411667 0.9302260675411667 0.9302260675411667 0.9302260675411667 0.9302260675411667 0.9302260675411667 0.9302260675411667 0.00010809642200837466 0.9302260675411667 0.9302260675411667 0.9302260675411667 0.9302260675411667 0.9302260675411667 0.9302260675411667 0.00010809642200837466 0.9302260675411667 0.00010809642200837466 0.00010809642200837466 0.9302260675411667 0.9302260675411667
9-45328828-A-T 0.9302260675411667 0.9302260675411667 0.9302260675411667 0.9302260675411667 0.9302260675411667 0.9302260675411667 0.9302260675411667 0.9302260675411667 0.00010809642200837466 0.9302260675411667 0.00010809642200837466 0.9302260675411667 0.9302260675411667 0.9302260675411667 0.9302260675411667 0.9302260675411667 0.9302260675411667 0.9302260675411667 0.9302260675411667 0.9302260675411667 0.9302260675411667 0.9302260675411667 0.9302260675411667 0.9302260675411667
14-50361892-T-G 0.9302260675411667 0.00010809642200837466 0.9302260675411667 0.9302260675411667 0.9302260675411667 0.9302260675411667 0.00010809642200837466 0.9302260675411667 0.9302260675411667 0.9302260675411667 0.9302260675411667 0.9302260675411667 0.9302260675411667 0.9302260675411667 0.9302260675411667 0.9302260675411667 0.9302260675411667 0.9302260675411667 0.9302260675411667 0.9302260675411667 0.9302260675411667 0.9302260675411667 0.9302260675411667 0.9302260675411667
8-72757323-C-G 0.00010809642200837466 0.9302260675411667 0.9302260675411667 0.9302260675411667 0.9302260675411667 0.9302260675411667 0.9302260675411667 0.9302260675411667 0.9302260675411667 0.9302260675411667 0.9302260675411667 0.9302260675411667 0.00010809642200837466 0.9302260675411667 0.9302260675411667 0.9302260675411667 0.9302260675411667 0.9302260675411667 0.9302260675411667 0.9302260675411667 0.9302260675411667 0.9302260675411667 0.9302260675411667 0.9302260675411667
2-153781180-T-G 0.00010809642200837466 0.00010809642200837466 0.00010809642200837466 0.00010809642200837466 0.00010809642200837466 0.00010809642200837466 0.00010809642200837466 0.00010809642200837466 0.00010809642200837466 0.00010809642200837466 0.00010809642200837466 0.9302260675411667 0.00010809642200837466 0.00010809642200837466 0.00010809642200837466 0.00010809642200837466 0.00010809642200837466 0.00010809642200837466 0.00010809642200837466 0.00010809642200837466 0.00010809642200837466 0.00010809642200837466 0.00010809642200837466 0.00010809642200837466
8-111940919-C-G 0.9302260675411667 0.00010809642200837466 0.9302260675411667 0.9302260675411667 0.9302260675411667 0.9302260675411667 0.00010809642200837466 0.00010809642200837466 0.9302260675411667 0.00010809642200837466 0.9302260675411667 0.9302260675411667 0.9302260675411667 0.9302260675411667 0.9302260675411667 0.9302260675411667 0.9302260675411667 0.9302260675411667 0.9302260675411667 0.9302260675411667 0.9302260675411667 0.9302260675411667 0.9302260675411667 0.9302260675411667
5-44473259-T-C 0.9302260675411667 0.9302260675411667 0.9302260675411667 0.9302260675411667 0.9302260675411667 0.9302260675411667 0.9302260675411667 0.9302260675411667 0.9302260675411667 0.9302260675411667 0.9302260675411667 0.9302260675411667 0.9302260675411667 0.00010809642200837466 0.9302260675411667 0.9302260675411667 0.9302260675411667 0.9302260675411667 0.9302260675411667 0.9302260675411667 0.9302260675411667 0.9302260675411667 0.9302260675411667 0.00010809642200837466
3-14606238-A-C 0.9302260675411667 0.9302260675411667 0.9302260675411667 0.00010809642200837466 0.9302260675411667 0.9302260675411667 0.9302260675411667 0.9302260675411667 0.9302260675411667 0.9302260675411667 0.9302260675411667 0.9302260675411667 0.9302260675411667 0.9302260675411667 0.9302260675411667 0.9302260675411667 0.00010809642200837466 0.9302260675411667 0.9302260675411667 0.00010809642200837466 0.9302260675411667 0.9302260675411667 0.9302260675411667 0.9302260675411667
13-31579987-T-G 0.9302260675411667 0.9302260675411667 0.9302260675411667 0.9302260675411667 0.9302260675411667 0.9302260675411667 0.9302260675411667 0.9302260675411667 0.00010809642200837466 0.9302260675411667 0.00010809642200837466 0.9302260675411667 0.9302260675411667 0.9302260675411667 0.9302260675411667 0.9302260675411667 0.9302260675411667 0.9302260675411667 0.9302260675411667 0.9302260675411667 0.9302260675411667 0.9302260675411667 0.9302260675411667 0.9302260675411667
8-77217680-C-T 0.9302260675411667 0.9302260675411667 0.9302260675411667 0.9302260675411667 0.9302260675411667 0.9302260675411667 0.9302260675411667 0.9302260675411667 0.00010809642200837466 0.9302260675411667 0.00010809642200837466 0.9302260675411667 0.9302260675411667 0.9302260675411667 0.9302260675411667 0.9302260675411667 0.9302260675411667 0.9302260675411667 0.9302260675411667 0.9302260675411667 0.9302260675411667 0.9302260675411667 0.9302260675411667 0.9302260675411667
5-90891590-T-G 0.9302260675411667 0.9302260675411667 0.9302260675411667 0.9302260675411667 0.9302260675411667 0.9302260675411667 0.9302260675411667 0.9302260675411667 0.9302260675411667 0.9302260675411667 0.9302260675411667 0.00010809642200837466 0.9302260675411667 0.9302260675411667 0.9302260675411667 0.9302260675411667 0.9302260675411667 0.9302260675411667 0.9302260675411667 0.9302260675411667 0.00010809642200837466 0.9302260675411667 0.9302260675411667 0.9302260675411667
1-135454373-T-C 0.00010809642200837466 0.9302260675411667 0.9302260675411667 0.9302260675411667 0.9302260675411667 0.00010809642200837466 0.9302260675411667 0.9302260675411667 0.9302260675411667 0.9302260675411667 0.9302260675411667 0.9302260675411667 0.00010809642200837466 0.9302260675411667 0.9302260675411667 0.9302260675411667 0.9302260675411667 0.9302260675411667 0.9302260675411667 0.9302260675411667 0.9302260675411667 0.9302260675411667 0.9302260675411667 0.9302260675411667
11-26459822-G-A 0.00010809642200837466 0.9302260675411667 0.9302260675411667 0.9302260675411667 0.9302260675411667 0.00010809642200837466 0.9302260675411667 0.9302260675411667 0.9302260675411667 0.9302260675411667 0.9302260675411667 0.9302260675411667 0.00010809642200837466 0.9302260675411667 0.9302260675411667 0.9302260675411667 0.9302260675411667 0.9302260675411667 0.9302260675411667 0.9302260675411667 0.9302260675411667 0.9302260675411667 0.9302260675411667 0.9302260675411667
5-113817295-G-C 0.9302260675411667 0.9302260675411667 0.9302260675411667 0.9302260675411667 0.9302260675411667 0.9302260675411667 0.9302260675411667 0.9302260675411667 0.9302260675411667 0.9302260675411667 0.9302260675411667 0.9302260675411667 0.9302260675411667 0.00010809642200837466 0.9302260675411667 0.9302260675411667 0.9302260675411667 0.9302260675411667 0.9302260675411667 0.9302260675411667 0.9302260675411667 0.9302260675411667 0.9302260675411667 0.00010809642200837466
4-144362995-A-C 0.9302260675411667 0.00010809642200837466 0.9302260675411667 0.9302260675411667 0.9302260675411667 0.9302260675411667 0.00010809642200837466 0.9302260675411667 0.9302260675411667 0.9302260675411667 0.9302260675411667 0.9302260675411667 0.9302260675411667 0.9302260675411667 0.9302260675411667 0.9302260675411667 0.9302260675411667 0.9302260675411667 0.9302260675411667 0.9302260675411667 0.9302260675411667 0.9302260675411667 0.9302260675411667 0.9302260675411667
2-125361033-G-T 0.00010809642200837466 0.00010809642200837466 0.00010809642200837466 0.00010809642200837466 0.00010809642200837466 0.00010809642200837466 0.00010809642200837466 0.00010809642200837466 0.00010809642200837466 0.00010809642200837466 0.00010809642200837466 0.9302260675411667 0.00010809642200837466 0.00010809642200837466 0.00010809642200837466 0.00010809642200837466 0.00010809642200837466 0.00010809642200837466 0.00010809642200837466 0.00010809642200837466 0.00010809642200837466 0.00010809642200837466 0.00010809642200837466 0.00010809642200837466
13-103753116-T-G 0.9302260675411667 0.9302260675411667 0.9302260675411667 0.00010809642200837466 0.9302260675411667 0.9302260675411667 0.9302260675411667 0.9302260675411667 0.9302260675411667 0.9302260675411667 0.9302260675411667 0.9302260675411667 0.9302260675411667 0.9302260675411667 0.9302260675411667 0.9302260675411667 0.00010809642200837466 0.9302260675411667 0.9302260675411667 0.00010809642200837466 0.9302260675411667 0.9302260675411667 0.9302260675411667 0.9302260675411667
4-118480518-T-A 0.00010809642200837466 0.9302260675411667 0.9302260675411667 0.9302260675411667 0.9302260675411667 0.00010809642200837466 0.9302260675411667 0.9302260675411667 0.9302260675411667 0.9302260675411667 0.9302260675411667 0.9302260675411667 0.00010809642200837466 0.9302260675411667 0.00010809642200837466 0.9302260675411667 0.9302260675411667 0.9302260675411667 0.9302260675411667 0.9302260675411667 0.9302260675411667 0.9302260675411667 0.9302260675411667 0.9302260675411667
15-7884257-T-A 0.9302260675411667 0.9302260675411667 0.9302260675411667 0.9302260675411667 0.9302260675411667 0.9302260675411667 0.9302260675411667 0.9302260675411667 0.9302260675411667 0.9302260675411667 0.9302260675411667 0.00010809642200837466 0.9302260675411667 0.9302260675411667 0.9302260675411667 0.9302260675411667 0.9302260675411667 0.9302260675411667 0.00010809642200837466 0.9302260675411667 0.00010809642200837466 0.00010809642200837466 0.9302260675411667 0.9302260675411667
13-83600206-C-T 0.9302260675411667 0.9302260675411667 0.9302260675411667 0.9302260675411667 0.9302260675411667 0.9302260675411667 0.9302260675411667 0.9302260675411667 0.9302260675411667 0.9302260675411667 0.9302260675411667 0.00010809642200837466 0.9302260675411667 0.9302260675411667 0.9302260675411667 0.9302260675411667 0.9302260675411667 0.9302260675411667 0.9302260675411667 0.9302260675411667 0.00010809642200837466 0.9302260675411667 0.9302260675411667 0.9302260675411667
8-82068942-T-A 0.00010809642200837466 0.9302260675411667 0.9302260675411667 0.9302260675411667 0.9302260675411667 0.00010809642200837466 0.9302260675411667 0.9302260675411667 0.9302260675411667 0.9302260675411667 0.9302260675411667 0.9302260675411667 0.00010809642200837466 0.9302260675411667 0.00010809642200837466 0.9302260675411667 0.9302260675411667 0.9302260675411667 0.9302260675411667 0.9302260675411667 0.9302260675411667 0.9302260675411667 0.9302260675411667 0.9302260675411667
15-93248255-A-G 0.00010809642200837466 0.9302260675411667 0.00010809642200837466 0.00010809642200837466 0.00010809642200837466 0.00010809642200837466 0.00010809642200837466 0.9302260675411667 0.00010809642200837466 0.9302260675411667 0.00010809642200837466 0.00010809642200837466 0.00010809642200837466 0.00010809642200837466 0.00010809642200837466 0.00010809642200837466 0.00010809642200837466 0.00010809642200837466 0.00010809642200837466 0.00010809642200837466 0.00010809642200837466 0.00010809642200837466 0.00010809642200837466 0.00010809642200837466
1-145165024-A-C 0.9302260675411667 0.00010809642200837466 0.9302260675411667 0.9302260675411667 0.9302260675411667 0.9302260675411667 0.00010809642200837466 0.9302260675411667 0.9302260675411667 0.9302260675411667 0.9302260675411667 0.9302260675411667 0.9302260675411667 0.9302260675411667 0.9302260675411667 0.9302260675411667 0.9302260675411667 0.9302260675411667 0.9302260675411667 0.9302260675411667 0.9302260675411667 0.9302260675411667 0.9302260675411667 0.9302260675411667
13-59632930-G-A 0.00010809642200837466 0.9302260675411667 0.9302260675411667 0.9302260675411667 0.9302260675411667 0.9302260675411667 0.9302260675411667 0.9302260675411667 0.9302260675411667 0.9302260675411667 0.9302260675411667 0.9302260675411667 0.00010809642200837466 0.9302260675411667 0.9302260675411667 0.9302260675411667 0.9302260675411667 0.9302260675411667 0.9302260675411667 0.9302260675411667 0.9302260675411667 0.9302260675411667 0.9302260675411667 0.9302260675411667
10-123430731-A-G 0.9302260675411667 0.9302260675411667 0.9302260675411667 0.9302260675411667 0.9302260675411667 0.9302260675411667 0.9302260675411667 0.9302260675411667 0.9302260675411667 0.9302260675411667 0.9302260675411667 0.9302260675411667 0.9302260675411667 0.00010809642200837466 0.9302260675411667 0.9302260675411667 0.9302260675411667 0.9302260675411667 0.9302260675411667 0.9302260675411667 0.9302260675411667 0.9302260675411667 0.9302260675411667 0.00010809642200837466
11-58435386-T-C 0.9302260675411667 0.9302260675411667 0.9302260675411667 0.9302260675411667 0.9302260675411667 0.9302260675411667 0.9302260675411667 0.9302260675411667 0.00010809642200837466 0.9302260675411667 0.00010809642200837466 0.9302260675411667 0.9302260675411667 0.9302260675411667 0.9302260675411667 0.9302260675411667 0.9302260675411667 0.9302260675411667 0.9302260675411667 0.9302260675411667 0.9302260675411667 0.9302260675411667 0.9302260675411667 0.9302260675411667
19-40579937-T-C 0.00010809642200837466 0.00010809642200837466 0.00010809642200837466 0.00010809642200837466 0.00010809642200837466 0.00010809642200837466 0.00010809642200837466 0.00010809642200837466 0.00010809642200837466 0.00010809642200837466 0.00010809642200837466 0.00010809642200837466 0.00010809642200837466 0.00010809642200837466 0.00010809642200837466 0.00010809642200837466 0.00010809642200837466 0.9302260675411667 0.00010809642200837466 0.00010809642200837466 0.00010809642200837466 0.00010809642200837466 0.00010809642200837466 0.00010809642200837466
17-32674342-A-G 0.9302260675411667 0.9302260675411667 0.9302260675411667 0.9302260675411667 0.9302260675411667 0.9302260675411667 0.9302260675411667 0.9302260675411667 0.00010809642200837466 0.9302260675411667 0.00010809642200837466 0.9302260675411667 0.9302260675411667 0.9302260675411667 0.9302260675411667 0.9302260675411667 0.9302260675411667 0.9302260675411667 0.9302260675411667 0.9302260675411667 0.9302260675411667 0.9302260675411667 0.9302260675411667 0.9302260675411667
11-59051816-A-G 0.9302260675411667 0.9302260675411667 0.9302260675411667 0.9302260675411667 0.9302260675411667 0.9302260675411667 0.9302260675411667 0.9302260675411667 0.9302260675411667 0.9302260675411667 0.9302260675411667 0.00010809642200837466 0.9302260675411667 0.9302260675411667 0.9302260675411667 0.9302260675411667 0.9302260675411667 0.9302260675411667 0.9302260675411667 0.9302260675411667 0.00010809642200837466 0.9302260675411667 0.9302260675411667 0.9302260675411667
14-73365750-A-G 0.00010809642200837466 0.00010809642200837466 0.00010809642200837466 0.00010809642200837466 0.00010809642200837466 0.00010809642200837466 0.00010809642200837466 0.00010809642200837466 0.00010809642200837466 0.00010809642200837466 0.9302260675411667 0.00010809642200837466 0.00010809642200837466 0.00010809642200837466 0.00010809642200837466 0.00010809642200837466 0.00010809642200837466 0.9302260675411667 0.00010809642200837466 0.00010809642200837466 0.00010809642200837466 0.00010809642200837466 0.00010809642200837466 0.00010809642200837466
7-33373773-T-C 0.9302260675411667 0.9302260675411667 0.9302260675411667 0.9302260675411667 0.9302260675411667 0.9302260675411667 0.9302260675411667 0.9302260675411667 0.00010809642200837466 0.9302260675411667 0.00010809642200837466 0.9302260675411667 0.9302260675411667 0.9302260675411667 0.9302260675411667 0.9302260675411667 0.9302260675411667 0.9302260675411667 0.9302260675411667 0.9302260675411667 0.9302260675411667 0.9302260675411667 0.9302260675411667 0.9302260675411667
2-85062962-G-A 0.00010809642200837466 0.00010809642200837466 0.00010809642200837466 0.00010809642200837466 0.00010809642200837466 0.00010809642200837466 0.00010809642200837466 0.00010809642200837466 0.00010809642200837466 0.00010809642200837466 0.00010809642200837466 0.9302260675411667 0.00010809642200837466 0.00010809642200837466 0.00010809642200837466 0.00010809642200837466 0.00010809642200837466 0.00010809642200837466 0.00010809642200837466 0.00010809642200837466 0.00010809642200837466 0.00010809642200837466 0.00010809642200837466 0.00010809642200837466
13-56627880-C-G 0.9302260675411667 0.9302260675411667 0.9302260675411667 0.9302260675411667 0.9302260675411667 0.9302260675411667 0.9302260675411667 0.9302260675411667 0.00010809642200837466 0.9302260675411667 0.00010809642200837466 0.9302260675411667 0.9302260675411667 0.9302260675411667 0.9302260675411667 0.9302260675411667 0.9302260675411667 0.9302260675411667 0.9302260675411667 0.9302260675411667 0.9302260675411667 0.9302260675411667 0.9302260675411667 0.9302260675411667
1-21349996-A-C 0.9302260675411667 0.9302260675411667 0.9302260675411667 0.9302260675411667 0.9302260675411667 0.9302260675411667 0.9302260675411667 0.9302260675411667 0.00010809642200837466 0.9302260675411667 0.00010809642200837466 0.9302260675411667 0.9302260675411667 0.9302260675411667 0.9302260675411667 0.9302260675411667 0.9302260675411667 0.9302260675411667 0.9302260675411667 0.9302260675411667 0.9302260675411667 0.9302260675411667 0.9302260675411667 0.9302260675411667
6-70130431-A-C 0.9302260675411667 0.00010809642200837466 0.00010809642200837466 0.00010809642200837466 0.00010809642200837466 0.9302260675411667 0.00010809642200837466 0.00010809642200837466 0.00010809642200837466 0.00010809642200837466 0.00010809642200837466 0.00010809642200837466 0.9302260675411667 0.00010809642200837466 0.9302260675411667 0.00010809642200837466 0.00010809642200837466 0.00010809642200837466 0.00010809642200837466 0.00010809642200837466 0.00010809642200837466 0.00010809642200837466 0.00010809642200837466 0.00010809642200837466
15-76247923-A-G 0.9302260675411667 0.9302260675411667 0.9302260675411667 0.9302260675411667 0.9302260675411667 0.9302260675411667 0.9302260675411667 0.9302260675411667 0.9302260675411667 0.9302260675411667 0.9302260675411667 0.00010809642200837466 0.9302260675411667 0.9302260675411667 0.9302260675411667 0.9302260675411667 0.9302260675411667 0.9302260675411667 0.9302260675411667 0.9302260675411667 0.00010809642200837466 0.9302260675411667 0.9302260675411667 0.9302260675411667
11-65195047-A-C 0.9302260675411667 0.9302260675411667 0.9302260675411667 0.9302260675411667 0.9302260675411667 0.9302260675411667 0.9302260675411667 0.9302260675411667 0.9302260675411667 0.9302260675411667 0.9302260675411667 0.00010809642200837466 0.9302260675411667 0.9302260675411667 0.9302260675411667 0.9302260675411667 0.9302260675411667 0.9302260675411667 0.9302260675411667 0.9302260675411667 0.00010809642200837466 0.9302260675411667 0.9302260675411667 0.9302260675411667
6-57209914-T-C 0.9302260675411667 0.9302260675411667 0.9302260675411667 0.9302260675411667 0.9302260675411667 0.9302260675411667 0.9302260675411667 0.9302260675411667 0.00010809642200837466 0.9302260675411667 0.00010809642200837466 0.9302260675411667 0.9302260675411667 0.9302260675411667 0.9302260675411667 0.9302260675411667 0.9302260675411667 0.9302260675411667 0.9302260675411667 0.9302260675411667 0.9302260675411667 0.9302260675411667 0.00010809642200837466 0.9302260675411667
11-71217264-C-G 0.00010809642200837466 0.9302260675411667 0.9302260675411667 0.9302260675411667 0.9302260675411667 0.00010809642200837466 0.9302260675411667 0.9302260675411667 0.00010809642200837466 0.9302260675411667 0.00010809642200837466 0.9302260675411667 0.00010809642200837466 0.9302260675411667 0.00010809642200837466 0.9302260675411667 0.9302260675411667 0.00010809642200837466 0.9302260675411667 0.9302260675411667 0.9302260675411667 0.9302260675411667 0.00010809642200837466 0.9302260675411667
10-88570697-T-C 0.9302260675411667 0.9302260675411667 0.9302260675411667 0.9302260675411667 0.9302260675411667 0.9302260675411667 0.9302260675411667 0.9302260675411667 0.9302260675411667 0.9302260675411667 0.9302260675411667 0.00010809642200837466 0.9302260675411667 0.9302260675411667 0.9302260675411667 0.9302260675411667 0.9302260675411667 0.9302260675411667 0.9302260675411667 0.9302260675411667 0.00010809642200837466 0.9302260675411667 0.9302260675411667 0.9302260675411667
4-139660293-T-C 0.9302260675411667 0.00010809642200837466 0.00010809642200837466 0.00010809642200837466 0.00010809642200837466 0.9302260675411667 0.00010809642200837466 0.00010809642200837466 0.00010809642200837466 0.00010809642200837466 0.00010809642200837466 0.00010809642200837466 0.9302260675411667 0.00010809642200837466 0.00010809642200837466 0.00010809642200837466 0.00010809642200837466 0.00010809642200837466 0.00010809642200837466 0.00010809642200837466 0.00010809642200837466 0.00010809642200837466 0.00010809642200837466 0.00010809642200837466
1-5602235-T-C 0.00010809642200837466 0.9302260675411667 0.9302260675411667 0.9302260675411667 0.9302260675411667 0.00010809642200837466 0.9302260675411667 0.9302260675411667 0.9302260675411667 0.9302260675411667 0.9302260675411667 0.9302260675411667 0.00010809642200837466 0.9302260675411667 0.9302260675411667 0.9302260675411667 0.9302260675411667 0.9302260675411667 0.9302260675411667 0.9302260675411667 0.9302260675411667 0.9302260675411667 0.9302260675411667 0.9302260675411667
7-59728404-T-A 0.9302260675411667 0.00010809642200837466 0.9302260675411667 0.9302260675411667 0.9302260675411667 0.9302260675411667 0.00010809642200837466 0.9302260675411667 0.9302260675411667 0.9302260675411667 0.9302260675411667 0.9302260675411667 0.9302260675411667 0.9302260675411667 0.9302260675411667 0.9302260675411667 0.9302260675411667 0.9302260675411667 0.9302260675411667 0.9302260675411667 0.9302260675411667 0.9302260675411667 0.9302260675411667 0.9302260675411667
2-157772702-G-T 0.9302260675411667 0.9302260675411667 0.9302260675411667 0.9302260675411667 0.9302260675411667 0.9302260675411667 0.9302260675411667 0.9302260675411667 0.9302260675411667 0.9302260675411667 0.9302260675411667 0.00010809642200837466 0.9302260675411667 0.9302260675411667 0.9302260675411667 0.9302260675411667 0.9302260675411667 0.9302260675411667 0.9302260675411667 0.9302260675411667 0.00010809642200837466 0.9302260675411667 0.9302260675411667 0.9302260675411667
4-52856047-A-G 0.9302260675411667 0.00010809642200837466 0.9302260675411667 0.9302260675411667 0.9302260675411667 0.9302260675411667 0.00010809642200837466 0.9302260675411667 0.9302260675411667 0.9302260675411667 0.9302260675411667 0.9302260675411667 0.9302260675411667 0.9302260675411667 0.9302260675411667 0.9302260675411667 0.9302260675411667 0.9302260675411667 0.9302260675411667 0.9302260675411667 0.9302260675411667 0.9302260675411667 0.9302260675411667 0.9302260675411667
6-66535580-A-C 0.00010809642200837466 0.9302260675411667 0.9302260675411667 0.9302260675411667 0.9302260675411667 0.00010809642200837466 0.9302260675411667 0.9302260675411667 0.00010809642200837466 0.9302260675411667 0.00010809642200837466 0.9302260675411667 0.00010809642200837466 0.9302260675411667 0.00010809642200837466 0.9302260675411667 0.9302260675411667 0.00010809642200837466 0.9302260675411667 0.9302260675411667 0.9302260675411667 0.9302260675411667 0.00010809642200837466 0.9302260675411667
1-192128045-T-C 0.9302260675411667 0.9302260675411667 0.9302260675411667 0.9302260675411667 0.9302260675411667 0.9302260675411667 0.9302260675411667 0.9302260675411667 0.00010809642200837466 0.9302260675411667 0.00010809642200837466 0.9302260675411667 0.9302260675411667 0.9302260675411667 0.9302260675411667 0.9302260675411667 0.9302260675411667 0.9302260675411667 0.9302260675411667 0.9302260675411667 0.9302260675411667 0.9302260675411667 0.9302260675411667 0.9302260675411667
4-57856233-A-T 0.9302260675411667 0.00010809642200837466 0.9302260675411667 0.9302260675411667 0.9302260675411667 0.9302260675411667 0.00010809642200837466 0.9302260675411667 0.9302260675411667 0.9302260675411667 0.9302260675411667 0.9302260675411667 0.9302260675411667 0.9302260675411667 0.9302260675411667 0.9302260675411667 0.9302260675411667 0.9302260675411667 0.9302260675411667 0.9302260675411667 0.9302260675411667 0.9302260675411667 0.9302260675411667 0.9302260675411667
2-30159710-C-G 0.00010809642200837466 0.9302260675411667 0.9302260675411667 0.9302260675411667 0.9302260675411667 0.00010809642200837466 0.9302260675411667 0.9302260675411667 0.9302260675411667 0.9302260675411667 0.9302260675411667 0.9302260675411667 0.00010809642200837466 0.9302260675411667 0.00010809642200837466 0.9302260675411667 0.9302260675411667 0.9302260675411667 0.9302260675411667 0.9302260675411667 0.9302260675411667 0.9302260675411667 0.00010809642200837466 0.9302260675411667
16-15667879-A-T 0.9302260675411667 0.9302260675411667 0.9302260675411667 0.9302260675411667 0.9302260675411667 0.9302260675411667 0.9302260675411667 0.9302260675411667 0.00010809642200837466 0.9302260675411667 0.00010809642200837466 0.9302260675411667 0.9302260675411667 0.9302260675411667 0.9302260675411667 0.9302260675411667 0.9302260675411667 0.9302260675411667 0.9302260675411667 0.9302260675411667 0.9302260675411667 0.9302260675411667 0.9302260675411667 0.9302260675411667
11-75444372-G-A 0.9302260675411667 0.9302260675411667 0.9302260675411667 0.9302260675411667 0.9302260675411667 0.9302260675411667 0.9302260675411667 0.9302260675411667 0.9302260675411667 0.9302260675411667 0.9302260675411667 0.00010809642200837466 0.9302260675411667 0.9302260675411667 0.9302260675411667 0.9302260675411667 0.9302260675411667 0.9302260675411667 0.9302260675411667 0.9302260675411667 0.00010809642200837466 0.9302260675411667 0.9302260675411667 0.9302260675411667
11-112831539-T-C 0.9302260675411667 0.00010809642200837466 0.9302260675411667 0.9302260675411667 0.9302260675411667 0.9302260675411667 0.00010809642200837466 0.9302260675411667 0.9302260675411667 0.9302260675411667 0.9302260675411667 0.9302260675411667 0.9302260675411667 0.9302260675411667 0.9302260675411667 0.9302260675411667 0.9302260675411667 0.9302260675411667 0.9302260675411667 0.9302260675411667 0.9302260675411667 0.9302260675411667 0.9302260675411667 0.9302260675411667
6-123649146-A-C 0.00010809642200837466 0.9302260675411667 0.9302260675411667 0.9302260675411667 0.9302260675411667 0.00010809642200837466 0.9302260675411667 0.9302260675411667 0.9302260675411667 0.9302260675411667 0.9302260675411667 0.9302260675411667 0.00010809642200837466 0.9302260675411667 0.9302260675411667 0.9302260675411667 0.9302260675411667 0.9302260675411667 0.9302260675411667 0.9302260675411667 0.9302260675411667 0.9302260675411667 0.9302260675411667 0.9302260675411667
2-87737381-A-G 0.9302260675411667 0.00010809642200837466 0.9302260675411667 0.9302260675411667 0.9302260675411667 0.9302260675411667 0.00010809642200837466 0.00010809642200837466 0.9302260675411667 0.00010809642200837466 0.9302260675411667 0.9302260675411667 0.9302260675411667 0.9302260675411667 0.9302260675411667 0.9302260675411667 0.9302260675411667 0.9302260675411667 0.9302260675411667 0.9302260675411667 0.9302260675411667 0.9302260675411667 0.9302260675411667 0.9302260675411667
1-37076542-A-C 0.9302260675411667 0.9302260675411667 0.9302260675411667 0.9302260675411667 0.9302260675411667 0.9302260675411667 0.9302260675411667 0.9302260675411667 0.00010809642200837466 0.9302260675411667 0.00010809642200837466 0.9302260675411667 0.9302260675411667 0.9302260675411667 0.9302260675411667 0.9302260675411667 0.9302260675411667 0.9302260675411667 0.9302260675411667 0.9302260675411667 0.9302260675411667 0.9302260675411667 0.9302260675411667 0.9302260675411667
2-10530433-C-T 0.9302260675411667 0.9302260675411667 0.00010809642200837466 0.9302260675411667 0.9302260675411667 0.9302260675411667 0.9302260675411667 0.9302260675411667 0.9302260675411667 0.9302260675411667 0.9302260675411667 0.00010809642200837466 0.9302260675411667 0.9302260675411667 0.9302260675411667 0.9302260675411667 0.9302260675411667 0.9302260675411667 0.00010809642200837466 0.9302260675411667 0.00010809642200837466 0.00010809642200837466 0.9302260675411667 0.9302260675411667
7-86386487-A-G 0.9302260675411667 0.00010809642200837466 0.9302260675411667 0.9302260675411667 0.9302260675411667 0.9302260675411667 0.00010809642200837466 0.00010809642200837466 0.9302260675411667 0.00010809642200837466 0.9302260675411667 0.9302260675411667 0.9302260675411667 0.9302260675411667 0.9302260675411667 0.9302260675411667 0.9302260675411667 0.9302260675411667 0.9302260675411667 0.9302260675411667 0.9302260675411667 0.9302260675411667 0.9302260675411667 0.9302260675411667
3-130003140-A-G 0.9302260675411667 0.9302260675411667 0.9302260675411667 0.9302260675411667 0.9302260675411667 0.9302260675411667 0.9302260675411667 0.9302260675411667 0.9302260675411667 0.9302260675411667 0.9302260675411667 0.00010809642200837466 0.9302260675411667 0.9302260675411667 0.9302260675411667 0.9302260675411667 0.9302260675411667 0.9302260675411667 0.9302260675411667 0.9302260675411667 0.00010809642200837466 0.9302260675411667 0.9302260675411667 0.9302260675411667
1-5602235-T-C 0.00010809642200837466 0.9302260675411667 0.9302260675411667 0.9302260675411667 0.9302260675411667 0.00010809642200837466 0.9302260675411667 0.9302260675411667 0.9302260675411667 0.9302260675411667 0.9302260675411667 0.9302260675411667 0.00010809642200837466 0.9302260675411667 0.9302260675411667 0.9302260675411667 0.9302260675411667 0.9302260675411667 0.9302260675411667 0.9302260675411667 0.9302260675411667 0.9302260675411667 0.9302260675411667 0.9302260675411667
7-25250566-C-G 0.00010809642200837466 0.9302260675411667 0.9302260675411667 0.9302260675411667 0.9302260675411667 0.00010809642200837466 0.9302260675411667 0.9302260675411667 0.9302260675411667 0.9302260675411667 0.9302260675411667 0.9302260675411667 0.00010809642200837466 0.9302260675411667 0.9302260675411667 0.9302260675411667 0.9302260675411667 0.9302260675411667 0.9302260675411667 0.9302260675411667 0.9302260675411667 0.9302260675411667 0.9302260675411667 0.9302260675411667
14-20727957-G-C 0.00010809642200837466 0.9302260675411667 0.9302260675411667 0.9302260675411667 0.9302260675411667 0.9302260675411667 0.9302260675411667 0.9302260675411667 0.9302260675411667 0.9302260675411667 0.9302260675411667 0.9302260675411667 0.00010809642200837466 0.9302260675411667 0.9302260675411667 0.9302260675411667 0.9302260675411667 0.9302260675411667 0.9302260675411667 0.9302260675411667 0.9302260675411667 0.9302260675411667 0.9302260675411667 0.9302260675411667
2-154621814-T-A 0.00010809642200837466 0.00010809642200837466 0.00010809642200837466 0.00010809642200837466 0.00010809642200837466 0.00010809642200837466 0.00010809642200837466 0.00010809642200837466 0.00010809642200837466 0.00010809642200837466 0.00010809642200837466 0.9302260675411667 0.00010809642200837466 0.00010809642200837466 0.00010809642200837466 0.00010809642200837466 0.00010809642200837466 0.00010809642200837466 0.00010809642200837466 0.00010809642200837466 0.00010809642200837466 0.00010809642200837466 0.00010809642200837466 0.00010809642200837466
11-94704347-G-C 0.00010809642200837466 0.9302260675411667 0.9302260675411667 0.9302260675411667 0.9302260675411667 0.9302260675411667 0.9302260675411667 0.9302260675411667 0.9302260675411667 0.9302260675411667 0.9302260675411667 0.9302260675411667 0.00010809642200837466 0.9302260675411667 0.9302260675411667 0.9302260675411667 0.9302260675411667 0.9302260675411667 0.9302260675411667 0.9302260675411667 0.9302260675411667 0.9302260675411667 0.9302260675411667 0.9302260675411667
5-44029878-A-G 0.9302260675411667 0.9302260675411667 0.9302260675411667 0.9302260675411667 0.9302260675411667 0.9302260675411667 0.9302260675411667 0.9302260675411667 0.00010809642200837466 0.9302260675411667 0.00010809642200837466 0.9302260675411667 0.9302260675411667 0.9302260675411667 0.9302260675411667 0.9302260675411667 0.9302260675411667 0.9302260675411667 0.9302260675411667 0.9302260675411667 0.9302260675411667 0.9302260675411667 0.9302260675411667 0.9302260675411667
7-31546178-T-C 0.9302260675411667 0.9302260675411667 0.9302260675411667 0.00010809642200837466 0.9302260675411667 0.9302260675411667 0.9302260675411667 0.9302260675411667 0.9302260675411667 0.9302260675411667 0.9302260675411667 0.9302260675411667 0.9302260675411667 0.9302260675411667 0.9302260675411667 0.9302260675411667 0.00010809642200837466 0.9302260675411667 0.9302260675411667 0.00010809642200837466 0.9302260675411667 0.9302260675411667 0.9302260675411667 0.9302260675411667
3-32914063-G-A 0.9302260675411667 0.00010809642200837466 0.9302260675411667 0.9302260675411667 0.9302260675411667 0.9302260675411667 0.00010809642200837466 0.00010809642200837466 0.9302260675411667 0.00010809642200837466 0.9302260675411667 0.9302260675411667 0.9302260675411667 0.9302260675411667 0.9302260675411667 0.9302260675411667 0.9302260675411667 0.9302260675411667 0.9302260675411667 0.9302260675411667 0.9302260675411667 0.9302260675411667 0.9302260675411667 0.9302260675411667
5-8408559-A-C 0.00010809642200837466 0.9302260675411667 0.9302260675411667 0.9302260675411667 0.9302260675411667 0.00010809642200837466 0.9302260675411667 0.9302260675411667 0.9302260675411667 0.9302260675411667 0.9302260675411667 0.9302260675411667 0.00010809642200837466 0.9302260675411667 0.00010809642200837466 0.9302260675411667 0.9302260675411667 0.9302260675411667 0.9302260675411667 0.9302260675411667 0.9302260675411667 0.9302260675411667 0.00010809642200837466 0.9302260675411667
2-177768443-T-G 0.9302260675411667 0.9302260675411667 0.9302260675411667 0.9302260675411667 0.9302260675411667 0.9302260675411667 0.9302260675411667 0.9302260675411667 0.00010809642200837466 0.9302260675411667 0.00010809642200837466 0.9302260675411667 0.9302260675411667 0.9302260675411667 0.9302260675411667 0.9302260675411667 0.9302260675411667 0.9302260675411667 0.9302260675411667 0.9302260675411667 0.9302260675411667 0.9302260675411667 0.9302260675411667 0.9302260675411667
14-62403032-A-T 0.9302260675411667 0.00010809642200837466 0.9302260675411667 0.9302260675411667 0.9302260675411667 0.9302260675411667 0.00010809642200837466 0.9302260675411667 0.9302260675411667 0.9302260675411667 0.9302260675411667 0.9302260675411667 0.9302260675411667 0.9302260675411667 0.9302260675411667 0.9302260675411667 0.9302260675411667 0.9302260675411667 0.9302260675411667 0.9302260675411667 0.9302260675411667 0.9302260675411667 0.9302260675411667 0.9302260675411667
7-17098262-A-C 0.9302260675411667 0.00010809642200837466 0.9302260675411667 0.9302260675411667 0.9302260675411667 0.9302260675411667 0.00010809642200837466 0.9302260675411667 0.9302260675411667 0.9302260675411667 0.9302260675411667 0.9302260675411667 0.9302260675411667 0.9302260675411667 0.9302260675411667 0.9302260675411667 0.9302260675411667 0.9302260675411667 0.9302260675411667 0.9302260675411667 0.9302260675411667 0.9302260675411667 0.9302260675411667 0.9302260675411667
9-104034515-C-T 0.00010809642200837466 0.00010809642200837466 0.00010809642200837466 0.9302260675411667 0.00010809642200837466 0.00010809642200837466 0.00010809642200837466 0.00010809642200837466 0.00010809642200837466 0.00010809642200837466 0.00010809642200837466 0.00010809642200837466 0.00010809642200837466 0.00010809642200837466 0.00010809642200837466 0.00010809642200837466 0.00010809642200837466 0.00010809642200837466 0.00010809642200837466 0.00010809642200837466 0.00010809642200837466 0.00010809642200837466 0.9302260675411667 0.00010809642200837466
15-16851029-A-G 0.00010809642200837466 0.9302260675411667 0.9302260675411667 0.9302260675411667 0.9302260675411667 0.00010809642200837466 0.9302260675411667 0.9302260675411667 0.9302260675411667 0.9302260675411667 0.9302260675411667 0.9302260675411667 0.00010809642200837466 0.9302260675411667 0.9302260675411667 0.9302260675411667 0.9302260675411667 0.9302260675411667 0.9302260675411667 0.9302260675411667 0.9302260675411667 0.9302260675411667 0.9302260675411667 0.9302260675411667
9-32424014-G-C 0.9302260675411667 0.00010809642200837466 0.9302260675411667 0.9302260675411667 0.9302260675411667 0.9302260675411667 0.00010809642200837466 0.9302260675411667 0.9302260675411667 0.9302260675411667 0.9302260675411667 0.9302260675411667 0.9302260675411667 0.9302260675411667 0.9302260675411667 0.9302260675411667 0.9302260675411667 0.9302260675411667 0.9302260675411667 0.9302260675411667 0.9302260675411667 0.9302260675411667 0.9302260675411667 0.9302260675411667
17-33199842-C-T 0.9302260675411667 0.9302260675411667 0.9302260675411667 0.9302260675411667 0.9302260675411667 0.9302260675411667 0.9302260675411667 0.9302260675411667 0.00010809642200837466 0.9302260675411667 0.00010809642200837466 0.9302260675411667 0.9302260675411667 0.9302260675411667 0.9302260675411667 0.9302260675411667 0.9302260675411667 0.9302260675411667 0.9302260675411667 0.9302260675411667 0.9302260675411667 0.9302260675411667 0.9302260675411667 0.9302260675411667
6-22343355-T-C 0.9302260675411667 0.9302260675411667 0.9302260675411667 0.9302260675411667 0.9302260675411667 0.9302260675411667 0.9302260675411667 0.9302260675411667 0.00010809642200837466 0.9302260675411667 0.00010809642200837466 0.9302260675411667 0.9302260675411667 0.9302260675411667 0.9302260675411667 0.9302260675411667 0.9302260675411667 0.9302260675411667 0.9302260675411667 0.9302260675411667 0.9302260675411667 0.9302260675411667 0.00010809642200837466 0.9302260675411667
12-79239875-G-A 0.9302260675411667 0.9302260675411667 0.9302260675411667 0.00010809642200837466 0.9302260675411667 0.9302260675411667 0.9302260675411667 0.9302260675411667 0.9302260675411667 0.9302260675411667 0.9302260675411667 0.9302260675411667 0.9302260675411667 0.9302260675411667 0.9302260675411667 0.9302260675411667 0.00010809642200837466 0.9302260675411667 0.9302260675411667 0.00010809642200837466 0.9302260675411667 0.9302260675411667 0.9302260675411667 0.9302260675411667
7-51953303-T-A 0.00010809642200837466 0.9302260675411667 0.9302260675411667 0.9302260675411667 0.9302260675411667 0.00010809642200837466 0.9302260675411667 0.9302260675411667 0.9302260675411667 0.9302260675411667 0.9302260675411667 0.9302260675411667 0.00010809642200837466 0.9302260675411667 0.9302260675411667 0.9302260675411667 0.9302260675411667 0.9302260675411667 0.9302260675411667 0.9302260675411667 0.9302260675411667 0.9302260675411667 0.9302260675411667 0.9302260675411667
1-53559317-A-C 0.9302260675411667 0.9302260675411667 0.9302260675411667 0.9302260675411667 0.9302260675411667 0.9302260675411667 0.9302260675411667 0.9302260675411667 0.00010809642200837466 0.9302260675411667 0.00010809642200837466 0.9302260675411667 0.9302260675411667 0.9302260675411667 0.9302260675411667 0.9302260675411667 0.9302260675411667 0.9302260675411667 0.9302260675411667 0.9302260675411667 0.9302260675411667 0.9302260675411667 0.9302260675411667 0.9302260675411667
6-18429145-T-C 0.9302260675411667 0.9302260675411667 0.9302260675411667 0.9302260675411667 0.9302260675411667 0.9302260675411667 0.9302260675411667 0.9302260675411667 0.00010809642200837466 0.9302260675411667 0.00010809642200837466 0.9302260675411667 0.9302260675411667 0.9302260675411667 0.9302260675411667 0.9302260675411667 0.9302260675411667 0.9302260675411667 0.9302260675411667 0.9302260675411667 0.9302260675411667 0.9302260675411667 0.9302260675411667 0.9302260675411667
18-21332457-T-C 0.9302260675411667 0.9302260675411667 0.9302260675411667 0.00010809642200837466 0.9302260675411667 0.9302260675411667 0.9302260675411667 0.9302260675411667 0.9302260675411667 0.9302260675411667 0.9302260675411667 0.9302260675411667 0.9302260675411667 0.9302260675411667 0.9302260675411667 0.9302260675411667 0.00010809642200837466 0.9302260675411667 0.9302260675411667 0.00010809642200837466 0.9302260675411667 0.9302260675411667 0.9302260675411667 0.9302260675411667
2-54732913-G-A 0.00010809642200837466 0.00010809642200837466 0.00010809642200837466 0.00010809642200837466 0.00010809642200837466 0.00010809642200837466 0.00010809642200837466 0.00010809642200837466 0.00010809642200837466 0.00010809642200837466 0.00010809642200837466 0.9302260675411667 0.00010809642200837466 0.00010809642200837466 0.00010809642200837466 0.00010809642200837466 0.00010809642200837466 0.00010809642200837466 0.00010809642200837466 0.00010809642200837466 0.00010809642200837466 0.00010809642200837466 0.00010809642200837466 0.00010809642200837466
7-84995118-T-C 0.9302260675411667 0.00010809642200837466 0.9302260675411667 0.9302260675411667 0.9302260675411667 0.9302260675411667 0.00010809642200837466 0.9302260675411667 0.9302260675411667 0.9302260675411667 0.9302260675411667 0.9302260675411667 0.9302260675411667 0.9302260675411667 0.9302260675411667 0.9302260675411667 0.9302260675411667 0.9302260675411667 0.9302260675411667 0.9302260675411667 0.9302260675411667 0.9302260675411667 0.9302260675411667 0.9302260675411667
1-177043950-T-G 0.9302260675411667 0.9302260675411667 0.9302260675411667 0.00010809642200837466 0.9302260675411667 0.9302260675411667 0.9302260675411667 0.9302260675411667 0.9302260675411667 0.9302260675411667 0.9302260675411667 0.9302260675411667 0.9302260675411667 0.9302260675411667 0.9302260675411667 0.9302260675411667 0.00010809642200837466 0.9302260675411667 0.9302260675411667 0.00010809642200837466 0.9302260675411667 0.9302260675411667 0.9302260675411667 0.9302260675411667
2-152869614-A-G 0.9302260675411667 0.9302260675411667 0.9302260675411667 0.00010809642200837466 0.9302260675411667 0.9302260675411667 0.9302260675411667 0.9302260675411667 0.9302260675411667 0.9302260675411667 0.9302260675411667 0.9302260675411667 0.9302260675411667 0.9302260675411667 0.9302260675411667 0.9302260675411667 0.00010809642200837466 0.9302260675411667 0.9302260675411667 0.00010809642200837466 0.9302260675411667 0.9302260675411667 0.9302260675411667 0.9302260675411667
16-63864107-A-G 0.00010809642200837466 0.9302260675411667 0.9302260675411667 0.9302260675411667 0.9302260675411667 0.9302260675411667 0.9302260675411667 0.9302260675411667 0.9302260675411667 0.9302260675411667 0.9302260675411667 0.9302260675411667 0.00010809642200837466 0.9302260675411667 0.9302260675411667 0.9302260675411667 0.9302260675411667 0.9302260675411667 0.9302260675411667 0.9302260675411667 0.9302260675411667 0.9302260675411667 0.9302260675411667 0.9302260675411667
13-33252852-T-A 0.9302260675411667 0.9302260675411667 0.9302260675411667 0.00010809642200837466 0.9302260675411667 0.9302260675411667 0.9302260675411667 0.9302260675411667 0.9302260675411667 0.9302260675411667 0.9302260675411667 0.9302260675411667 0.9302260675411667 0.9302260675411667 0.9302260675411667 0.9302260675411667 0.00010809642200837466 0.9302260675411667 0.9302260675411667 0.00010809642200837466 0.9302260675411667 0.9302260675411667 0.9302260675411667 0.9302260675411667
11-110197009-A-T 0.00010809642200837466 0.9302260675411667 0.9302260675411667 0.9302260675411667 0.9302260675411667 0.00010809642200837466 0.9302260675411667 0.9302260675411667 0.00010809642200837466 0.9302260675411667 0.00010809642200837466 0.9302260675411667 0.00010809642200837466 0.9302260675411667 0.00010809642200837466 0.9302260675411667 0.9302260675411667 0.00010809642200837466 0.9302260675411667 0.9302260675411667 0.9302260675411667 0.9302260675411667 0.00010809642200837466 0.9302260675411667
3-79667930-T-G 0.00010809642200837466 0.9302260675411667 0.00010809642200837466 0.00010809642200837466 0.00010809642200837466 0.00010809642200837466 0.00010809642200837466 0.9302260675411667 0.00010809642200837466 0.9302260675411667 0.00010809642200837466 0.00010809642200837466 0.00010809642200837466 0.00010809642200837466 0.00010809642200837466 0.9302260675411667 0.00010809642200837466 0.9302260675411667 0.00010809642200837466 0.00010809642200837466 0.00010809642200837466 0.9302260675411667 0.00010809642200837466 0.00010809642200837466
2-178413705-C-G 0.9302260675411667 0.00010809642200837466 0.9302260675411667 0.9302260675411667 0.9302260675411667 0.9302260675411667 0.00010809642200837466 0.9302260675411667 0.9302260675411667 0.9302260675411667 0.9302260675411667 0.9302260675411667 0.9302260675411667 0.9302260675411667 0.9302260675411667 0.9302260675411667 0.9302260675411667 0.9302260675411667 0.9302260675411667 0.9302260675411667 0.9302260675411667 0.9302260675411667 0.9302260675411667 0.9302260675411667
8-25823417-A-G 0.9302260675411667 0.9302260675411667 0.9302260675411667 0.9302260675411667 0.9302260675411667 0.9302260675411667 0.9302260675411667 0.9302260675411667 0.9302260675411667 0.9302260675411667 0.9302260675411667 0.00010809642200837466 0.9302260675411667 0.9302260675411667 0.9302260675411667 0.9302260675411667 0.9302260675411667 0.9302260675411667 0.9302260675411667 0.9302260675411667 0.00010809642200837466 0.9302260675411667 0.9302260675411667 0.9302260675411667
3-88503109-G-C 0.9302260675411667 0.9302260675411667 0.9302260675411667 0.00010809642200837466 0.9302260675411667 0.9302260675411667 0.9302260675411667 0.9302260675411667 0.9302260675411667 0.9302260675411667 0.9302260675411667 0.9302260675411667 0.9302260675411667 0.9302260675411667 0.9302260675411667 0.9302260675411667 0.00010809642200837466 0.9302260675411667 0.9302260675411667 0.00010809642200837466 0.9302260675411667 0.9302260675411667 0.9302260675411667 0.9302260675411667
5-146017534-T-C 0.9302260675411667 0.00010809642200837466 0.9302260675411667 0.9302260675411667 0.9302260675411667 0.9302260675411667 0.00010809642200837466 0.00010809642200837466 0.9302260675411667 0.00010809642200837466 0.9302260675411667 0.9302260675411667 0.9302260675411667 0.9302260675411667 0.9302260675411667 0.9302260675411667 0.9302260675411667 0.9302260675411667 0.9302260675411667 0.9302260675411667 0.9302260675411667 0.9302260675411667 0.9302260675411667 0.9302260675411667
3-107218378-C-T 0.9302260675411667 0.00010809642200837466 0.9302260675411667 0.9302260675411667 0.9302260675411667 0.9302260675411667 0.00010809642200837466 0.9302260675411667 0.9302260675411667 0.9302260675411667 0.9302260675411667 0.9302260675411667 0.9302260675411667 0.9302260675411667 0.9302260675411667 0.9302260675411667 0.9302260675411667 0.9302260675411667 0.9302260675411667 0.9302260675411667 0.9302260675411667 0.9302260675411667 0.9302260675411667 0.9302260675411667
3-79623503-T-C 0.9302260675411667 0.00010809642200837466 0.00010809642200837466 0.00010809642200837466 0.00010809642200837466 0.9302260675411667 0.00010809642200837466 0.00010809642200837466 0.00010809642200837466 0.00010809642200837466 0.00010809642200837466 0.00010809642200837466 0.9302260675411667 0.9302260675411667 0.9302260675411667 0.00010809642200837466 0.00010809642200837466 0.00010809642200837466 0.9302260675411667 0.00010809642200837466 0.00010809642200837466 0.00010809642200837466 0.9302260675411667 0.9302260675411667
2-130658480-C-G 0.00010809642200837466 0.00010809642200837466 0.00010809642200837466 0.00010809642200837466 0.00010809642200837466 0.00010809642200837466 0.00010809642200837466 0.00010809642200837466 0.00010809642200837466 0.00010809642200837466 0.00010809642200837466 0.9302260675411667 0.00010809642200837466 0.00010809642200837466 0.00010809642200837466 0.00010809642200837466 0.00010809642200837466 0.00010809642200837466 0.00010809642200837466 0.00010809642200837466 0.00010809642200837466 0.00010809642200837466 0.00010809642200837466 0.00010809642200837466
11-69850056-G-A 0.9302260675411667 0.9302260675411667 0.9302260675411667 0.9302260675411667 0.9302260675411667 0.9302260675411667 0.9302260675411667 0.9302260675411667 0.9302260675411667 0.9302260675411667 0.9302260675411667 0.00010809642200837466 0.9302260675411667 0.9302260675411667 0.9302260675411667 0.9302260675411667 0.9302260675411667 0.9302260675411667 0.9302260675411667 0.9302260675411667 0.00010809642200837466 0.9302260675411667 0.9302260675411667 0.9302260675411667
7-8377397-T-C 0.00010809642200837466 0.9302260675411667 0.9302260675411667 0.9302260675411667 0.9302260675411667 0.00010809642200837466 0.9302260675411667 0.9302260675411667 0.00010809642200837466 0.9302260675411667 0.00010809642200837466 0.9302260675411667 0.00010809642200837466 0.9302260675411667 0.00010809642200837466 0.9302260675411667 0.9302260675411667 0.9302260675411667 0.9302260675411667 0.9302260675411667 0.9302260675411667 0.9302260675411667 0.00010809642200837466 0.9302260675411667
7-8377397-T-C 0.00010809642200837466 0.9302260675411667 0.9302260675411667 0.9302260675411667 0.9302260675411667 0.00010809642200837466 0.9302260675411667 0.9302260675411667 0.00010809642200837466 0.9302260675411667 0.00010809642200837466 0.9302260675411667 0.00010809642200837466 0.9302260675411667 0.00010809642200837466 0.9302260675411667 0.9302260675411667 0.9302260675411667 0.9302260675411667 0.9302260675411667 0.9302260675411667 0.9302260675411667 0.00010809642200837466 0.9302260675411667
12-20008301-A-C 0.9302260675411667 0.9302260675411667 0.9302260675411667 0.00010809642200837466 0.9302260675411667 0.9302260675411667 0.9302260675411667 0.9302260675411667 0.9302260675411667 0.9302260675411667 0.9302260675411667 0.9302260675411667 0.9302260675411667 0.9302260675411667 0.9302260675411667 0.9302260675411667 0.00010809642200837466 0.9302260675411667 0.9302260675411667 0.00010809642200837466 0.9302260675411667 0.9302260675411667 0.9302260675411667 0.9302260675411667
15-73753656-G-T 0.9302260675411667 0.00010809642200837466 0.00010809642200837466 0.00010809642200837466 0.00010809642200837466 0.9302260675411667 0.00010809642200837466 0.00010809642200837466 0.00010809642200837466 0.00010809642200837466 0.00010809642200837466 0.00010809642200837466 0.9302260675411667 0.9302260675411667 0.9302260675411667 0.9302260675411667 0.00010809642200837466 0.9302260675411667 0.9302260675411667 0.00010809642200837466 0.00010809642200837466 0.9302260675411667 0.9302260675411667 0.9302260675411667
1-87195670-T-A 0.9302260675411667 0.9302260675411667 0.9302260675411667 0.9302260675411667 0.9302260675411667 0.9302260675411667 0.9302260675411667 0.9302260675411667 0.9302260675411667 0.9302260675411667 0.9302260675411667 0.00010809642200837466 0.9302260675411667 0.9302260675411667 0.9302260675411667 0.9302260675411667 0.9302260675411667 0.9302260675411667 0.9302260675411667 0.9302260675411667 0.00010809642200837466 0.9302260675411667 0.9302260675411667 0.9302260675411667
15-5208249-A-T 0.00010809642200837466 0.9302260675411667 0.9302260675411667 0.9302260675411667 0.9302260675411667 0.00010809642200837466 0.9302260675411667 0.9302260675411667 0.00010809642200837466 0.9302260675411667 0.00010809642200837466 0.9302260675411667 0.00010809642200837466 0.9302260675411667 0.00010809642200837466 0.9302260675411667 0.9302260675411667 0.00010809642200837466 0.9302260675411667 0.9302260675411667 0.9302260675411667 0.9302260675411667 0.00010809642200837466 0.9302260675411667
8-87904651-A-C 0.9302260675411667 0.9302260675411667 0.9302260675411667 0.00010809642200837466 0.9302260675411667 0.9302260675411667 0.9302260675411667 0.9302260675411667 0.9302260675411667 0.9302260675411667 0.9302260675411667 0.9302260675411667 0.9302260675411667 0.9302260675411667 0.9302260675411667 0.9302260675411667 0.00010809642200837466 0.9302260675411667 0.9302260675411667 0.00010809642200837466 0.9302260675411667 0.9302260675411667 0.9302260675411667 0.9302260675411667
18-22105438-A-T 0.9302260675411667 0.9302260675411667 0.9302260675411667 0.9302260675411667 0.9302260675411667 0.9302260675411667 0.9302260675411667 0.9302260675411667 0.00010809642200837466 0.9302260675411667 0.00010809642200837466 0.9302260675411667 0.9302260675411667 0.9302260675411667 0.9302260675411667 0.9302260675411667 0.9302260675411667 0.9302260675411667 0.9302260675411667 0.9302260675411667 0.9302260675411667 0.9302260675411667 0.9302260675411667 0.9302260675411667
1-156053190-T-G 0.9302260675411667 0.9302260675411667 0.9302260675411667 0.9302260675411667 0.9302260675411667 0.9302260675411667 0.9302260675411667 0.9302260675411667 0.00010809642200837466 0.9302260675411667 0.00010809642200837466 0.9302260675411667 0.9302260675411667 0.9302260675411667 0.9302260675411667 0.9302260675411667 0.9302260675411667 0.9302260675411667 0.9302260675411667 0.9302260675411667 0.9302260675411667 0.9302260675411667 0.9302260675411667 0.9302260675411667
6-86396229-A-G 0.9302260675411667 0.9302260675411667 0.9302260675411667 0.9302260675411667 0.9302260675411667 0.9302260675411667 0.9302260675411667 0.9302260675411667 0.9302260675411667 0.9302260675411667 0.9302260675411667 0.9302260675411667 0.9302260675411667 0.9302260675411667 0.9302260675411667 0.9302260675411667 0.9302260675411667 0.9302260675411667 0.00010809642200837466 0.9302260675411667 0.9302260675411667 0.00010809642200837466 0.9302260675411667 0.9302260675411667
9-79841482-G-T 0.9302260675411667 0.00010809642200837466 0.00010809642200837466 0.00010809642200837466 0.00010809642200837466 0.00010809642200837466 0.00010809642200837466 0.00010809642200837466 0.00010809642200837466 0.00010809642200837466 0.00010809642200837466 0.00010809642200837466 0.00010809642200837466 0.00010809642200837466 0.00010809642200837466 0.00010809642200837466 0.9302260675411667 0.00010809642200837466 0.9302260675411667 0.00010809642200837466 0.00010809642200837466 0.00010809642200837466 0.00010809642200837466 0.00010809642200837466
18-20108981-T-G 0.00010809642200837466 0.00010809642200837466 0.00010809642200837466 0.00010809642200837466 0.00010809642200837466 0.00010809642200837466 0.00010809642200837466 0.00010809642200837466 0.00010809642200837466 0.9302260675411667 0.00010809642200837466 0.00010809642200837466 0.00010809642200837466 0.00010809642200837466 0.00010809642200837466 0.00010809642200837466 0.00010809642200837466 0.00010809642200837466 0.00010809642200837466 0.00010809642200837466 0.00010809642200837466 0.00010809642200837466 0.00010809642200837466 0.00010809642200837466
15-76178577-T-C 0.9302260675411667 0.9302260675411667 0.9302260675411667 0.9302260675411667 0.9302260675411667 0.9302260675411667 0.9302260675411667 0.9302260675411667 0.9302260675411667 0.9302260675411667 0.9302260675411667 0.00010809642200837466 0.9302260675411667 0.9302260675411667 0.9302260675411667 0.9302260675411667 0.9302260675411667 0.9302260675411667 0.9302260675411667 0.9302260675411667 0.00010809642200837466 0.9302260675411667 0.9302260675411667 0.9302260675411667
9-104022627-G-A 0.00010809642200837466 0.00010809642200837466 0.00010809642200837466 0.9302260675411667 0.00010809642200837466 0.00010809642200837466 0.00010809642200837466 0.00010809642200837466 0.00010809642200837466 0.00010809642200837466 0.00010809642200837466 0.00010809642200837466 0.00010809642200837466 0.00010809642200837466 0.00010809642200837466 0.00010809642200837466 0.00010809642200837466 0.00010809642200837466 0.00010809642200837466 0.00010809642200837466 0.00010809642200837466 0.00010809642200837466 0.9302260675411667 0.00010809642200837466
3-135235378-A-G 0.9302260675411667 0.9302260675411667 0.9302260675411667 0.9302260675411667 0.9302260675411667 0.9302260675411667 0.9302260675411667 0.9302260675411667 0.00010809642200837466 0.9302260675411667 0.00010809642200837466 0.9302260675411667 0.9302260675411667 0.9302260675411667 0.9302260675411667 0.9302260675411667 0.9302260675411667 0.9302260675411667 0.9302260675411667 0.9302260675411667 0.9302260675411667 0.9302260675411667 0.9302260675411667 0.9302260675411667
12-55060931-G-C 0.9302260675411667 0.00010809642200837466 0.9302260675411667 0.9302260675411667 0.00010809642200837466 0.9302260675411667 0.9302260675411667 0.00010809642200837466 0.9302260675411667 0.00010809642200837466 0.9302260675411667 0.9302260675411667 0.9302260675411667 0.9302260675411667 0.9302260675411667 0.9302260675411667 0.9302260675411667 0.9302260675411667 0.9302260675411667 0.9302260675411667 0.9302260675411667 0.9302260675411667 0.9302260675411667 0.9302260675411667
15-46625414-G-C 0.9302260675411667 0.9302260675411667 0.9302260675411667 0.9302260675411667 0.9302260675411667 0.9302260675411667 0.9302260675411667 0.9302260675411667 0.00010809642200837466 0.9302260675411667 0.00010809642200837466 0.9302260675411667 0.9302260675411667 0.9302260675411667 0.9302260675411667 0.9302260675411667 0.9302260675411667 0.9302260675411667 0.9302260675411667 0.9302260675411667 0.9302260675411667 0.9302260675411667 0.9302260675411667 0.9302260675411667
16-23016807-T-G 0.00010809642200837466 0.9302260675411667 0.9302260675411667 0.9302260675411667 0.9302260675411667 0.9302260675411667 0.9302260675411667 0.9302260675411667 0.9302260675411667 0.9302260675411667 0.9302260675411667 0.9302260675411667 0.00010809642200837466 0.9302260675411667 0.9302260675411667 0.9302260675411667 0.9302260675411667 0.9302260675411667 0.9302260675411667 0.9302260675411667 0.9302260675411667 0.9302260675411667 0.9302260675411667 0.9302260675411667
10-115418731-A-G 0.9302260675411667 0.9302260675411667 0.9302260675411667 0.9302260675411667 0.9302260675411667 0.9302260675411667 0.9302260675411667 0.9302260675411667 0.9302260675411667 0.9302260675411667 0.9302260675411667 0.00010809642200837466 0.9302260675411667 0.9302260675411667 0.9302260675411667 0.9302260675411667 0.9302260675411667 0.9302260675411667 0.9302260675411667 0.9302260675411667 0.00010809642200837466 0.9302260675411667 0.9302260675411667 0.9302260675411667
4-141085707-T-G 0.9302260675411667 0.9302260675411667 0.00010809642200837466 0.9302260675411667 0.9302260675411667 0.9302260675411667 0.00010809642200837466 0.9302260675411667 0.9302260675411667 0.9302260675411667 0.9302260675411667 0.00010809642200837466 0.9302260675411667 0.9302260675411667 0.9302260675411667 0.00010809642200837466 0.9302260675411667 0.9302260675411667 0.00010809642200837466 0.9302260675411667 0.00010809642200837466 0.00010809642200837466 0.9302260675411667 0.9302260675411667
16-81517675-T-C 0.00010809642200837466 0.9302260675411667 0.9302260675411667 0.9302260675411667 0.9302260675411667 0.00010809642200837466 0.9302260675411667 0.9302260675411667 0.9302260675411667 0.9302260675411667 0.9302260675411667 0.9302260675411667 0.00010809642200837466 0.9302260675411667 0.9302260675411667 0.9302260675411667 0.9302260675411667 0.9302260675411667 0.9302260675411667 0.9302260675411667 0.9302260675411667 0.9302260675411667 0.9302260675411667 0.9302260675411667
10-80027140-C-T 0.00010809642200837466 0.9302260675411667 0.9302260675411667 0.9302260675411667 0.9302260675411667 0.00010809642200837466 0.9302260675411667 0.9302260675411667 0.9302260675411667 0.9302260675411667 0.9302260675411667 0.9302260675411667 0.00010809642200837466 0.9302260675411667 0.9302260675411667 0.9302260675411667 0.9302260675411667 0.9302260675411667 0.9302260675411667 0.9302260675411667 0.9302260675411667 0.9302260675411667 0.9302260675411667 0.9302260675411667
16-45392184-T-C 0.9302260675411667 0.9302260675411667 0.9302260675411667 0.9302260675411667 0.9302260675411667 0.9302260675411667 0.9302260675411667 0.9302260675411667 0.9302260675411667 0.9302260675411667 0.9302260675411667 0.9302260675411667 0.9302260675411667 0.9302260675411667 0.9302260675411667 0.9302260675411667 0.9302260675411667 0.9302260675411667 0.00010809642200837466 0.9302260675411667 0.9302260675411667 0.00010809642200837466 0.9302260675411667 0.9302260675411667
7-17211606-T-A 0.9302260675411667 0.00010809642200837466 0.9302260675411667 0.9302260675411667 0.00010809642200837466 0.9302260675411667 0.00010809642200837466 0.00010809642200837466 0.9302260675411667 0.00010809642200837466 0.9302260675411667 0.9302260675411667 0.9302260675411667 0.9302260675411667 0.9302260675411667 0.9302260675411667 0.9302260675411667 0.9302260675411667 0.9302260675411667 0.9302260675411667 0.9302260675411667 0.9302260675411667 0.9302260675411667 0.9302260675411667
18-80212658-A-T 0.00010809642200837466 0.9302260675411667 0.9302260675411667 0.9302260675411667 0.9302260675411667 0.00010809642200837466 0.9302260675411667 0.9302260675411667 0.9302260675411667 0.9302260675411667 0.9302260675411667 0.9302260675411667 0.00010809642200837466 0.9302260675411667 0.00010809642200837466 0.9302260675411667 0.9302260675411667 0.9302260675411667 0.9302260675411667 0.9302260675411667 0.9302260675411667 0.9302260675411667 0.9302260675411667 0.9302260675411667
5-137911710-A-C 0.00010809642200837466 0.00010809642200837466 0.00010809642200837466 0.00010809642200837466 0.00010809642200837466 0.00010809642200837466 0.00010809642200837466 0.00010809642200837466 0.00010809642200837466 0.00010809642200837466 0.00010809642200837466 0.9302260675411667 0.00010809642200837466 0.00010809642200837466 0.00010809642200837466 0.00010809642200837466 0.00010809642200837466 0.00010809642200837466 0.00010809642200837466 0.00010809642200837466 0.00010809642200837466 0.00010809642200837466 0.00010809642200837466 0.9302260675411667
7-123181613-G-T 0.9302260675411667 0.9302260675411667 0.9302260675411667 0.00010809642200837466 0.9302260675411667 0.9302260675411667 0.9302260675411667 0.9302260675411667 0.9302260675411667 0.9302260675411667 0.9302260675411667 0.9302260675411667 0.9302260675411667 0.9302260675411667 0.9302260675411667 0.9302260675411667 0.00010809642200837466 0.9302260675411667 0.9302260675411667 0.00010809642200837466 0.9302260675411667 0.9302260675411667 0.9302260675411667 0.9302260675411667
6-12006953-T-C 0.9302260675411667 0.9302260675411667 0.9302260675411667 0.9302260675411667 0.9302260675411667 0.9302260675411667 0.9302260675411667 0.9302260675411667 0.9302260675411667 0.9302260675411667 0.9302260675411667 0.9302260675411667 0.9302260675411667 0.9302260675411667 0.9302260675411667 0.9302260675411667 0.9302260675411667 0.9302260675411667 0.00010809642200837466 0.9302260675411667 0.9302260675411667 0.00010809642200837466 0.9302260675411667 0.9302260675411667
8-20382170-C-A 0.00010809642200837466 0.00010809642200837466 0.00010809642200837466 0.00010809642200837466 0.00010809642200837466 0.00010809642200837466 0.00010809642200837466 0.00010809642200837466 0.00010809642200837466 0.00010809642200837466 0.00010809642200837466 0.00010809642200837466 0.00010809642200837466 0.00010809642200837466 0.00010809642200837466 0.00010809642200837466 0.00010809642200837466 0.00010809642200837466 0.00010809642200837466 0.9302260675411667 0.00010809642200837466 0.00010809642200837466 0.00010809642200837466 0.00010809642200837466
15-97680417-G-C 0.9302260675411667 0.9302260675411667 0.9302260675411667 0.9302260675411667 0.9302260675411667 0.9302260675411667 0.9302260675411667 0.9302260675411667 0.9302260675411667 0.9302260675411667 0.9302260675411667 0.9302260675411667 0.9302260675411667 0.00010809642200837466 0.9302260675411667 0.9302260675411667 0.9302260675411667 0.9302260675411667 0.9302260675411667 0.9302260675411667 0.9302260675411667 0.9302260675411667 0.9302260675411667 0.00010809642200837466
5-117446745-C-T 0.00010809642200837466 0.00010809642200837466 0.00010809642200837466 0.9302260675411667 0.00010809642200837466 0.00010809642200837466 0.9302260675411667 0.00010809642200837466 0.00010809642200837466 0.00010809642200837466 0.00010809642200837466 0.00010809642200837466 0.00010809642200837466 0.00010809642200837466 0.00010809642200837466 0.00010809642200837466 0.9302260675411667 0.00010809642200837466 0.00010809642200837466 0.00010809642200837466 0.00010809642200837466 0.9302260675411667 0.00010809642200837466 0.9302260675411667
2-158831643-C-T 0.00010809642200837466 0.00010809642200837466 0.00010809642200837466 0.00010809642200837466 0.00010809642200837466 0.00010809642200837466 0.00010809642200837466 0.00010809642200837466 0.00010809642200837466 0.00010809642200837466 0.00010809642200837466 0.9302260675411667 0.00010809642200837466 0.00010809642200837466 0.00010809642200837466 0.00010809642200837466 0.00010809642200837466 0.00010809642200837466 0.00010809642200837466 0.00010809642200837466 0.00010809642200837466 0.00010809642200837466 0.00010809642200837466 0.00010809642200837466
2-156294379-T-C 0.00010809642200837466 0.9302260675411667 0.9302260675411667 0.9302260675411667 0.9302260675411667 0.00010809642200837466 0.9302260675411667 0.9302260675411667 0.9302260675411667 0.9302260675411667 0.9302260675411667 0.9302260675411667 0.00010809642200837466 0.9302260675411667 0.00010809642200837466 0.9302260675411667 0.9302260675411667 0.9302260675411667 0.9302260675411667 0.9302260675411667 0.9302260675411667 0.9302260675411667 0.00010809642200837466 0.9302260675411667
5-70794748-T-C 0.9302260675411667 0.00010809642200837466 0.9302260675411667 0.9302260675411667 0.9302260675411667 0.9302260675411667 0.00010809642200837466 0.00010809642200837466 0.9302260675411667 0.00010809642200837466 0.9302260675411667 0.9302260675411667 0.9302260675411667 0.9302260675411667 0.9302260675411667 0.9302260675411667 0.9302260675411667 0.9302260675411667 0.9302260675411667 0.9302260675411667 0.9302260675411667 0.9302260675411667 0.9302260675411667 0.9302260675411667
16-17081718-T-G 0.9302260675411667 0.00010809642200837466 0.9302260675411667 0.9302260675411667 0.9302260675411667 0.9302260675411667 0.00010809642200837466 0.9302260675411667 0.9302260675411667 0.9302260675411667 0.9302260675411667 0.9302260675411667 0.9302260675411667 0.9302260675411667 0.9302260675411667 0.9302260675411667 0.9302260675411667 0.9302260675411667 0.9302260675411667 0.9302260675411667 0.9302260675411667 0.9302260675411667 0.9302260675411667 0.9302260675411667
4-46170541-T-C 0.9302260675411667 0.00010809642200837466 0.9302260675411667 0.9302260675411667 0.9302260675411667 0.9302260675411667 0.00010809642200837466 0.9302260675411667 0.9302260675411667 0.9302260675411667 0.9302260675411667 0.9302260675411667 0.9302260675411667 0.9302260675411667 0.9302260675411667 0.9302260675411667 0.9302260675411667 0.9302260675411667 0.9302260675411667 0.9302260675411667 0.9302260675411667 0.9302260675411667 0.9302260675411667 0.9302260675411667
11-58435386-T-C 0.9302260675411667 0.9302260675411667 0.9302260675411667 0.9302260675411667 0.9302260675411667 0.9302260675411667 0.9302260675411667 0.9302260675411667 0.00010809642200837466 0.9302260675411667 0.00010809642200837466 0.9302260675411667 0.9302260675411667 0.9302260675411667 0.9302260675411667 0.9302260675411667 0.9302260675411667 0.9302260675411667 0.9302260675411667 0.9302260675411667 0.9302260675411667 0.9302260675411667 0.9302260675411667 0.9302260675411667
9-104041112-G-A 0.00010809642200837466 0.00010809642200837466 0.00010809642200837466 0.9302260675411667 0.00010809642200837466 0.00010809642200837466 0.00010809642200837466 0.00010809642200837466 0.00010809642200837466 0.00010809642200837466 0.00010809642200837466 0.00010809642200837466 0.00010809642200837466 0.00010809642200837466 0.00010809642200837466 0.00010809642200837466 0.00010809642200837466 0.00010809642200837466 0.00010809642200837466 0.00010809642200837466 0.00010809642200837466 0.00010809642200837466 0.9302260675411667 0.00010809642200837466
9-108218254-C-A 0.00010809642200837466 0.9302260675411667 0.9302260675411667 0.9302260675411667 0.9302260675411667 0.00010809642200837466 0.9302260675411667 0.9302260675411667 0.9302260675411667 0.9302260675411667 0.9302260675411667 0.9302260675411667 0.00010809642200837466 0.9302260675411667 0.00010809642200837466 0.9302260675411667 0.9302260675411667 0.9302260675411667 0.9302260675411667 0.9302260675411667 0.9302260675411667 0.9302260675411667 0.00010809642200837466 0.9302260675411667
3-41711211-A-G 0.9302260675411667 0.00010809642200837466 0.9302260675411667 0.9302260675411667 0.9302260675411667 0.9302260675411667 0.00010809642200837466 0.00010809642200837466 0.9302260675411667 0.00010809642200837466 0.9302260675411667 0.9302260675411667 0.9302260675411667 0.9302260675411667 0.9302260675411667 0.9302260675411667 0.9302260675411667 0.9302260675411667 0.9302260675411667 0.9302260675411667 0.9302260675411667 0.9302260675411667 0.9302260675411667 0.9302260675411667
10-92165089-G-A 0.9302260675411667 0.9302260675411667 0.9302260675411667 0.9302260675411667 0.9302260675411667 0.9302260675411667 0.9302260675411667 0.9302260675411667 0.9302260675411667 0.9302260675411667 0.9302260675411667 0.00010809642200837466 0.9302260675411667 0.9302260675411667 0.9302260675411667 0.9302260675411667 0.9302260675411667 0.9302260675411667 0.9302260675411667 0.9302260675411667 0.00010809642200837466 0.9302260675411667 0.9302260675411667 0.9302260675411667
2-30159710-C-G 0.00010809642200837466 0.9302260675411667 0.9302260675411667 0.9302260675411667 0.9302260675411667 0.00010809642200837466 0.9302260675411667 0.9302260675411667 0.9302260675411667 0.9302260675411667 0.9302260675411667 0.9302260675411667 0.00010809642200837466 0.9302260675411667 0.00010809642200837466 0.9302260675411667 0.9302260675411667 0.9302260675411667 0.9302260675411667 0.9302260675411667 0.9302260675411667 0.9302260675411667 0.00010809642200837466 0.9302260675411667
1-171285072-C-G 0.00010809642200837466 0.9302260675411667 0.9302260675411667 0.9302260675411667 0.9302260675411667 0.00010809642200837466 0.9302260675411667 0.9302260675411667 0.9302260675411667 0.9302260675411667 0.9302260675411667 0.9302260675411667 0.00010809642200837466 0.9302260675411667 0.9302260675411667 0.9302260675411667 0.9302260675411667 0.9302260675411667 0.9302260675411667 0.9302260675411667 0.9302260675411667 0.9302260675411667 0.9302260675411667 0.9302260675411667
8-62023278-A-G 0.9302260675411667 0.9302260675411667 0.9302260675411667 0.9302260675411667 0.9302260675411667 0.9302260675411667 0.9302260675411667 0.9302260675411667 0.9302260675411667 0.9302260675411667 0.9302260675411667 0.00010809642200837466 0.9302260675411667 0.9302260675411667 0.9302260675411667 0.9302260675411667 0.9302260675411667 0.9302260675411667 0.9302260675411667 0.9302260675411667 0.00010809642200837466 0.9302260675411667 0.9302260675411667 0.9302260675411667
16-56126117-T-G 0.9302260675411667 0.9302260675411667 0.9302260675411667 0.9302260675411667 0.9302260675411667 0.9302260675411667 0.9302260675411667 0.9302260675411667 0.9302260675411667 0.9302260675411667 0.9302260675411667 0.9302260675411667 0.9302260675411667 0.00010809642200837466 0.9302260675411667 0.9302260675411667 0.9302260675411667 0.9302260675411667 0.9302260675411667 0.9302260675411667 0.9302260675411667 0.9302260675411667 0.9302260675411667 0.00010809642200837466
19-13342552-T-G 0.00010809642200837466 0.00010809642200837466 0.00010809642200837466 0.00010809642200837466 0.00010809642200837466 0.00010809642200837466 0.00010809642200837466 0.00010809642200837466 0.00010809642200837466 0.00010809642200837466 0.00010809642200837466 0.00010809642200837466 0.00010809642200837466 0.00010809642200837466 0.00010809642200837466 0.00010809642200837466 0.00010809642200837466 0.9302260675411667 0.00010809642200837466 0.00010809642200837466 0.00010809642200837466 0.00010809642200837466 0.00010809642200837466 0.00010809642200837466
5-88210893-A-G 0.9302260675411667 0.9302260675411667 0.9302260675411667 0.9302260675411667 0.9302260675411667 0.9302260675411667 0.9302260675411667 0.9302260675411667 0.9302260675411667 0.9302260675411667 0.9302260675411667 0.00010809642200837466 0.9302260675411667 0.9302260675411667 0.9302260675411667 0.9302260675411667 0.9302260675411667 0.9302260675411667 0.9302260675411667 0.9302260675411667 0.00010809642200837466 0.9302260675411667 0.9302260675411667 0.9302260675411667
8-94587935-G-A 0.00010809642200837466 0.9302260675411667 0.9302260675411667 0.9302260675411667 0.9302260675411667 0.00010809642200837466 0.9302260675411667 0.9302260675411667 0.9302260675411667 0.9302260675411667 0.9302260675411667 0.9302260675411667 0.00010809642200837466 0.9302260675411667 0.9302260675411667 0.9302260675411667 0.9302260675411667 0.9302260675411667 0.9302260675411667 0.9302260675411667 0.9302260675411667 0.9302260675411667 0.9302260675411667 0.9302260675411667
9-96038653-T-A 0.9302260675411667 0.9302260675411667 0.9302260675411667 0.9302260675411667 0.9302260675411667 0.9302260675411667 0.9302260675411667 0.9302260675411667 0.9302260675411667 0.9302260675411667 0.9302260675411667 0.00010809642200837466 0.9302260675411667 0.9302260675411667 0.9302260675411667 0.9302260675411667 0.9302260675411667 0.9302260675411667 0.9302260675411667 0.9302260675411667 0.00010809642200837466 0.9302260675411667 0.9302260675411667 0.9302260675411667
2-158220472-C-G 0.00010809642200837466 0.9302260675411667 0.9302260675411667 0.9302260675411667 0.9302260675411667 0.9302260675411667 0.9302260675411667 0.9302260675411667 0.9302260675411667 0.9302260675411667 0.9302260675411667 0.9302260675411667 0.00010809642200837466 0.9302260675411667 0.9302260675411667 0.9302260675411667 0.9302260675411667 0.9302260675411667 0.9302260675411667 0.9302260675411667 0.9302260675411667 0.9302260675411667 0.9302260675411667 0.9302260675411667
7-85011931-T-C 0.9302260675411667 0.00010809642200837466 0.9302260675411667 0.9302260675411667 0.9302260675411667 0.9302260675411667 0.00010809642200837466 0.9302260675411667 0.9302260675411667 0.9302260675411667 0.9302260675411667 0.9302260675411667 0.9302260675411667 0.9302260675411667 0.9302260675411667 0.9302260675411667 0.9302260675411667 0.9302260675411667 0.9302260675411667 0.9302260675411667 0.9302260675411667 0.9302260675411667 0.9302260675411667 0.9302260675411667
14-99056816-T-C 0.9302260675411667 0.9302260675411667 0.9302260675411667 0.9302260675411667 0.9302260675411667 0.9302260675411667 0.9302260675411667 0.9302260675411667 0.00010809642200837466 0.9302260675411667 0.00010809642200837466 0.9302260675411667 0.9302260675411667 0.9302260675411667 0.9302260675411667 0.9302260675411667 0.9302260675411667 0.9302260675411667 0.9302260675411667 0.9302260675411667 0.9302260675411667 0.9302260675411667 0.9302260675411667 0.9302260675411667
9-56619672-G-T 0.00010809642200837466 0.9302260675411667 0.9302260675411667 0.9302260675411667 0.9302260675411667 0.00010809642200837466 0.9302260675411667 0.9302260675411667 0.9302260675411667 0.9302260675411667 0.9302260675411667 0.9302260675411667 0.00010809642200837466 0.9302260675411667 0.00010809642200837466 0.9302260675411667 0.9302260675411667 0.9302260675411667 0.9302260675411667 0.9302260675411667 0.9302260675411667 0.9302260675411667 0.9302260675411667 0.9302260675411667
14-56475637-G-A 0.00010809642200837466 0.9302260675411667 0.9302260675411667 0.9302260675411667 0.9302260675411667 0.00010809642200837466 0.9302260675411667 0.9302260675411667 0.9302260675411667 0.9302260675411667 0.9302260675411667 0.9302260675411667 0.00010809642200837466 0.9302260675411667 0.00010809642200837466 0.9302260675411667 0.9302260675411667 0.9302260675411667 0.9302260675411667 0.9302260675411667 0.9302260675411667 0.9302260675411667 0.9302260675411667 0.9302260675411667
9-107336247-C-A 0.9302260675411667 0.9302260675411667 0.9302260675411667 0.9302260675411667 0.9302260675411667 0.9302260675411667 0.9302260675411667 0.9302260675411667 0.00010809642200837466 0.9302260675411667 0.00010809642200837466 0.9302260675411667 0.9302260675411667 0.9302260675411667 0.9302260675411667 0.9302260675411667 0.9302260675411667 0.9302260675411667 0.9302260675411667 0.9302260675411667 0.9302260675411667 0.9302260675411667 0.9302260675411667 0.9302260675411667
19-23994815-G-C 0.00010809642200837466 0.9302260675411667 0.9302260675411667 0.9302260675411667 0.9302260675411667 0.9302260675411667 0.9302260675411667 0.9302260675411667 0.9302260675411667 0.9302260675411667 0.9302260675411667 0.9302260675411667 0.00010809642200837466 0.9302260675411667 0.9302260675411667 0.9302260675411667 0.9302260675411667 0.9302260675411667 0.9302260675411667 0.9302260675411667 0.9302260675411667 0.9302260675411667 0.9302260675411667 0.9302260675411667
6-57926873-T-C 0.9302260675411667 0.9302260675411667 0.9302260675411667 0.9302260675411667 0.9302260675411667 0.9302260675411667 0.9302260675411667 0.9302260675411667 0.00010809642200837466 0.9302260675411667 0.00010809642200837466 0.9302260675411667 0.9302260675411667 0.9302260675411667 0.9302260675411667 0.9302260675411667 0.9302260675411667 0.9302260675411667 0.9302260675411667 0.9302260675411667 0.9302260675411667 0.9302260675411667 0.9302260675411667 0.9302260675411667
6-125179520-T-C 0.9302260675411667 0.9302260675411667 0.9302260675411667 0.9302260675411667 0.9302260675411667 0.9302260675411667 0.9302260675411667 0.9302260675411667 0.00010809642200837466 0.9302260675411667 0.00010809642200837466 0.9302260675411667 0.9302260675411667 0.9302260675411667 0.9302260675411667 0.9302260675411667 0.9302260675411667 0.9302260675411667 0.9302260675411667 0.9302260675411667 0.9302260675411667 0.9302260675411667 0.9302260675411667 0.9302260675411667
14-66968757-G-C 0.9302260675411667 0.9302260675411667 0.9302260675411667 0.9302260675411667 0.9302260675411667 0.9302260675411667 0.9302260675411667 0.9302260675411667 0.9302260675411667 0.9302260675411667 0.9302260675411667 0.9302260675411667 0.9302260675411667 0.00010809642200837466 0.9302260675411667 0.9302260675411667 0.9302260675411667 0.9302260675411667 0.9302260675411667 0.9302260675411667 0.9302260675411667 0.9302260675411667 0.9302260675411667 0.00010809642200837466
5-147190258-T-A 0.9302260675411667 0.00010809642200837466 0.9302260675411667 0.9302260675411667 0.00010809642200837466 0.9302260675411667 0.00010809642200837466 0.00010809642200837466 0.9302260675411667 0.00010809642200837466 0.9302260675411667 0.9302260675411667 0.9302260675411667 0.9302260675411667 0.9302260675411667 0.9302260675411667 0.9302260675411667 0.9302260675411667 0.9302260675411667 0.9302260675411667 0.9302260675411667 0.9302260675411667 0.9302260675411667 0.9302260675411667
19-10201177-A-G 0.9302260675411667 0.9302260675411667 0.9302260675411667 0.9302260675411667 0.9302260675411667 0.9302260675411667 0.9302260675411667 0.9302260675411667 0.00010809642200837466 0.9302260675411667 0.00010809642200837466 0.9302260675411667 0.9302260675411667 0.9302260675411667 0.9302260675411667 0.9302260675411667 0.9302260675411667 0.9302260675411667 0.9302260675411667 0.9302260675411667 0.9302260675411667 0.9302260675411667 0.9302260675411667 0.9302260675411667
17-34860884-G-T 0.9302260675411667 0.9302260675411667 0.9302260675411667 0.9302260675411667 0.9302260675411667 0.9302260675411667 0.9302260675411667 0.9302260675411667 0.00010809642200837466 0.9302260675411667 0.00010809642200837466 0.9302260675411667 0.9302260675411667 0.9302260675411667 0.9302260675411667 0.9302260675411667 0.9302260675411667 0.9302260675411667 0.9302260675411667 0.9302260675411667 0.9302260675411667 0.9302260675411667 0.9302260675411667 0.9302260675411667
13-22283582-T-C 0.9302260675411667 0.9302260675411667 0.9302260675411667 0.9302260675411667 0.9302260675411667 0.9302260675411667 0.9302260675411667 0.9302260675411667 0.9302260675411667 0.9302260675411667 0.9302260675411667 0.00010809642200837466 0.9302260675411667 0.9302260675411667 0.9302260675411667 0.9302260675411667 0.9302260675411667 0.9302260675411667 0.9302260675411667 0.9302260675411667 0.00010809642200837466 0.9302260675411667 0.9302260675411667 0.9302260675411667
1-21349996-A-C 0.9302260675411667 0.9302260675411667 0.9302260675411667 0.9302260675411667 0.9302260675411667 0.9302260675411667 0.9302260675411667 0.9302260675411667 0.00010809642200837466 0.9302260675411667 0.00010809642200837466 0.9302260675411667 0.9302260675411667 0.9302260675411667 0.9302260675411667 0.9302260675411667 0.9302260675411667 0.9302260675411667 0.9302260675411667 0.9302260675411667 0.9302260675411667 0.9302260675411667 0.9302260675411667 0.9302260675411667
13-23757044-A-G 0.9302260675411667 0.9302260675411667 0.9302260675411667 0.9302260675411667 0.9302260675411667 0.9302260675411667 0.9302260675411667 0.9302260675411667 0.9302260675411667 0.9302260675411667 0.9302260675411667 0.00010809642200837466 0.9302260675411667 0.9302260675411667 0.9302260675411667 0.9302260675411667 0.9302260675411667 0.9302260675411667 0.9302260675411667 0.9302260675411667 0.00010809642200837466 0.9302260675411667 0.9302260675411667 0.9302260675411667
3-130003140-A-G 0.9302260675411667 0.9302260675411667 0.9302260675411667 0.9302260675411667 0.9302260675411667 0.9302260675411667 0.9302260675411667 0.9302260675411667 0.9302260675411667 0.9302260675411667 0.9302260675411667 0.00010809642200837466 0.9302260675411667 0.9302260675411667 0.9302260675411667 0.9302260675411667 0.9302260675411667 0.9302260675411667 0.9302260675411667 0.9302260675411667 0.00010809642200837466 0.9302260675411667 0.9302260675411667 0.9302260675411667
1-93996266-T-C 0.00010809642200837466 0.00010809642200837466 0.9302260675411667 0.00010809642200837466 0.00010809642200837466 0.00010809642200837466 0.00010809642200837466 0.00010809642200837466 0.00010809642200837466 0.00010809642200837466 0.00010809642200837466 0.9302260675411667 0.00010809642200837466 0.00010809642200837466 0.00010809642200837466 0.9302260675411667 0.00010809642200837466 0.00010809642200837466 0.9302260675411667 0.00010809642200837466 0.9302260675411667 0.9302260675411667 0.00010809642200837466 0.00010809642200837466
16-57133075-A-T 0.9302260675411667 0.9302260675411667 0.9302260675411667 0.00010809642200837466 0.9302260675411667 0.9302260675411667 0.9302260675411667 0.9302260675411667 0.9302260675411667 0.9302260675411667 0.9302260675411667 0.9302260675411667 0.9302260675411667 0.9302260675411667 0.9302260675411667 0.9302260675411667 0.00010809642200837466 0.9302260675411667 0.9302260675411667 0.00010809642200837466 0.9302260675411667 0.9302260675411667 0.9302260675411667 0.9302260675411667
6-29451472-G-A 0.9302260675411667 0.9302260675411667 0.9302260675411667 0.9302260675411667 0.9302260675411667 0.9302260675411667 0.9302260675411667 0.9302260675411667 0.9302260675411667 0.9302260675411667 0.9302260675411667 0.9302260675411667 0.9302260675411667 0.9302260675411667 0.9302260675411667 0.9302260675411667 0.9302260675411667 0.9302260675411667 0.00010809642200837466 0.9302260675411667 0.9302260675411667 0.00010809642200837466 0.9302260675411667 0.9302260675411667
1-54987484-G-A 0.9302260675411667 0.9302260675411667 0.9302260675411667 0.00010809642200837466 0.9302260675411667 0.9302260675411667 0.9302260675411667 0.9302260675411667 0.9302260675411667 0.9302260675411667 0.9302260675411667 0.9302260675411667 0.9302260675411667 0.9302260675411667 0.9302260675411667 0.9302260675411667 0.00010809642200837466 0.9302260675411667 0.9302260675411667 0.00010809642200837466 0.9302260675411667 0.9302260675411667 0.9302260675411667 0.9302260675411667
2-150484803-A-G 0.00010809642200837466 0.00010809642200837466 0.00010809642200837466 0.00010809642200837466 0.00010809642200837466 0.00010809642200837466 0.00010809642200837466 0.00010809642200837466 0.00010809642200837466 0.00010809642200837466 0.00010809642200837466 0.9302260675411667 0.00010809642200837466 0.00010809642200837466 0.00010809642200837466 0.00010809642200837466 0.00010809642200837466 0.00010809642200837466 0.00010809642200837466 0.00010809642200837466 0.00010809642200837466 0.00010809642200837466 0.00010809642200837466 0.00010809642200837466
6-5156785-A-C 0.9302260675411667 0.00010809642200837466 0.00010809642200837466 0.00010809642200837466 0.00010809642200837466 0.9302260675411667 0.00010809642200837466 0.00010809642200837466 0.00010809642200837466 0.00010809642200837466 0.00010809642200837466 0.00010809642200837466 0.9302260675411667 0.00010809642200837466 0.9302260675411667 0.00010809642200837466 0.00010809642200837466 0.00010809642200837466 0.00010809642200837466 0.00010809642200837466 0.00010809642200837466 0.00010809642200837466 0.00010809642200837466 0.00010809642200837466
14-5896084-T-C 0.9302260675411667 0.9302260675411667 0.9302260675411667 0.9302260675411667 0.9302260675411667 0.9302260675411667 0.9302260675411667 0.9302260675411667 0.00010809642200837466 0.9302260675411667 0.00010809642200837466 0.9302260675411667 0.9302260675411667 0.9302260675411667 0.9302260675411667 0.9302260675411667 0.9302260675411667 0.9302260675411667 0.9302260675411667 0.9302260675411667 0.9302260675411667 0.9302260675411667 0.9302260675411667 0.9302260675411667
18-7920349-G-A 0.00010809642200837466 0.9302260675411667 0.9302260675411667 0.9302260675411667 0.9302260675411667 0.00010809642200837466 0.9302260675411667 0.9302260675411667 0.00010809642200837466 0.9302260675411667 0.00010809642200837466 0.9302260675411667 0.00010809642200837466 0.9302260675411667 0.00010809642200837466 0.9302260675411667 0.9302260675411667 0.9302260675411667 0.9302260675411667 0.9302260675411667 0.9302260675411667 0.9302260675411667 0.00010809642200837466 0.9302260675411667
12-101051223-T-C 0.9302260675411667 0.9302260675411667 0.9302260675411667 0.9302260675411667 0.9302260675411667 0.9302260675411667 0.9302260675411667 0.9302260675411667 0.00010809642200837466 0.9302260675411667 0.00010809642200837466 0.9302260675411667 0.9302260675411667 0.9302260675411667 0.9302260675411667 0.9302260675411667 0.9302260675411667 0.9302260675411667 0.9302260675411667 0.9302260675411667 0.9302260675411667 0.9302260675411667 0.9302260675411667 0.9302260675411667
9-62892992-T-C 0.9302260675411667 0.9302260675411667 0.9302260675411667 0.9302260675411667 0.9302260675411667 0.9302260675411667 0.9302260675411667 0.9302260675411667 0.00010809642200837466 0.9302260675411667 0.00010809642200837466 0.9302260675411667 0.9302260675411667 0.9302260675411667 0.9302260675411667 0.9302260675411667 0.9302260675411667 0.9302260675411667 0.9302260675411667 0.9302260675411667 0.9302260675411667 0.9302260675411667 0.9302260675411667 0.9302260675411667
9-55036480-C-G 0.9302260675411667 0.9302260675411667 0.9302260675411667 0.9302260675411667 0.9302260675411667 0.9302260675411667 0.9302260675411667 0.9302260675411667 0.9302260675411667 0.9302260675411667 0.9302260675411667 0.9302260675411667 0.9302260675411667 0.00010809642200837466 0.9302260675411667 0.9302260675411667 0.9302260675411667 0.9302260675411667 0.9302260675411667 0.9302260675411667 0.9302260675411667 0.9302260675411667 0.9302260675411667 0.00010809642200837466
4-145513145-G-C 0.00010809642200837466 0.00010809642200837466 0.00010809642200837466 0.00010809642200837466 0.00010809642200837466 0.00010809642200837466 0.00010809642200837466 0.00010809642200837466 0.00010809642200837466 0.00010809642200837466 0.00010809642200837466 0.00010809642200837466 0.00010809642200837466 0.00010809642200837466 0.9302260675411667 0.00010809642200837466 0.00010809642200837466 0.00010809642200837466 0.00010809642200837466 0.00010809642200837466 0.00010809642200837466 0.00010809642200837466 0.00010809642200837466 0.00010809642200837466
2-112244579-G-A 0.00010809642200837466 0.00010809642200837466 0.00010809642200837466 0.00010809642200837466 0.00010809642200837466 0.00010809642200837466 0.00010809642200837466 0.00010809642200837466 0.00010809642200837466 0.00010809642200837466 0.00010809642200837466 0.9302260675411667 0.00010809642200837466 0.00010809642200837466 0.00010809642200837466 0.00010809642200837466 0.00010809642200837466 0.00010809642200837466 0.00010809642200837466 0.00010809642200837466 0.00010809642200837466 0.00010809642200837466 0.00010809642200837466 0.00010809642200837466
5-24565974-T-C 0.9302260675411667 0.9302260675411667 0.9302260675411667 0.9302260675411667 0.9302260675411667 0.9302260675411667 0.9302260675411667 0.9302260675411667 0.00010809642200837466 0.9302260675411667 0.00010809642200837466 0.9302260675411667 0.9302260675411667 0.9302260675411667 0.9302260675411667 0.9302260675411667 0.9302260675411667 0.9302260675411667 0.9302260675411667 0.9302260675411667 0.9302260675411667 0.9302260675411667 0.9302260675411667 0.9302260675411667
1-172172754-A-T 0.9302260675411667 0.9302260675411667 0.9302260675411667 0.9302260675411667 0.9302260675411667 0.9302260675411667 0.9302260675411667 0.9302260675411667 0.9302260675411667 0.9302260675411667 0.9302260675411667 0.00010809642200837466 0.9302260675411667 0.9302260675411667 0.9302260675411667 0.9302260675411667 0.9302260675411667 0.9302260675411667 0.9302260675411667 0.9302260675411667 0.00010809642200837466 0.9302260675411667 0.9302260675411667 0.9302260675411667
2-120041465-C-G 0.9302260675411667 0.9302260675411667 0.9302260675411667 0.9302260675411667 0.9302260675411667 0.9302260675411667 0.9302260675411667 0.9302260675411667 0.9302260675411667 0.9302260675411667 0.9302260675411667 0.9302260675411667 0.9302260675411667 0.00010809642200837466 0.9302260675411667 0.9302260675411667 0.9302260675411667 0.9302260675411667 0.9302260675411667 0.9302260675411667 0.9302260675411667 0.9302260675411667 0.9302260675411667 0.00010809642200837466
1-118651652-T-G 0.00010809642200837466 0.9302260675411667 0.9302260675411667 0.9302260675411667 0.9302260675411667 0.9302260675411667 0.9302260675411667 0.9302260675411667 0.9302260675411667 0.9302260675411667 0.9302260675411667 0.9302260675411667 0.00010809642200837466 0.9302260675411667 0.9302260675411667 0.9302260675411667 0.9302260675411667 0.9302260675411667 0.9302260675411667 0.9302260675411667 0.9302260675411667 0.9302260675411667 0.9302260675411667 0.9302260675411667
3-103983224-T-C 0.9302260675411667 0.9302260675411667 0.9302260675411667 0.9302260675411667 0.9302260675411667 0.9302260675411667 0.9302260675411667 0.9302260675411667 0.00010809642200837466 0.9302260675411667 0.00010809642200837466 0.9302260675411667 0.9302260675411667 0.9302260675411667 0.9302260675411667 0.9302260675411667 0.9302260675411667 0.9302260675411667 0.9302260675411667 0.9302260675411667 0.9302260675411667 0.9302260675411667 0.9302260675411667 0.9302260675411667
11-58509035-T-G 0.9302260675411667 0.00010809642200837466 0.9302260675411667 0.9302260675411667 0.9302260675411667 0.9302260675411667 0.00010809642200837466 0.9302260675411667 0.9302260675411667 0.9302260675411667 0.9302260675411667 0.9302260675411667 0.9302260675411667 0.9302260675411667 0.9302260675411667 0.9302260675411667 0.9302260675411667 0.9302260675411667 0.9302260675411667 0.9302260675411667 0.9302260675411667 0.9302260675411667 0.9302260675411667 0.9302260675411667
13-12413478-C-T 0.00010809642200837466 0.00010809642200837466 0.00010809642200837466 0.00010809642200837466 0.00010809642200837466 0.00010809642200837466 0.00010809642200837466 0.00010809642200837466 0.00010809642200837466 0.00010809642200837466 0.00010809642200837466 0.00010809642200837466 0.00010809642200837466 0.00010809642200837466 0.00010809642200837466 0.00010809642200837466 0.00010809642200837466 0.00010809642200837466 0.00010809642200837466 0.00010809642200837466 0.00010809642200837466 0.00010809642200837466 0.00010809642200837466 0.9302260675411667
8-64719190-A-T 0.9302260675411667 0.9302260675411667 0.9302260675411667 0.9302260675411667 0.9302260675411667 0.9302260675411667 0.9302260675411667 0.9302260675411667 0.9302260675411667 0.9302260675411667 0.9302260675411667 0.00010809642200837466 0.9302260675411667 0.9302260675411667 0.9302260675411667 0.9302260675411667 0.9302260675411667 0.9302260675411667 0.9302260675411667 0.9302260675411667 0.00010809642200837466 0.9302260675411667 0.9302260675411667 0.9302260675411667
14-53370182-G-A 0.00010809642200837466 0.00010809642200837466 0.00010809642200837466 0.00010809642200837466 0.00010809642200837466 0.00010809642200837466 0.00010809642200837466 0.00010809642200837466 0.00010809642200837466 0.00010809642200837466 0.9302260675411667 0.00010809642200837466 0.00010809642200837466 0.00010809642200837466 0.00010809642200837466 0.00010809642200837466 0.00010809642200837466 0.9302260675411667 0.00010809642200837466 0.00010809642200837466 0.00010809642200837466 0.00010809642200837466 0.00010809642200837466 0.00010809642200837466
6-88126513-T-G 0.9302260675411667 0.9302260675411667 0.9302260675411667 0.00010809642200837466 0.9302260675411667 0.9302260675411667 0.9302260675411667 0.9302260675411667 0.9302260675411667 0.9302260675411667 0.9302260675411667 0.9302260675411667 0.9302260675411667 0.9302260675411667 0.9302260675411667 0.9302260675411667 0.00010809642200837466 0.9302260675411667 0.9302260675411667 0.00010809642200837466 0.9302260675411667 0.9302260675411667 0.9302260675411667 0.9302260675411667
5-124791693-G-A 0.9302260675411667 0.00010809642200837466 0.9302260675411667 0.9302260675411667 0.00010809642200837466 0.9302260675411667 0.00010809642200837466 0.00010809642200837466 0.9302260675411667 0.00010809642200837466 0.9302260675411667 0.9302260675411667 0.9302260675411667 0.9302260675411667 0.9302260675411667 0.9302260675411667 0.9302260675411667 0.9302260675411667 0.9302260675411667 0.9302260675411667 0.9302260675411667 0.9302260675411667 0.9302260675411667 0.9302260675411667
8-64727817-T-C 0.9302260675411667 0.9302260675411667 0.9302260675411667 0.9302260675411667 0.9302260675411667 0.9302260675411667 0.9302260675411667 0.9302260675411667 0.9302260675411667 0.9302260675411667 0.9302260675411667 0.9302260675411667 0.9302260675411667 0.9302260675411667 0.9302260675411667 0.9302260675411667 0.9302260675411667 0.9302260675411667 0.00010809642200837466 0.9302260675411667 0.9302260675411667 0.00010809642200837466 0.9302260675411667 0.9302260675411667
16-10237193-A-T 0.9302260675411667 0.9302260675411667 0.9302260675411667 0.9302260675411667 0.9302260675411667 0.9302260675411667 0.9302260675411667 0.9302260675411667 0.00010809642200837466 0.9302260675411667 0.00010809642200837466 0.9302260675411667 0.9302260675411667 0.9302260675411667 0.9302260675411667 0.9302260675411667 0.9302260675411667 0.9302260675411667 0.9302260675411667 0.9302260675411667 0.9302260675411667 0.9302260675411667 0.9302260675411667 0.9302260675411667
9-110352909-T-A 0.9302260675411667 0.9302260675411667 0.9302260675411667 0.9302260675411667 0.9302260675411667 0.9302260675411667 0.9302260675411667 0.9302260675411667 0.00010809642200837466 0.9302260675411667 0.00010809642200837466 0.9302260675411667 0.9302260675411667 0.9302260675411667 0.9302260675411667 0.9302260675411667 0.9302260675411667 0.9302260675411667 0.9302260675411667 0.9302260675411667 0.9302260675411667 0.9302260675411667 0.9302260675411667 0.9302260675411667
12-19892009-C-A 0.00010809642200837466 0.9302260675411667 0.9302260675411667 0.9302260675411667 0.9302260675411667 0.00010809642200837466 0.9302260675411667 0.9302260675411667 0.9302260675411667 0.9302260675411667 0.9302260675411667 0.9302260675411667 0.00010809642200837466 0.9302260675411667 0.00010809642200837466 0.9302260675411667 0.9302260675411667 0.9302260675411667 0.9302260675411667 0.9302260675411667 0.9302260675411667 0.9302260675411667 0.00010809642200837466 0.9302260675411667
8-67502349-A-T 0.9302260675411667 0.9302260675411667 0.9302260675411667 0.00010809642200837466 0.9302260675411667 0.9302260675411667 0.9302260675411667 0.9302260675411667 0.9302260675411667 0.9302260675411667 0.9302260675411667 0.9302260675411667 0.9302260675411667 0.9302260675411667 0.9302260675411667 0.9302260675411667 0.00010809642200837466 0.9302260675411667 0.9302260675411667 0.00010809642200837466 0.9302260675411667 0.9302260675411667 0.9302260675411667 0.9302260675411667
7-107590324-A-G 0.00010809642200837466 0.9302260675411667 0.9302260675411667 0.9302260675411667 0.9302260675411667 0.00010809642200837466 0.9302260675411667 0.9302260675411667 0.9302260675411667 0.9302260675411667 0.9302260675411667 0.9302260675411667 0.00010809642200837466 0.9302260675411667 0.00010809642200837466 0.9302260675411667 0.9302260675411667 0.9302260675411667 0.9302260675411667 0.9302260675411667 0.9302260675411667 0.9302260675411667 0.9302260675411667 0.9302260675411667
3-158036850-A-G 0.00010809642200837466 0.9302260675411667 0.00010809642200837466 0.00010809642200837466 0.00010809642200837466 0.00010809642200837466 0.00010809642200837466 0.9302260675411667 0.00010809642200837466 0.9302260675411667 0.00010809642200837466 0.00010809642200837466 0.00010809642200837466 0.00010809642200837466 0.9302260675411667 0.9302260675411667 0.00010809642200837466 0.9302260675411667 0.00010809642200837466 0.00010809642200837466 0.00010809642200837466 0.9302260675411667 0.00010809642200837466 0.00010809642200837466
5-8521002-T-G 0.9302260675411667 0.00010809642200837466 0.9302260675411667 0.9302260675411667 0.9302260675411667 0.9302260675411667 0.00010809642200837466 0.9302260675411667 0.9302260675411667 0.9302260675411667 0.9302260675411667 0.9302260675411667 0.9302260675411667 0.9302260675411667 0.9302260675411667 0.9302260675411667 0.9302260675411667 0.9302260675411667 0.9302260675411667 0.9302260675411667 0.9302260675411667 0.9302260675411667 0.9302260675411667 0.9302260675411667
18-62659823-C-G 0.00010809642200837466 0.00010809642200837466 0.00010809642200837466 0.00010809642200837466 0.00010809642200837466 0.00010809642200837466 0.00010809642200837466 0.00010809642200837466 0.00010809642200837466 0.9302260675411667 0.00010809642200837466 0.00010809642200837466 0.00010809642200837466 0.00010809642200837466 0.00010809642200837466 0.00010809642200837466 0.00010809642200837466 0.00010809642200837466 0.00010809642200837466 0.00010809642200837466 0.00010809642200837466 0.00010809642200837466 0.00010809642200837466 0.00010809642200837466
3-28078190-A-T 0.00010809642200837466 0.9302260675411667 0.9302260675411667 0.9302260675411667 0.9302260675411667 0.00010809642200837466 0.9302260675411667 0.9302260675411667 0.9302260675411667 0.9302260675411667 0.9302260675411667 0.9302260675411667 0.00010809642200837466 0.9302260675411667 0.00010809642200837466 0.9302260675411667 0.9302260675411667 0.9302260675411667 0.9302260675411667 0.00010809642200837466 0.9302260675411667 0.9302260675411667 0.00010809642200837466 0.9302260675411667
5-145994734-T-A 0.00010809642200837466 0.00010809642200837466 0.00010809642200837466 0.00010809642200837466 0.00010809642200837466 0.00010809642200837466 0.00010809642200837466 0.00010809642200837466 0.00010809642200837466 0.00010809642200837466 0.00010809642200837466 0.00010809642200837466 0.00010809642200837466 0.00010809642200837466 0.00010809642200837466 0.00010809642200837466 0.00010809642200837466 0.00010809642200837466 0.00010809642200837466 0.00010809642200837466 0.00010809642200837466 0.00010809642200837466 0.00010809642200837466 0.9302260675411667
10-18169343-A-T 0.9302260675411667 0.9302260675411667 0.9302260675411667 0.9302260675411667 0.9302260675411667 0.9302260675411667 0.9302260675411667 0.9302260675411667 0.00010809642200837466 0.9302260675411667 0.00010809642200837466 0.9302260675411667 0.9302260675411667 0.9302260675411667 0.9302260675411667 0.9302260675411667 0.9302260675411667 0.9302260675411667 0.9302260675411667 0.9302260675411667 0.9302260675411667 0.9302260675411667 0.9302260675411667 0.9302260675411667
18-60590152-G-A 0.9302260675411667 0.9302260675411667 0.9302260675411667 0.9302260675411667 0.9302260675411667 0.9302260675411667 0.9302260675411667 0.9302260675411667 0.9302260675411667 0.9302260675411667 0.9302260675411667 0.00010809642200837466 0.9302260675411667 0.9302260675411667 0.9302260675411667 0.9302260675411667 0.9302260675411667 0.9302260675411667 0.9302260675411667 0.9302260675411667 0.00010809642200837466 0.9302260675411667 0.9302260675411667 0.9302260675411667
15-101031723-G-A 0.9302260675411667 0.9302260675411667 0.9302260675411667 0.9302260675411667 0.9302260675411667 0.9302260675411667 0.9302260675411667 0.9302260675411667 0.00010809642200837466 0.9302260675411667 0.00010809642200837466 0.9302260675411667 0.9302260675411667 0.9302260675411667 0.9302260675411667 0.9302260675411667 0.9302260675411667 0.9302260675411667 0.9302260675411667 0.9302260675411667 0.9302260675411667 0.9302260675411667 0.9302260675411667 0.9302260675411667
2-153397622-C-T 0.00010809642200837466 0.00010809642200837466 0.00010809642200837466 0.00010809642200837466 0.00010809642200837466 0.00010809642200837466 0.00010809642200837466 0.00010809642200837466 0.00010809642200837466 0.00010809642200837466 0.00010809642200837466 0.9302260675411667 0.00010809642200837466 0.00010809642200837466 0.00010809642200837466 0.00010809642200837466 0.00010809642200837466 0.00010809642200837466 0.00010809642200837466 0.00010809642200837466 0.00010809642200837466 0.00010809642200837466 0.00010809642200837466 0.00010809642200837466
5-81465352-T-C 0.00010809642200837466 0.9302260675411667 0.9302260675411667 0.9302260675411667 0.9302260675411667 0.9302260675411667 0.9302260675411667 0.9302260675411667 0.9302260675411667 0.9302260675411667 0.9302260675411667 0.9302260675411667 0.00010809642200837466 0.9302260675411667 0.9302260675411667 0.9302260675411667 0.9302260675411667 0.9302260675411667 0.9302260675411667 0.9302260675411667 0.9302260675411667 0.9302260675411667 0.9302260675411667 0.9302260675411667
15-76247923-A-G 0.9302260675411667 0.9302260675411667 0.9302260675411667 0.9302260675411667 0.9302260675411667 0.9302260675411667 0.9302260675411667 0.9302260675411667 0.9302260675411667 0.9302260675411667 0.9302260675411667 0.00010809642200837466 0.9302260675411667 0.9302260675411667 0.9302260675411667 0.9302260675411667 0.9302260675411667 0.9302260675411667 0.9302260675411667 0.9302260675411667 0.00010809642200837466 0.9302260675411667 0.9302260675411667 0.9302260675411667
5-96231580-T-C 0.9302260675411667 0.9302260675411667 0.9302260675411667 0.00010809642200837466 0.9302260675411667 0.9302260675411667 0.9302260675411667 0.9302260675411667 0.9302260675411667 0.9302260675411667 0.9302260675411667 0.9302260675411667 0.9302260675411667 0.9302260675411667 0.9302260675411667 0.9302260675411667 0.00010809642200837466 0.9302260675411667 0.9302260675411667 0.00010809642200837466 0.9302260675411667 0.9302260675411667 0.9302260675411667 0.9302260675411667
13-67491585-C-T 0.00010809642200837466 0.00010809642200837466 0.00010809642200837466 0.00010809642200837466 0.00010809642200837466 0.00010809642200837466 0.00010809642200837466 0.00010809642200837466 0.00010809642200837466 0.00010809642200837466 0.00010809642200837466 0.00010809642200837466 0.00010809642200837466 0.00010809642200837466 0.00010809642200837466 0.00010809642200837466 0.00010809642200837466 0.00010809642200837466 0.00010809642200837466 0.00010809642200837466 0.00010809642200837466 0.00010809642200837466 0.00010809642200837466 0.9302260675411667
1-46243240-T-G 0.9302260675411667 0.00010809642200837466 0.9302260675411667 0.9302260675411667 0.00010809642200837466 0.9302260675411667 0.00010809642200837466 0.00010809642200837466 0.9302260675411667 0.00010809642200837466 0.9302260675411667 0.9302260675411667 0.9302260675411667 0.9302260675411667 0.9302260675411667 0.9302260675411667 0.9302260675411667 0.9302260675411667 0.9302260675411667 0.9302260675411667 0.9302260675411667 0.9302260675411667 0.9302260675411667 0.9302260675411667
7-102742448-T-G 0.9302260675411667 0.00010809642200837466 0.9302260675411667 0.9302260675411667 0.9302260675411667 0.9302260675411667 0.00010809642200837466 0.9302260675411667 0.9302260675411667 0.9302260675411667 0.9302260675411667 0.9302260675411667 0.9302260675411667 0.9302260675411667 0.9302260675411667 0.9302260675411667 0.9302260675411667 0.9302260675411667 0.9302260675411667 0.9302260675411667 0.9302260675411667 0.9302260675411667 0.9302260675411667 0.9302260675411667
3-92317273-G-T 0.9302260675411667 0.9302260675411667 0.9302260675411667 0.9302260675411667 0.9302260675411667 0.9302260675411667 0.9302260675411667 0.9302260675411667 0.00010809642200837466 0.9302260675411667 0.00010809642200837466 0.9302260675411667 0.9302260675411667 0.9302260675411667 0.9302260675411667 0.9302260675411667 0.9302260675411667 0.9302260675411667 0.9302260675411667 0.9302260675411667 0.9302260675411667 0.9302260675411667 0.9302260675411667 0.9302260675411667
18-62510561-T-G 0.00010809642200837466 0.00010809642200837466 0.00010809642200837466 0.00010809642200837466 0.00010809642200837466 0.00010809642200837466 0.00010809642200837466 0.00010809642200837466 0.00010809642200837466 0.9302260675411667 0.00010809642200837466 0.00010809642200837466 0.00010809642200837466 0.00010809642200837466 0.00010809642200837466 0.00010809642200837466 0.00010809642200837466 0.00010809642200837466 0.00010809642200837466 0.00010809642200837466 0.00010809642200837466 0.00010809642200837466 0.00010809642200837466 0.00010809642200837466
2-50292998-A-G 0.9302260675411667 0.9302260675411667 0.9302260675411667 0.9302260675411667 0.9302260675411667 0.9302260675411667 0.9302260675411667 0.9302260675411667 0.9302260675411667 0.9302260675411667 0.9302260675411667 0.00010809642200837466 0.9302260675411667 0.9302260675411667 0.9302260675411667 0.9302260675411667 0.9302260675411667 0.9302260675411667 0.9302260675411667 0.9302260675411667 0.00010809642200837466 0.9302260675411667 0.9302260675411667 0.9302260675411667
5-147190258-T-A 0.9302260675411667 0.00010809642200837466 0.9302260675411667 0.9302260675411667 0.00010809642200837466 0.9302260675411667 0.00010809642200837466 0.00010809642200837466 0.9302260675411667 0.00010809642200837466 0.9302260675411667 0.9302260675411667 0.9302260675411667 0.9302260675411667 0.9302260675411667 0.9302260675411667 0.9302260675411667 0.9302260675411667 0.9302260675411667 0.9302260675411667 0.9302260675411667 0.9302260675411667 0.9302260675411667 0.9302260675411667
10-130390858-G-A 0.00010809642200837466 0.00010809642200837466 0.00010809642200837466 0.00010809642200837466 0.00010809642200837466 0.00010809642200837466 0.00010809642200837466 0.00010809642200837466 0.00010809642200837466 0.00010809642200837466 0.00010809642200837466 0.00010809642200837466 0.00010809642200837466 0.00010809642200837466 0.00010809642200837466 0.00010809642200837466 0.00010809642200837466 0.9302260675411667 0.00010809642200837466 0.00010809642200837466 0.00010809642200837466 0.00010809642200837466 0.00010809642200837466 0.00010809642200837466
8-84021465-G-C 0.9302260675411667 0.9302260675411667 0.9302260675411667 0.9302260675411667 0.9302260675411667 0.9302260675411667 0.9302260675411667 0.9302260675411667 0.9302260675411667 0.9302260675411667 0.9302260675411667 0.9302260675411667 0.9302260675411667 0.00010809642200837466 0.9302260675411667 0.9302260675411667 0.9302260675411667 0.9302260675411667 0.9302260675411667 0.9302260675411667 0.9302260675411667 0.9302260675411667 0.9302260675411667 0.00010809642200837466
13-23557264-T-A 0.00010809642200837466 0.9302260675411667 0.9302260675411667 0.9302260675411667 0.9302260675411667 0.9302260675411667 0.9302260675411667 0.9302260675411667 0.9302260675411667 0.9302260675411667 0.9302260675411667 0.9302260675411667 0.00010809642200837466 0.9302260675411667 0.9302260675411667 0.9302260675411667 0.9302260675411667 0.9302260675411667 0.9302260675411667 0.9302260675411667 0.9302260675411667 0.9302260675411667 0.9302260675411667 0.9302260675411667
8-124559611-C-T 0.9302260675411667 0.00010809642200837466 0.9302260675411667 0.9302260675411667 0.9302260675411667 0.9302260675411667 0.00010809642200837466 0.00010809642200837466 0.9302260675411667 0.00010809642200837466 0.9302260675411667 0.9302260675411667 0.9302260675411667 0.9302260675411667 0.9302260675411667 0.9302260675411667 0.9302260675411667 0.9302260675411667 0.9302260675411667 0.9302260675411667 0.9302260675411667 0.9302260675411667 0.9302260675411667 0.9302260675411667
8-94587935-G-A 0.00010809642200837466 0.9302260675411667 0.9302260675411667 0.9302260675411667 0.9302260675411667 0.00010809642200837466 0.9302260675411667 0.9302260675411667 0.9302260675411667 0.9302260675411667 0.9302260675411667 0.9302260675411667 0.00010809642200837466 0.9302260675411667 0.9302260675411667 0.9302260675411667 0.9302260675411667 0.9302260675411667 0.9302260675411667 0.9302260675411667 0.9302260675411667 0.9302260675411667 0.9302260675411667 0.9302260675411667
13-51482923-C-T 0.9302260675411667 0.00010809642200837466 0.9302260675411667 0.9302260675411667 0.9302260675411667 0.9302260675411667 0.00010809642200837466 0.9302260675411667 0.9302260675411667 0.9302260675411667 0.9302260675411667 0.9302260675411667 0.9302260675411667 0.9302260675411667 0.9302260675411667 0.9302260675411667 0.9302260675411667 0.9302260675411667 0.9302260675411667 0.9302260675411667 0.9302260675411667 0.9302260675411667 0.9302260675411667 0.9302260675411667
2-177768443-T-G 0.9302260675411667 0.9302260675411667 0.9302260675411667 0.9302260675411667 0.9302260675411667 0.9302260675411667 0.9302260675411667 0.9302260675411667 0.00010809642200837466 0.9302260675411667 0.00010809642200837466 0.9302260675411667 0.9302260675411667 0.9302260675411667 0.9302260675411667 0.9302260675411667 0.9302260675411667 0.9302260675411667 0.9302260675411667 0.9302260675411667 0.9302260675411667 0.9302260675411667 0.9302260675411667 0.9302260675411667
8-67502349-A-T 0.9302260675411667 0.9302260675411667 0.9302260675411667 0.00010809642200837466 0.9302260675411667 0.9302260675411667 0.9302260675411667 0.9302260675411667 0.9302260675411667 0.9302260675411667 0.9302260675411667 0.9302260675411667 0.9302260675411667 0.9302260675411667 0.9302260675411667 0.9302260675411667 0.00010809642200837466 0.9302260675411667 0.9302260675411667 0.00010809642200837466 0.9302260675411667 0.9302260675411667 0.9302260675411667 0.9302260675411667
10-115418731-A-G 0.9302260675411667 0.9302260675411667 0.9302260675411667 0.9302260675411667 0.9302260675411667 0.9302260675411667 0.9302260675411667 0.9302260675411667 0.9302260675411667 0.9302260675411667 0.9302260675411667 0.00010809642200837466 0.9302260675411667 0.9302260675411667 0.9302260675411667 0.9302260675411667 0.9302260675411667 0.9302260675411667 0.9302260675411667 0.9302260675411667 0.00010809642200837466 0.9302260675411667 0.9302260675411667 0.9302260675411667
14-34044032-A-C 0.9302260675411667 0.00010809642200837466 0.9302260675411667 0.9302260675411667 0.9302260675411667 0.9302260675411667 0.00010809642200837466 0.00010809642200837466 0.9302260675411667 0.00010809642200837466 0.9302260675411667 0.9302260675411667 0.9302260675411667 0.9302260675411667 0.9302260675411667 0.9302260675411667 0.9302260675411667 0.9302260675411667 0.9302260675411667 0.9302260675411667 0.9302260675411667 0.9302260675411667 0.9302260675411667 0.9302260675411667
6-132737111-A-T 0.9302260675411667 0.9302260675411667 0.9302260675411667 0.00010809642200837466 0.9302260675411667 0.9302260675411667 0.9302260675411667 0.9302260675411667 0.9302260675411667 0.9302260675411667 0.9302260675411667 0.9302260675411667 0.9302260675411667 0.9302260675411667 0.9302260675411667 0.9302260675411667 0.00010809642200837466 0.9302260675411667 0.9302260675411667 0.00010809642200837466 0.9302260675411667 0.9302260675411667 0.9302260675411667 0.9302260675411667
1-74349662-C-A 0.9302260675411667 0.9302260675411667 0.9302260675411667 0.9302260675411667 0.9302260675411667 0.9302260675411667 0.9302260675411667 0.9302260675411667 0.9302260675411667 0.9302260675411667 0.9302260675411667 0.9302260675411667 0.9302260675411667 0.9302260675411667 0.9302260675411667 0.9302260675411667 0.9302260675411667 0.9302260675411667 0.00010809642200837466 0.9302260675411667 0.9302260675411667 0.00010809642200837466 0.9302260675411667 0.9302260675411667
8-13090886-T-G 0.9302260675411667 0.9302260675411667 0.9302260675411667 0.00010809642200837466 0.9302260675411667 0.9302260675411667 0.9302260675411667 0.9302260675411667 0.9302260675411667 0.9302260675411667 0.9302260675411667 0.9302260675411667 0.9302260675411667 0.9302260675411667 0.9302260675411667 0.9302260675411667 0.00010809642200837466 0.9302260675411667 0.9302260675411667 0.00010809642200837466 0.9302260675411667 0.9302260675411667 0.9302260675411667 0.9302260675411667
17-12216875-T-C 0.9302260675411667 0.00010809642200837466 0.9302260675411667 0.9302260675411667 0.9302260675411667 0.9302260675411667 0.00010809642200837466 0.00010809642200837466 0.9302260675411667 0.00010809642200837466 0.9302260675411667 0.9302260675411667 0.9302260675411667 0.9302260675411667 0.9302260675411667 0.9302260675411667 0.9302260675411667 0.9302260675411667 0.9302260675411667 0.9302260675411667 0.9302260675411667 0.9302260675411667 0.9302260675411667 0.9302260675411667
3-96220455-T-G 0.9302260675411667 0.9302260675411667 0.9302260675411667 0.9302260675411667 0.9302260675411667 0.9302260675411667 0.9302260675411667 0.9302260675411667 0.9302260675411667 0.9302260675411667 0.9302260675411667 0.00010809642200837466 0.9302260675411667 0.9302260675411667 0.9302260675411667 0.9302260675411667 0.9302260675411667 0.9302260675411667 0.9302260675411667 0.9302260675411667 0.00010809642200837466 0.9302260675411667 0.9302260675411667 0.9302260675411667
13-21229346-G-A 0.00010809642200837466 0.00010809642200837466 0.00010809642200837466 0.00010809642200837466 0.00010809642200837466 0.9302260675411667 0.00010809642200837466 0.00010809642200837466 0.00010809642200837466 0.00010809642200837466 0.00010809642200837466 0.00010809642200837466 0.00010809642200837466 0.00010809642200837466 0.00010809642200837466 0.00010809642200837466 0.9302260675411667 0.9302260675411667 0.00010809642200837466 0.00010809642200837466 0.00010809642200837466 0.00010809642200837466 0.00010809642200837466 0.00010809642200837466
4-58905156-G-A 0.9302260675411667 0.00010809642200837466 0.9302260675411667 0.9302260675411667 0.9302260675411667 0.9302260675411667 0.00010809642200837466 0.9302260675411667 0.9302260675411667 0.9302260675411667 0.9302260675411667 0.9302260675411667 0.9302260675411667 0.9302260675411667 0.9302260675411667 0.9302260675411667 0.9302260675411667 0.9302260675411667 0.9302260675411667 0.9302260675411667 0.9302260675411667 0.9302260675411667 0.9302260675411667 0.9302260675411667
18-90312097-A-C 0.9302260675411667 0.00010809642200837466 0.9302260675411667 0.9302260675411667 0.9302260675411667 0.9302260675411667 0.00010809642200837466 0.9302260675411667 0.9302260675411667 0.9302260675411667 0.9302260675411667 0.9302260675411667 0.9302260675411667 0.9302260675411667 0.9302260675411667 0.9302260675411667 0.9302260675411667 0.9302260675411667 0.9302260675411667 0.9302260675411667 0.9302260675411667 0.9302260675411667 0.9302260675411667 0.9302260675411667
5-41808824-A-C 0.9302260675411667 0.9302260675411667 0.9302260675411667 0.9302260675411667 0.9302260675411667 0.9302260675411667 0.9302260675411667 0.9302260675411667 0.9302260675411667 0.9302260675411667 0.9302260675411667 0.00010809642200837466 0.9302260675411667 0.9302260675411667 0.9302260675411667 0.9302260675411667 0.9302260675411667 0.9302260675411667 0.9302260675411667 0.9302260675411667 0.00010809642200837466 0.9302260675411667 0.9302260675411667 0.9302260675411667
2-32997517-A-C 0.00010809642200837466 0.00010809642200837466 0.00010809642200837466 0.00010809642200837466 0.00010809642200837466 0.00010809642200837466 0.00010809642200837466 0.00010809642200837466 0.00010809642200837466 0.00010809642200837466 0.00010809642200837466 0.9302260675411667 0.00010809642200837466 0.00010809642200837466 0.00010809642200837466 0.00010809642200837466 0.00010809642200837466 0.00010809642200837466 0.00010809642200837466 0.00010809642200837466 0.00010809642200837466 0.00010809642200837466 0.00010809642200837466 0.00010809642200837466
16-75598298-A-G 0.9302260675411667 0.00010809642200837466 0.9302260675411667 0.9302260675411667 0.9302260675411667 0.9302260675411667 0.00010809642200837466 0.00010809642200837466 0.9302260675411667 0.00010809642200837466 0.9302260675411667 0.9302260675411667 0.9302260675411667 0.9302260675411667 0.9302260675411667 0.9302260675411667 0.9302260675411667 0.9302260675411667 0.9302260675411667 0.9302260675411667 0.9302260675411667 0.9302260675411667 0.9302260675411667 0.9302260675411667
9-119958097-C-T 0.9302260675411667 0.00010809642200837466 0.9302260675411667 0.9302260675411667 0.9302260675411667 0.9302260675411667 0.00010809642200837466 0.9302260675411667 0.9302260675411667 0.9302260675411667 0.9302260675411667 0.9302260675411667 0.9302260675411667 0.9302260675411667 0.9302260675411667 0.9302260675411667 0.9302260675411667 0.9302260675411667 0.9302260675411667 0.9302260675411667 0.9302260675411667 0.9302260675411667 0.9302260675411667 0.9302260675411667
8-124559611-C-T 0.9302260675411667 0.00010809642200837466 0.9302260675411667 0.9302260675411667 0.9302260675411667 0.9302260675411667 0.00010809642200837466 0.00010809642200837466 0.9302260675411667 0.00010809642200837466 0.9302260675411667 0.9302260675411667 0.9302260675411667 0.9302260675411667 0.9302260675411667 0.9302260675411667 0.9302260675411667 0.9302260675411667 0.9302260675411667 0.9302260675411667 0.9302260675411667 0.9302260675411667 0.9302260675411667 0.9302260675411667
6-84860677-C-T 0.9302260675411667 0.9302260675411667 0.9302260675411667 0.9302260675411667 0.9302260675411667 0.9302260675411667 0.9302260675411667 0.9302260675411667 0.00010809642200837466 0.9302260675411667 0.00010809642200837466 0.9302260675411667 0.9302260675411667 0.9302260675411667 0.9302260675411667 0.9302260675411667 0.9302260675411667 0.9302260675411667 0.9302260675411667 0.9302260675411667 0.9302260675411667 0.9302260675411667 0.9302260675411667 0.9302260675411667
14-19060317-T-C 0.9302260675411667 0.00010809642200837466 0.9302260675411667 0.9302260675411667 0.9302260675411667 0.9302260675411667 0.00010809642200837466 0.9302260675411667 0.9302260675411667 0.9302260675411667 0.9302260675411667 0.9302260675411667 0.9302260675411667 0.9302260675411667 0.9302260675411667 0.9302260675411667 0.9302260675411667 0.9302260675411667 0.9302260675411667 0.9302260675411667 0.9302260675411667 0.9302260675411667 0.9302260675411667 0.9302260675411667
16-18681608-C-G 0.9302260675411667 0.00010809642200837466 0.9302260675411667 0.9302260675411667 0.9302260675411667 0.9302260675411667 0.00010809642200837466 0.00010809642200837466 0.9302260675411667 0.00010809642200837466 0.9302260675411667 0.9302260675411667 0.9302260675411667 0.9302260675411667 0.9302260675411667 0.9302260675411667 0.9302260675411667 0.9302260675411667 0.9302260675411667 0.9302260675411667 0.9302260675411667 0.9302260675411667 0.9302260675411667 0.9302260675411667
16-11994000-T-G 0.9302260675411667 0.9302260675411667 0.9302260675411667 0.9302260675411667 0.9302260675411667 0.9302260675411667 0.9302260675411667 0.9302260675411667 0.00010809642200837466 0.9302260675411667 0.00010809642200837466 0.9302260675411667 0.9302260675411667 0.9302260675411667 0.9302260675411667 0.9302260675411667 0.9302260675411667 0.9302260675411667 0.9302260675411667 0.9302260675411667 0.9302260675411667 0.9302260675411667 0.9302260675411667 0.9302260675411667
9-56619672-G-T 0.00010809642200837466 0.9302260675411667 0.9302260675411667 0.9302260675411667 0.9302260675411667 0.00010809642200837466 0.9302260675411667 0.9302260675411667 0.9302260675411667 0.9302260675411667 0.9302260675411667 0.9302260675411667 0.00010809642200837466 0.9302260675411667 0.00010809642200837466 0.9302260675411667 0.9302260675411667 0.9302260675411667 0.9302260675411667 0.9302260675411667 0.9302260675411667 0.9302260675411667 0.9302260675411667 0.9302260675411667
12-105202624-A-T 0.9302260675411667 0.00010809642200837466 0.9302260675411667 0.9302260675411667 0.9302260675411667 0.9302260675411667 0.00010809642200837466 0.00010809642200837466 0.9302260675411667 0.00010809642200837466 0.9302260675411667 0.9302260675411667 0.9302260675411667 0.9302260675411667 0.9302260675411667 0.9302260675411667 0.9302260675411667 0.9302260675411667 0.9302260675411667 0.9302260675411667 0.9302260675411667 0.9302260675411667 0.9302260675411667 0.9302260675411667
13-18862570-G-A 0.00010809642200837466 0.9302260675411667 0.9302260675411667 0.9302260675411667 0.9302260675411667 0.00010809642200837466 0.9302260675411667 0.9302260675411667 0.9302260675411667 0.9302260675411667 0.9302260675411667 0.9302260675411667 0.00010809642200837466 0.9302260675411667 0.9302260675411667 0.9302260675411667 0.9302260675411667 0.9302260675411667 0.9302260675411667 0.9302260675411667 0.9302260675411667 0.9302260675411667 0.9302260675411667 0.9302260675411667
12-23009993-C-T 0.9302260675411667 0.9302260675411667 0.9302260675411667 0.00010809642200837466 0.9302260675411667 0.9302260675411667 0.9302260675411667 0.9302260675411667 0.9302260675411667 0.9302260675411667 0.9302260675411667 0.9302260675411667 0.9302260675411667 0.9302260675411667 0.9302260675411667 0.9302260675411667 0.00010809642200837466 0.9302260675411667 0.9302260675411667 0.00010809642200837466 0.9302260675411667 0.9302260675411667 0.9302260675411667 0.9302260675411667
8-77217680-C-T 0.9302260675411667 0.9302260675411667 0.9302260675411667 0.9302260675411667 0.9302260675411667 0.9302260675411667 0.9302260675411667 0.9302260675411667 0.00010809642200837466 0.9302260675411667 0.00010809642200837466 0.9302260675411667 0.9302260675411667 0.9302260675411667 0.9302260675411667 0.9302260675411667 0.9302260675411667 0.9302260675411667 0.9302260675411667 0.9302260675411667 0.9302260675411667 0.9302260675411667 0.9302260675411667 0.9302260675411667
15-48791710-C-A 0.9302260675411667 0.9302260675411667 0.9302260675411667 0.9302260675411667 0.9302260675411667 0.9302260675411667 0.9302260675411667 0.9302260675411667 0.00010809642200837466 0.9302260675411667 0.00010809642200837466 0.9302260675411667 0.9302260675411667 0.9302260675411667 0.9302260675411667 0.9302260675411667 0.9302260675411667 0.9302260675411667 0.9302260675411667 0.9302260675411667 0.9302260675411667 0.9302260675411667 0.9302260675411667 0.9302260675411667
1-136952051-A-G 0.00010809642200837466 0.00010809642200837466 0.00010809642200837466 0.00010809642200837466 0.00010809642200837466 0.00010809642200837466 0.00010809642200837466 0.00010809642200837466 0.00010809642200837466 0.00010809642200837466 0.00010809642200837466 0.00010809642200837466 0.00010809642200837466 0.00010809642200837466 0.00010809642200837466 0.9302260675411667 0.00010809642200837466 0.00010809642200837466 0.00010809642200837466 0.00010809642200837466 0.00010809642200837466 0.00010809642200837466 0.00010809642200837466 0.00010809642200837466
5-14676253-T-G 0.9302260675411667 0.00010809642200837466 0.9302260675411667 0.9302260675411667 0.9302260675411667 0.9302260675411667 0.00010809642200837466 0.9302260675411667 0.9302260675411667 0.9302260675411667 0.9302260675411667 0.9302260675411667 0.9302260675411667 0.9302260675411667 0.9302260675411667 0.9302260675411667 0.9302260675411667 0.9302260675411667 0.9302260675411667 0.9302260675411667 0.9302260675411667 0.9302260675411667 0.9302260675411667 0.9302260675411667
9-104040471-A-G 0.00010809642200837466 0.00010809642200837466 0.00010809642200837466 0.9302260675411667 0.00010809642200837466 0.00010809642200837466 0.00010809642200837466 0.00010809642200837466 0.00010809642200837466 0.00010809642200837466 0.00010809642200837466 0.00010809642200837466 0.00010809642200837466 0.00010809642200837466 0.00010809642200837466 0.00010809642200837466 0.00010809642200837466 0.00010809642200837466 0.00010809642200837466 0.00010809642200837466 0.00010809642200837466 0.00010809642200837466 0.9302260675411667 0.00010809642200837466
6-86396229-A-G 0.9302260675411667 0.9302260675411667 0.9302260675411667 0.9302260675411667 0.9302260675411667 0.9302260675411667 0.9302260675411667 0.9302260675411667 0.9302260675411667 0.9302260675411667 0.9302260675411667 0.9302260675411667 0.9302260675411667 0.9302260675411667 0.9302260675411667 0.9302260675411667 0.9302260675411667 0.9302260675411667 0.00010809642200837466 0.9302260675411667 0.9302260675411667 0.00010809642200837466 0.9302260675411667 0.9302260675411667
1-127460041-A-G 0.9302260675411667 0.9302260675411667 0.9302260675411667 0.9302260675411667 0.9302260675411667 0.9302260675411667 0.9302260675411667 0.9302260675411667 0.00010809642200837466 0.9302260675411667 0.00010809642200837466 0.9302260675411667 0.9302260675411667 0.9302260675411667 0.9302260675411667 0.9302260675411667 0.9302260675411667 0.9302260675411667 0.9302260675411667 0.9302260675411667 0.9302260675411667 0.9302260675411667 0.9302260675411667 0.9302260675411667
3-32914063-G-A 0.9302260675411667 0.00010809642200837466 0.9302260675411667 0.9302260675411667 0.9302260675411667 0.9302260675411667 0.00010809642200837466 0.00010809642200837466 0.9302260675411667 0.00010809642200837466 0.9302260675411667 0.9302260675411667 0.9302260675411667 0.9302260675411667 0.9302260675411667 0.9302260675411667 0.9302260675411667 0.9302260675411667 0.9302260675411667 0.9302260675411667 0.9302260675411667 0.9302260675411667 0.9302260675411667 0.9302260675411667
5-114878147-T-C 0.00010809642200837466 0.00010809642200837466 0.00010809642200837466 0.00010809642200837466 0.00010809642200837466 0.00010809642200837466 0.00010809642200837466 0.00010809642200837466 0.00010809642200837466 0.00010809642200837466 0.00010809642200837466 0.00010809642200837466 0.00010809642200837466 0.00010809642200837466 0.00010809642200837466 0.00010809642200837466 0.00010809642200837466 0.00010809642200837466 0.00010809642200837466 0.00010809642200837466 0.00010809642200837466 0.9302260675411667 0.00010809642200837466 0.9302260675411667
8-92889276-A-T 0.9302260675411667 0.9302260675411667 0.9302260675411667 0.9302260675411667 0.9302260675411667 0.9302260675411667 0.9302260675411667 0.9302260675411667 0.9302260675411667 0.9302260675411667 0.9302260675411667 0.00010809642200837466 0.9302260675411667 0.9302260675411667 0.9302260675411667 0.9302260675411667 0.9302260675411667 0.9302260675411667 0.9302260675411667 0.9302260675411667 0.00010809642200837466 0.9302260675411667 0.9302260675411667 0.9302260675411667
10-53699130-C-G 0.9302260675411667 0.9302260675411667 0.9302260675411667 0.9302260675411667 0.9302260675411667 0.9302260675411667 0.9302260675411667 0.9302260675411667 0.9302260675411667 0.9302260675411667 0.9302260675411667 0.9302260675411667 0.9302260675411667 0.00010809642200837466 0.9302260675411667 0.9302260675411667 0.9302260675411667 0.9302260675411667 0.9302260675411667 0.9302260675411667 0.9302260675411667 0.9302260675411667 0.9302260675411667 0.00010809642200837466
8-9990441-C-T 0.9302260675411667 0.9302260675411667 0.9302260675411667 0.9302260675411667 0.9302260675411667 0.9302260675411667 0.9302260675411667 0.9302260675411667 0.00010809642200837466 0.9302260675411667 0.00010809642200837466 0.9302260675411667 0.9302260675411667 0.9302260675411667 0.9302260675411667 0.9302260675411667 0.9302260675411667 0.9302260675411667 0.9302260675411667 0.9302260675411667 0.9302260675411667 0.9302260675411667 0.9302260675411667 0.9302260675411667
8-84021465-G-C 0.9302260675411667 0.9302260675411667 0.9302260675411667 0.9302260675411667 0.9302260675411667 0.9302260675411667 0.9302260675411667 0.9302260675411667 0.9302260675411667 0.9302260675411667 0.9302260675411667 0.9302260675411667 0.9302260675411667 0.00010809642200837466 0.9302260675411667 0.9302260675411667 0.9302260675411667 0.9302260675411667 0.9302260675411667 0.9302260675411667 0.9302260675411667 0.9302260675411667 0.9302260675411667 0.00010809642200837466
5-67611014-T-C 0.9302260675411667 0.9302260675411667 0.9302260675411667 0.00010809642200837466 0.9302260675411667 0.9302260675411667 0.9302260675411667 0.9302260675411667 0.9302260675411667 0.9302260675411667 0.9302260675411667 0.9302260675411667 0.9302260675411667 0.9302260675411667 0.9302260675411667 0.9302260675411667 0.00010809642200837466 0.9302260675411667 0.9302260675411667 0.00010809642200837466 0.9302260675411667 0.9302260675411667 0.9302260675411667 0.9302260675411667
8-124604241-C-A 0.9302260675411667 0.9302260675411667 0.9302260675411667 0.00010809642200837466 0.9302260675411667 0.9302260675411667 0.9302260675411667 0.9302260675411667 0.9302260675411667 0.9302260675411667 0.9302260675411667 0.9302260675411667 0.9302260675411667 0.9302260675411667 0.9302260675411667 0.9302260675411667 0.00010809642200837466 0.9302260675411667 0.9302260675411667 0.00010809642200837466 0.9302260675411667 0.9302260675411667 0.9302260675411667 0.9302260675411667
11-89412214-T-C 0.9302260675411667 0.00010809642200837466 0.9302260675411667 0.9302260675411667 0.9302260675411667 0.9302260675411667 0.00010809642200837466 0.9302260675411667 0.9302260675411667 0.9302260675411667 0.9302260675411667 0.9302260675411667 0.9302260675411667 0.9302260675411667 0.9302260675411667 0.9302260675411667 0.9302260675411667 0.9302260675411667 0.9302260675411667 0.9302260675411667 0.9302260675411667 0.9302260675411667 0.9302260675411667 0.9302260675411667
2-88958383-G-A 0.00010809642200837466 0.9302260675411667 0.9302260675411667 0.9302260675411667 0.9302260675411667 0.00010809642200837466 0.9302260675411667 0.9302260675411667 0.00010809642200837466 0.9302260675411667 0.00010809642200837466 0.9302260675411667 0.00010809642200837466 0.9302260675411667 0.00010809642200837466 0.9302260675411667 0.9302260675411667 0.00010809642200837466 0.9302260675411667 0.9302260675411667 0.9302260675411667 0.9302260675411667 0.00010809642200837466 0.9302260675411667
2-153781180-T-G 0.00010809642200837466 0.00010809642200837466 0.00010809642200837466 0.00010809642200837466 0.00010809642200837466 0.00010809642200837466 0.00010809642200837466 0.00010809642200837466 0.00010809642200837466 0.00010809642200837466 0.00010809642200837466 0.9302260675411667 0.00010809642200837466 0.00010809642200837466 0.00010809642200837466 0.00010809642200837466 0.00010809642200837466 0.00010809642200837466 0.00010809642200837466 0.00010809642200837466 0.00010809642200837466 0.00010809642200837466 0.00010809642200837466 0.00010809642200837466
7-126169315-A-T 0.9302260675411667 0.00010809642200837466 0.9302260675411667 0.9302260675411667 0.9302260675411667 0.9302260675411667 0.00010809642200837466 0.9302260675411667 0.9302260675411667 0.9302260675411667 0.9302260675411667 0.9302260675411667 0.9302260675411667 0.9302260675411667 0.9302260675411667 0.9302260675411667 0.9302260675411667 0.9302260675411667 0.9302260675411667 0.9302260675411667 0.9302260675411667 0.9302260675411667 0.9302260675411667 0.9302260675411667
16-20680748-A-C 0.00010809642200837466 0.9302260675411667 0.9302260675411667 0.9302260675411667 0.9302260675411667 0.00010809642200837466 0.9302260675411667 0.9302260675411667 0.9302260675411667 0.9302260675411667 0.9302260675411667 0.9302260675411667 0.00010809642200837466 0.9302260675411667 0.9302260675411667 0.9302260675411667 0.9302260675411667 0.9302260675411667 0.9302260675411667 0.9302260675411667 0.9302260675411667 0.9302260675411667 0.9302260675411667 0.9302260675411667
5-30907325-C-G 0.00010809642200837466 0.9302260675411667 0.9302260675411667 0.9302260675411667 0.9302260675411667 0.9302260675411667 0.9302260675411667 0.9302260675411667 0.9302260675411667 0.9302260675411667 0.9302260675411667 0.9302260675411667 0.00010809642200837466 0.9302260675411667 0.9302260675411667 0.9302260675411667 0.9302260675411667 0.9302260675411667 0.9302260675411667 0.9302260675411667 0.9302260675411667 0.9302260675411667 0.9302260675411667 0.9302260675411667
9-38815553-T-C 0.9302260675411667 0.00010809642200837466 0.9302260675411667 0.9302260675411667 0.00010809642200837466 0.9302260675411667 0.00010809642200837466 0.00010809642200837466 0.9302260675411667 0.00010809642200837466 0.9302260675411667 0.9302260675411667 0.9302260675411667 0.9302260675411667 0.9302260675411667 0.9302260675411667 0.9302260675411667 0.9302260675411667 0.9302260675411667 0.9302260675411667 0.9302260675411667 0.9302260675411667 0.9302260675411667 0.9302260675411667
17-49713925-A-G 0.9302260675411667 0.9302260675411667 0.9302260675411667 0.9302260675411667 0.9302260675411667 0.9302260675411667 0.9302260675411667 0.9302260675411667 0.00010809642200837466 0.9302260675411667 0.00010809642200837466 0.9302260675411667 0.9302260675411667 0.9302260675411667 0.9302260675411667 0.9302260675411667 0.9302260675411667 0.9302260675411667 0.9302260675411667 0.9302260675411667 0.9302260675411667 0.9302260675411667 0.9302260675411667 0.9302260675411667
7-85011931-T-C 0.9302260675411667 0.00010809642200837466 0.9302260675411667 0.9302260675411667 0.9302260675411667 0.9302260675411667 0.00010809642200837466 0.9302260675411667 0.9302260675411667 0.9302260675411667 0.9302260675411667 0.9302260675411667 0.9302260675411667 0.9302260675411667 0.9302260675411667 0.9302260675411667 0.9302260675411667 0.9302260675411667 0.9302260675411667 0.9302260675411667 0.9302260675411667 0.9302260675411667 0.9302260675411667 0.9302260675411667
14-47690184-G-A 0.00010809642200837466 0.00010809642200837466 0.00010809642200837466 0.00010809642200837466 0.00010809642200837466 0.00010809642200837466 0.00010809642200837466 0.00010809642200837466 0.00010809642200837466 0.00010809642200837466 0.00010809642200837466 0.00010809642200837466 0.00010809642200837466 0.00010809642200837466 0.00010809642200837466 0.00010809642200837466 0.00010809642200837466 0.9302260675411667 0.00010809642200837466 0.00010809642200837466 0.00010809642200837466 0.00010809642200837466 0.00010809642200837466 0.00010809642200837466
13-59632930-G-A 0.00010809642200837466 0.9302260675411667 0.9302260675411667 0.9302260675411667 0.9302260675411667 0.9302260675411667 0.9302260675411667 0.9302260675411667 0.9302260675411667 0.9302260675411667 0.9302260675411667 0.9302260675411667 0.00010809642200837466 0.9302260675411667 0.9302260675411667 0.9302260675411667 0.9302260675411667 0.9302260675411667 0.9302260675411667 0.9302260675411667 0.9302260675411667 0.9302260675411667 0.9302260675411667 0.9302260675411667
13-112686229-A-G 0.00010809642200837466 0.00010809642200837466 0.00010809642200837466 0.00010809642200837466 0.00010809642200837466 0.00010809642200837466 0.00010809642200837466 0.00010809642200837466 0.00010809642200837466 0.00010809642200837466 0.00010809642200837466 0.00010809642200837466 0.00010809642200837466 0.00010809642200837466 0.00010809642200837466 0.00010809642200837466 0.00010809642200837466 0.00010809642200837466 0.00010809642200837466 0.00010809642200837466 0.00010809642200837466 0.00010809642200837466 0.00010809642200837466 0.9302260675411667
10-88548806-C-G 0.9302260675411667 0.9302260675411667 0.9302260675411667 0.00010809642200837466 0.9302260675411667 0.9302260675411667 0.9302260675411667 0.9302260675411667 0.9302260675411667 0.9302260675411667 0.9302260675411667 0.9302260675411667 0.9302260675411667 0.9302260675411667 0.9302260675411667 0.9302260675411667 0.00010809642200837466 0.9302260675411667 0.9302260675411667 0.00010809642200837466 0.9302260675411667 0.9302260675411667 0.9302260675411667 0.9302260675411667
1-159277942-G-A 0.00010809642200837466 0.9302260675411667 0.9302260675411667 0.9302260675411667 0.9302260675411667 0.00010809642200837466 0.9302260675411667 0.9302260675411667 0.9302260675411667 0.9302260675411667 0.9302260675411667 0.9302260675411667 0.00010809642200837466 0.9302260675411667 0.00010809642200837466 0.9302260675411667 0.9302260675411667 0.9302260675411667 0.9302260675411667 0.9302260675411667 0.9302260675411667 0.9302260675411667 0.9302260675411667 0.9302260675411667
2-69161266-A-T 0.9302260675411667 0.00010809642200837466 0.9302260675411667 0.9302260675411667 0.9302260675411667 0.9302260675411667 0.00010809642200837466 0.00010809642200837466 0.9302260675411667 0.00010809642200837466 0.9302260675411667 0.9302260675411667 0.9302260675411667 0.9302260675411667 0.9302260675411667 0.9302260675411667 0.9302260675411667 0.9302260675411667 0.9302260675411667 0.9302260675411667 0.9302260675411667 0.9302260675411667 0.9302260675411667 0.9302260675411667
11-84152783-T-C 0.9302260675411667 0.9302260675411667 0.9302260675411667 0.9302260675411667 0.9302260675411667 0.9302260675411667 0.9302260675411667 0.9302260675411667 0.9302260675411667 0.9302260675411667 0.9302260675411667 0.00010809642200837466 0.9302260675411667 0.9302260675411667 0.9302260675411667 0.9302260675411667 0.9302260675411667 0.9302260675411667 0.9302260675411667 0.9302260675411667 0.00010809642200837466 0.9302260675411667 0.9302260675411667 0.9302260675411667
11-73345984-T-C 0.9302260675411667 0.9302260675411667 0.9302260675411667 0.9302260675411667 0.9302260675411667 0.9302260675411667 0.9302260675411667 0.9302260675411667 0.9302260675411667 0.9302260675411667 0.9302260675411667 0.00010809642200837466 0.9302260675411667 0.9302260675411667 0.9302260675411667 0.9302260675411667 0.9302260675411667 0.9302260675411667 0.9302260675411667 0.9302260675411667 0.00010809642200837466 0.9302260675411667 0.9302260675411667 0.9302260675411667
5-44473259-T-C 0.9302260675411667 0.9302260675411667 0.9302260675411667 0.9302260675411667 0.9302260675411667 0.9302260675411667 0.9302260675411667 0.9302260675411667 0.9302260675411667 0.9302260675411667 0.9302260675411667 0.9302260675411667 0.9302260675411667 0.00010809642200837466 0.9302260675411667 0.9302260675411667 0.9302260675411667 0.9302260675411667 0.9302260675411667 0.9302260675411667 0.9302260675411667 0.9302260675411667 0.9302260675411667 0.00010809642200837466
3-90477399-T-G 0.00010809642200837466 0.9302260675411667 0.9302260675411667 0.9302260675411667 0.9302260675411667 0.00010809642200837466 0.9302260675411667 0.9302260675411667 0.9302260675411667 0.9302260675411667 0.9302260675411667 0.9302260675411667 0.00010809642200837466 0.9302260675411667 0.9302260675411667 0.9302260675411667 0.9302260675411667 0.9302260675411667 0.9302260675411667 0.9302260675411667 0.9302260675411667 0.9302260675411667 0.9302260675411667 0.9302260675411667
7-130539024-G-T 0.9302260675411667 0.00010809642200837466 0.9302260675411667 0.9302260675411667 0.9302260675411667 0.9302260675411667 0.00010809642200837466 0.9302260675411667 0.9302260675411667 0.9302260675411667 0.9302260675411667 0.9302260675411667 0.9302260675411667 0.9302260675411667 0.9302260675411667 0.9302260675411667 0.9302260675411667 0.9302260675411667 0.9302260675411667 0.9302260675411667 0.9302260675411667 0.9302260675411667 0.9302260675411667 0.9302260675411667
7-97371556-A-C 0.9302260675411667 0.00010809642200837466 0.9302260675411667 0.9302260675411667 0.9302260675411667 0.9302260675411667 0.00010809642200837466 0.00010809642200837466 0.9302260675411667 0.00010809642200837466 0.9302260675411667 0.9302260675411667 0.9302260675411667 0.9302260675411667 0.9302260675411667 0.9302260675411667 0.9302260675411667 0.9302260675411667 0.9302260675411667 0.9302260675411667 0.9302260675411667 0.9302260675411667 0.9302260675411667 0.9302260675411667
14-66828757-T-C 0.9302260675411667 0.00010809642200837466 0.9302260675411667 0.9302260675411667 0.9302260675411667 0.9302260675411667 0.00010809642200837466 0.9302260675411667 0.9302260675411667 0.9302260675411667 0.9302260675411667 0.9302260675411667 0.9302260675411667 0.9302260675411667 0.9302260675411667 0.9302260675411667 0.9302260675411667 0.9302260675411667 0.9302260675411667 0.9302260675411667 0.9302260675411667 0.9302260675411667 0.9302260675411667 0.9302260675411667
6-125337922-G-A 0.9302260675411667 0.00010809642200837466 0.00010809642200837466 0.00010809642200837466 0.00010809642200837466 0.9302260675411667 0.00010809642200837466 0.00010809642200837466 0.00010809642200837466 0.00010809642200837466 0.00010809642200837466 0.00010809642200837466 0.9302260675411667 0.00010809642200837466 0.9302260675411667 0.00010809642200837466 0.00010809642200837466 0.00010809642200837466 0.00010809642200837466 0.00010809642200837466 0.00010809642200837466 0.00010809642200837466 0.00010809642200837466 0.00010809642200837466
8-111940919-C-G 0.9302260675411667 0.00010809642200837466 0.9302260675411667 0.9302260675411667 0.9302260675411667 0.9302260675411667 0.00010809642200837466 0.00010809642200837466 0.9302260675411667 0.00010809642200837466 0.9302260675411667 0.9302260675411667 0.9302260675411667 0.9302260675411667 0.9302260675411667 0.9302260675411667 0.9302260675411667 0.9302260675411667 0.9302260675411667 0.9302260675411667 0.9302260675411667 0.9302260675411667 0.9302260675411667 0.9302260675411667
2-125361033-G-T 0.00010809642200837466 0.00010809642200837466 0.00010809642200837466 0.00010809642200837466 0.00010809642200837466 0.00010809642200837466 0.00010809642200837466 0.00010809642200837466 0.00010809642200837466 0.00010809642200837466 0.00010809642200837466 0.9302260675411667 0.00010809642200837466 0.00010809642200837466 0.00010809642200837466 0.00010809642200837466 0.00010809642200837466 0.00010809642200837466 0.00010809642200837466 0.00010809642200837466 0.00010809642200837466 0.00010809642200837466 0.00010809642200837466 0.00010809642200837466
12-59051692-A-G 0.9302260675411667 0.00010809642200837466 0.9302260675411667 0.9302260675411667 0.9302260675411667 0.9302260675411667 0.00010809642200837466 0.9302260675411667 0.9302260675411667 0.9302260675411667 0.9302260675411667 0.9302260675411667 0.9302260675411667 0.9302260675411667 0.9302260675411667 0.9302260675411667 0.9302260675411667 0.9302260675411667 0.9302260675411667 0.9302260675411667 0.9302260675411667 0.9302260675411667 0.9302260675411667 0.9302260675411667
16-11194541-C-T 0.9302260675411667 0.9302260675411667 0.9302260675411667 0.9302260675411667 0.9302260675411667 0.9302260675411667 0.9302260675411667 0.9302260675411667 0.00010809642200837466 0.9302260675411667 0.00010809642200837466 0.9302260675411667 0.9302260675411667 0.9302260675411667 0.9302260675411667 0.9302260675411667 0.9302260675411667 0.9302260675411667 0.9302260675411667 0.9302260675411667 0.9302260675411667 0.9302260675411667 0.9302260675411667 0.9302260675411667
9-104060562-A-G 0.00010809642200837466 0.00010809642200837466 0.00010809642200837466 0.9302260675411667 0.00010809642200837466 0.00010809642200837466 0.00010809642200837466 0.00010809642200837466 0.00010809642200837466 0.00010809642200837466 0.00010809642200837466 0.00010809642200837466 0.00010809642200837466 0.00010809642200837466 0.00010809642200837466 0.00010809642200837466 0.00010809642200837466 0.00010809642200837466 0.00010809642200837466 0.00010809642200837466 0.00010809642200837466 0.00010809642200837466 0.9302260675411667 0.00010809642200837466
3-29514110-G-A 0.9302260675411667 0.9302260675411667 0.9302260675411667 0.9302260675411667 0.9302260675411667 0.9302260675411667 0.9302260675411667 0.9302260675411667 0.9302260675411667 0.9302260675411667 0.9302260675411667 0.9302260675411667 0.9302260675411667 0.00010809642200837466 0.9302260675411667 0.9302260675411667 0.9302260675411667 0.9302260675411667 0.9302260675411667 0.9302260675411667 0.9302260675411667 0.9302260675411667 0.9302260675411667 0.00010809642200837466
6-122081016-G-T 0.00010809642200837466 0.00010809642200837466 0.00010809642200837466 0.00010809642200837466 0.00010809642200837466 0.00010809642200837466 0.00010809642200837466 0.00010809642200837466 0.9302260675411667 0.00010809642200837466 0.9302260675411667 0.00010809642200837466 0.00010809642200837466 0.00010809642200837466 0.00010809642200837466 0.00010809642200837466 0.00010809642200837466 0.00010809642200837466 0.00010809642200837466 0.00010809642200837466 0.00010809642200837466 0.00010809642200837466 0.00010809642200837466 0.00010809642200837466
9-22250041-T-A 0.00010809642200837466 0.9302260675411667 0.9302260675411667 0.9302260675411667 0.9302260675411667 0.00010809642200837466 0.9302260675411667 0.9302260675411667 0.00010809642200837466 0.9302260675411667 0.00010809642200837466 0.9302260675411667 0.00010809642200837466 0.9302260675411667 0.00010809642200837466 0.9302260675411667 0.9302260675411667 0.9302260675411667 0.9302260675411667 0.9302260675411667 0.9302260675411667 0.9302260675411667 0.00010809642200837466 0.9302260675411667
18-11740941-C-G 0.9302260675411667 0.9302260675411667 0.9302260675411667 0.9302260675411667 0.9302260675411667 0.9302260675411667 0.9302260675411667 0.9302260675411667 0.00010809642200837466 0.9302260675411667 0.00010809642200837466 0.9302260675411667 0.9302260675411667 0.9302260675411667 0.9302260675411667 0.9302260675411667 0.9302260675411667 0.9302260675411667 0.9302260675411667 0.9302260675411667 0.9302260675411667 0.9302260675411667 0.9302260675411667 0.9302260675411667
8-25823417-A-G 0.9302260675411667 0.9302260675411667 0.9302260675411667 0.9302260675411667 0.9302260675411667 0.9302260675411667 0.9302260675411667 0.9302260675411667 0.9302260675411667 0.9302260675411667 0.9302260675411667 0.00010809642200837466 0.9302260675411667 0.9302260675411667 0.9302260675411667 0.9302260675411667 0.9302260675411667 0.9302260675411667 0.9302260675411667 0.9302260675411667 0.00010809642200837466 0.9302260675411667 0.9302260675411667 0.9302260675411667
8-111940919-C-G 0.9302260675411667 0.00010809642200837466 0.9302260675411667 0.9302260675411667 0.9302260675411667 0.9302260675411667 0.00010809642200837466 0.00010809642200837466 0.9302260675411667 0.00010809642200837466 0.9302260675411667 0.9302260675411667 0.9302260675411667 0.9302260675411667 0.9302260675411667 0.9302260675411667 0.9302260675411667 0.9302260675411667 0.9302260675411667 0.9302260675411667 0.9302260675411667 0.9302260675411667 0.9302260675411667 0.9302260675411667
16-87397063-A-G 0.00010809642200837466 0.00010809642200837466 0.00010809642200837466 0.00010809642200837466 0.00010809642200837466 0.00010809642200837466 0.00010809642200837466 0.00010809642200837466 0.00010809642200837466 0.00010809642200837466 0.00010809642200837466 0.00010809642200837466 0.00010809642200837466 0.9302260675411667 0.00010809642200837466 0.00010809642200837466 0.00010809642200837466 0.00010809642200837466 0.00010809642200837466 0.00010809642200837466 0.00010809642200837466 0.00010809642200837466 0.00010809642200837466 0.9302260675411667
7-121673032-A-C 0.9302260675411667 0.9302260675411667 0.9302260675411667 0.9302260675411667 0.9302260675411667 0.9302260675411667 0.9302260675411667 0.9302260675411667 0.9302260675411667 0.9302260675411667 0.9302260675411667 0.9302260675411667 0.9302260675411667 0.00010809642200837466 0.9302260675411667 0.9302260675411667 0.9302260675411667 0.9302260675411667 0.9302260675411667 0.9302260675411667 0.9302260675411667 0.9302260675411667 0.9302260675411667 0.00010809642200837466
6-117213743-C-T 0.9302260675411667 0.00010809642200837466 0.00010809642200837466 0.00010809642200837466 0.00010809642200837466 0.9302260675411667 0.00010809642200837466 0.00010809642200837466 0.00010809642200837466 0.00010809642200837466 0.00010809642200837466 0.00010809642200837466 0.9302260675411667 0.00010809642200837466 0.9302260675411667 0.00010809642200837466 0.00010809642200837466 0.00010809642200837466 0.00010809642200837466 0.00010809642200837466 0.00010809642200837466 0.00010809642200837466 0.00010809642200837466 0.00010809642200837466
16-11994000-T-G 0.9302260675411667 0.9302260675411667 0.9302260675411667 0.9302260675411667 0.9302260675411667 0.9302260675411667 0.9302260675411667 0.9302260675411667 0.00010809642200837466 0.9302260675411667 0.00010809642200837466 0.9302260675411667 0.9302260675411667 0.9302260675411667 0.9302260675411667 0.9302260675411667 0.9302260675411667 0.9302260675411667 0.9302260675411667 0.9302260675411667 0.9302260675411667 0.9302260675411667 0.9302260675411667 0.9302260675411667
8-4612829-T-A 0.9302260675411667 0.9302260675411667 0.9302260675411667 0.9302260675411667 0.9302260675411667 0.9302260675411667 0.9302260675411667 0.9302260675411667 0.9302260675411667 0.9302260675411667 0.9302260675411667 0.00010809642200837466 0.9302260675411667 0.9302260675411667 0.9302260675411667 0.9302260675411667 0.9302260675411667 0.9302260675411667 0.9302260675411667 0.9302260675411667 0.00010809642200837466 0.9302260675411667 0.9302260675411667 0.9302260675411667
9-38449016-T-A 0.9302260675411667 0.9302260675411667 0.9302260675411667 0.9302260675411667 0.9302260675411667 0.9302260675411667 0.9302260675411667 0.9302260675411667 0.9302260675411667 0.9302260675411667 0.9302260675411667 0.00010809642200837466 0.9302260675411667 0.9302260675411667 0.9302260675411667 0.9302260675411667 0.9302260675411667 0.9302260675411667 0.9302260675411667 0.9302260675411667 0.00010809642200837466 0.9302260675411667 0.9302260675411667 0.9302260675411667
3-112302461-T-G 0.00010809642200837466 0.9302260675411667 0.9302260675411667 0.9302260675411667 0.9302260675411667 0.00010809642200837466 0.9302260675411667 0.9302260675411667 0.9302260675411667 0.9302260675411667 0.9302260675411667 0.9302260675411667 0.00010809642200837466 0.9302260675411667 0.00010809642200837466 0.9302260675411667 0.9302260675411667 0.9302260675411667 0.9302260675411667 0.9302260675411667 0.9302260675411667 0.9302260675411667 0.00010809642200837466 0.9302260675411667
8-94152986-C-G 0.9302260675411667 0.9302260675411667 0.9302260675411667 0.9302260675411667 0.9302260675411667 0.9302260675411667 0.9302260675411667 0.9302260675411667 0.00010809642200837466 0.9302260675411667 0.00010809642200837466 0.9302260675411667 0.9302260675411667 0.9302260675411667 0.9302260675411667 0.9302260675411667 0.9302260675411667 0.9302260675411667 0.9302260675411667 0.9302260675411667 0.9302260675411667 0.9302260675411667 0.9302260675411667 0.9302260675411667
15-76693428-G-C 0.9302260675411667 0.9302260675411667 0.9302260675411667 0.9302260675411667 0.9302260675411667 0.9302260675411667 0.9302260675411667 0.9302260675411667 0.00010809642200837466 0.9302260675411667 0.00010809642200837466 0.9302260675411667 0.9302260675411667 0.9302260675411667 0.9302260675411667 0.9302260675411667 0.9302260675411667 0.9302260675411667 0.9302260675411667 0.9302260675411667 0.9302260675411667 0.9302260675411667 0.9302260675411667 0.9302260675411667
5-41808824-A-C 0.9302260675411667 0.9302260675411667 0.9302260675411667 0.9302260675411667 0.9302260675411667 0.9302260675411667 0.9302260675411667 0.9302260675411667 0.9302260675411667 0.9302260675411667 0.9302260675411667 0.00010809642200837466 0.9302260675411667 0.9302260675411667 0.9302260675411667 0.9302260675411667 0.9302260675411667 0.9302260675411667 0.9302260675411667 0.9302260675411667 0.00010809642200837466 0.9302260675411667 0.9302260675411667 0.9302260675411667
7-107590324-A-G 0.00010809642200837466 0.9302260675411667 0.9302260675411667 0.9302260675411667 0.9302260675411667 0.00010809642200837466 0.9302260675411667 0.9302260675411667 0.9302260675411667 0.9302260675411667 0.9302260675411667 0.9302260675411667 0.00010809642200837466 0.9302260675411667 0.00010809642200837466 0.9302260675411667 0.9302260675411667 0.9302260675411667 0.9302260675411667 0.9302260675411667 0.9302260675411667 0.9302260675411667 0.9302260675411667 0.9302260675411667
4-140583859-C-T 0.00010809642200837466 0.9302260675411667 0.9302260675411667 0.9302260675411667 0.9302260675411667 0.00010809642200837466 0.9302260675411667 0.9302260675411667 0.9302260675411667 0.9302260675411667 0.9302260675411667 0.9302260675411667 0.00010809642200837466 0.9302260675411667 0.9302260675411667 0.9302260675411667 0.9302260675411667 0.9302260675411667 0.9302260675411667 0.9302260675411667 0.9302260675411667 0.9302260675411667 0.9302260675411667 0.9302260675411667
1-145165024-A-C 0.9302260675411667 0.00010809642200837466 0.9302260675411667 0.9302260675411667 0.9302260675411667 0.9302260675411667 0.00010809642200837466 0.9302260675411667 0.9302260675411667 0.9302260675411667 0.9302260675411667 0.9302260675411667 0.9302260675411667 0.9302260675411667 0.9302260675411667 0.9302260675411667 0.9302260675411667 0.9302260675411667 0.9302260675411667 0.9302260675411667 0.9302260675411667 0.9302260675411667 0.9302260675411667 0.9302260675411667
5-129874413-T-C 0.9302260675411667 0.9302260675411667 0.9302260675411667 0.9302260675411667 0.9302260675411667 0.9302260675411667 0.9302260675411667 0.9302260675411667 0.9302260675411667 0.9302260675411667 0.9302260675411667 0.00010809642200837466 0.9302260675411667 0.9302260675411667 0.9302260675411667 0.9302260675411667 0.9302260675411667 0.9302260675411667 0.9302260675411667 0.9302260675411667 0.00010809642200837466 0.9302260675411667 0.9302260675411667 0.9302260675411667
15-89532196-C-A 0.00010809642200837466 0.9302260675411667 0.00010809642200837466 0.00010809642200837466 0.00010809642200837466 0.00010809642200837466 0.00010809642200837466 0.9302260675411667 0.00010809642200837466 0.9302260675411667 0.00010809642200837466 0.00010809642200837466 0.00010809642200837466 0.00010809642200837466 0.00010809642200837466 0.00010809642200837466 0.00010809642200837466 0.00010809642200837466 0.00010809642200837466 0.00010809642200837466 0.00010809642200837466 0.00010809642200837466 0.00010809642200837466 0.00010809642200837466
12-116597451-C-T 0.9302260675411667 0.00010809642200837466 0.9302260675411667 0.9302260675411667 0.9302260675411667 0.9302260675411667 0.00010809642200837466 0.9302260675411667 0.9302260675411667 0.9302260675411667 0.9302260675411667 0.9302260675411667 0.9302260675411667 0.9302260675411667 0.9302260675411667 0.9302260675411667 0.9302260675411667 0.9302260675411667 0.9302260675411667 0.9302260675411667 0.9302260675411667 0.9302260675411667 0.9302260675411667 0.9302260675411667
13-20290522-T-C 0.00010809642200837466 0.00010809642200837466 0.00010809642200837466 0.00010809642200837466 0.00010809642200837466 0.00010809642200837466 0.00010809642200837466 0.00010809642200837466 0.00010809642200837466 0.00010809642200837466 0.00010809642200837466 0.00010809642200837466 0.00010809642200837466 0.00010809642200837466 0.00010809642200837466 0.00010809642200837466 0.00010809642200837466 0.9302260675411667 0.00010809642200837466 0.00010809642200837466 0.00010809642200837466 0.00010809642200837466 0.00010809642200837466 0.00010809642200837466
12-101051223-T-C 0.9302260675411667 0.9302260675411667 0.9302260675411667 0.9302260675411667 0.9302260675411667 0.9302260675411667 0.9302260675411667 0.9302260675411667 0.00010809642200837466 0.9302260675411667 0.00010809642200837466 0.9302260675411667 0.9302260675411667 0.9302260675411667 0.9302260675411667 0.9302260675411667 0.9302260675411667 0.9302260675411667 0.9302260675411667 0.9302260675411667 0.9302260675411667 0.9302260675411667 0.9302260675411667 0.9302260675411667
5-144285948-C-T 0.00010809642200837466 0.9302260675411667 0.9302260675411667 0.9302260675411667 0.9302260675411667 0.00010809642200837466 0.9302260675411667 0.9302260675411667 0.9302260675411667 0.9302260675411667 0.9302260675411667 0.9302260675411667 0.00010809642200837466 0.9302260675411667 0.9302260675411667 0.9302260675411667 0.9302260675411667 0.9302260675411667 0.9302260675411667 0.9302260675411667 0.9302260675411667 0.9302260675411667 0.9302260675411667 0.9302260675411667
7-17211606-T-A 0.9302260675411667 0.00010809642200837466 0.9302260675411667 0.9302260675411667 0.00010809642200837466 0.9302260675411667 0.00010809642200837466 0.00010809642200837466 0.9302260675411667 0.00010809642200837466 0.9302260675411667 0.9302260675411667 0.9302260675411667 0.9302260675411667 0.9302260675411667 0.9302260675411667 0.9302260675411667 0.9302260675411667 0.9302260675411667 0.9302260675411667 0.9302260675411667 0.9302260675411667 0.9302260675411667 0.9302260675411667
8-77217680-C-T 0.9302260675411667 0.9302260675411667 0.9302260675411667 0.9302260675411667 0.9302260675411667 0.9302260675411667 0.9302260675411667 0.9302260675411667 0.00010809642200837466 0.9302260675411667 0.00010809642200837466 0.9302260675411667 0.9302260675411667 0.9302260675411667 0.9302260675411667 0.9302260675411667 0.9302260675411667 0.9302260675411667 0.9302260675411667 0.9302260675411667 0.9302260675411667 0.9302260675411667 0.9302260675411667 0.9302260675411667
6-125337922-G-A 0.9302260675411667 0.00010809642200837466 0.00010809642200837466 0.00010809642200837466 0.00010809642200837466 0.9302260675411667 0.00010809642200837466 0.00010809642200837466 0.00010809642200837466 0.00010809642200837466 0.00010809642200837466 0.00010809642200837466 0.9302260675411667 0.00010809642200837466 0.9302260675411667 0.00010809642200837466 0.00010809642200837466 0.00010809642200837466 0.00010809642200837466 0.00010809642200837466 0.00010809642200837466 0.00010809642200837466 0.00010809642200837466 0.00010809642200837466
16-5212725-T-C 0.00010809642200837466 0.00010809642200837466 0.9302260675411667 0.00010809642200837466 0.9302260675411667 0.00010809642200837466 0.00010809642200837466 0.00010809642200837466 0.00010809642200837466 0.00010809642200837466 0.00010809642200837466 0.00010809642200837466 0.00010809642200837466 0.00010809642200837466 0.9302260675411667 0.00010809642200837466 0.00010809642200837466 0.00010809642200837466 0.00010809642200837466 0.00010809642200837466 0.00010809642200837466 0.00010809642200837466 0.00010809642200837466 0.00010809642200837466
16-15667879-A-T 0.9302260675411667 0.9302260675411667 0.9302260675411667 0.9302260675411667 0.9302260675411667 0.9302260675411667 0.9302260675411667 0.9302260675411667 0.00010809642200837466 0.9302260675411667 0.00010809642200837466 0.9302260675411667 0.9302260675411667 0.9302260675411667 0.9302260675411667 0.9302260675411667 0.9302260675411667 0.9302260675411667 0.9302260675411667 0.9302260675411667 0.9302260675411667 0.9302260675411667 0.9302260675411667 0.9302260675411667
17-43624123-G-A 0.00010809642200837466 0.9302260675411667 0.9302260675411667 0.9302260675411667 0.9302260675411667 0.00010809642200837466 0.9302260675411667 0.9302260675411667 0.9302260675411667 0.9302260675411667 0.9302260675411667 0.9302260675411667 0.00010809642200837466 0.9302260675411667 0.9302260675411667 0.9302260675411667 0.9302260675411667 0.9302260675411667 0.9302260675411667 0.9302260675411667 0.9302260675411667 0.9302260675411667 0.9302260675411667 0.9302260675411667
4-115582295-A-G 0.9302260675411667 0.00010809642200837466 0.9302260675411667 0.9302260675411667 0.9302260675411667 0.9302260675411667 0.00010809642200837466 0.9302260675411667 0.9302260675411667 0.9302260675411667 0.9302260675411667 0.9302260675411667 0.9302260675411667 0.9302260675411667 0.9302260675411667 0.9302260675411667 0.9302260675411667 0.9302260675411667 0.9302260675411667 0.9302260675411667 0.9302260675411667 0.9302260675411667 0.9302260675411667 0.9302260675411667
10-56173908-G-A 0.00010809642200837466 0.9302260675411667 0.9302260675411667 0.9302260675411667 0.9302260675411667 0.00010809642200837466 0.9302260675411667 0.9302260675411667 0.9302260675411667 0.9302260675411667 0.9302260675411667 0.9302260675411667 0.00010809642200837466 0.9302260675411667 0.00010809642200837466 0.9302260675411667 0.9302260675411667 0.9302260675411667 0.9302260675411667 0.9302260675411667 0.9302260675411667 0.9302260675411667 0.00010809642200837466 0.9302260675411667
6-86396229-A-G 0.9302260675411667 0.9302260675411667 0.9302260675411667 0.9302260675411667 0.9302260675411667 0.9302260675411667 0.9302260675411667 0.9302260675411667 0.9302260675411667 0.9302260675411667 0.9302260675411667 0.9302260675411667 0.9302260675411667 0.9302260675411667 0.9302260675411667 0.9302260675411667 0.9302260675411667 0.9302260675411667 0.00010809642200837466 0.9302260675411667 0.9302260675411667 0.00010809642200837466 0.9302260675411667 0.9302260675411667
7-7916491-G-T 0.9302260675411667 0.00010809642200837466 0.9302260675411667 0.9302260675411667 0.9302260675411667 0.9302260675411667 0.00010809642200837466 0.9302260675411667 0.9302260675411667 0.00010809642200837466 0.9302260675411667 0.9302260675411667 0.9302260675411667 0.9302260675411667 0.9302260675411667 0.9302260675411667 0.9302260675411667 0.9302260675411667 0.9302260675411667 0.9302260675411667 0.9302260675411667 0.9302260675411667 0.9302260675411667 0.9302260675411667
15-91801949-T-C 0.9302260675411667 0.9302260675411667 0.9302260675411667 0.9302260675411667 0.9302260675411667 0.9302260675411667 0.9302260675411667 0.9302260675411667 0.00010809642200837466 0.9302260675411667 0.00010809642200837466 0.9302260675411667 0.9302260675411667 0.9302260675411667 0.9302260675411667 0.9302260675411667 0.9302260675411667 0.9302260675411667 0.9302260675411667 0.9302260675411667 0.9302260675411667 0.9302260675411667 0.9302260675411667 0.9302260675411667
19-39011612-G-A 0.00010809642200837466 0.00010809642200837466 0.00010809642200837466 0.00010809642200837466 0.00010809642200837466 0.00010809642200837466 0.00010809642200837466 0.00010809642200837466 0.00010809642200837466 0.00010809642200837466 0.00010809642200837466 0.00010809642200837466 0.00010809642200837466 0.00010809642200837466 0.00010809642200837466 0.00010809642200837466 0.00010809642200837466 0.9302260675411667 0.00010809642200837466 0.00010809642200837466 0.00010809642200837466 0.00010809642200837466 0.00010809642200837466 0.00010809642200837466
17-18810857-T-A 0.00010809642200837466 0.00010809642200837466 0.9302260675411667 0.9302260675411667 0.00010809642200837466 0.00010809642200837466 0.00010809642200837466 0.00010809642200837466 0.00010809642200837466 0.00010809642200837466 0.00010809642200837466 0.9302260675411667 0.00010809642200837466 0.9302260675411667 0.00010809642200837466 0.9302260675411667 0.9302260675411667 0.00010809642200837466 0.9302260675411667 0.9302260675411667 0.9302260675411667 0.9302260675411667 0.00010809642200837466 0.9302260675411667
9-38815553-T-C 0.9302260675411667 0.00010809642200837466 0.9302260675411667 0.9302260675411667 0.00010809642200837466 0.9302260675411667 0.00010809642200837466 0.00010809642200837466 0.9302260675411667 0.00010809642200837466 0.9302260675411667 0.9302260675411667 0.9302260675411667 0.9302260675411667 0.9302260675411667 0.9302260675411667 0.9302260675411667 0.9302260675411667 0.9302260675411667 0.9302260675411667 0.9302260675411667 0.9302260675411667 0.9302260675411667 0.9302260675411667
9-31434592-T-C 0.9302260675411667 0.00010809642200837466 0.9302260675411667 0.9302260675411667 0.9302260675411667 0.9302260675411667 0.00010809642200837466 0.9302260675411667 0.9302260675411667 0.9302260675411667 0.9302260675411667 0.9302260675411667 0.9302260675411667 0.9302260675411667 0.9302260675411667 0.9302260675411667 0.9302260675411667 0.9302260675411667 0.9302260675411667 0.9302260675411667 0.9302260675411667 0.9302260675411667 0.9302260675411667 0.9302260675411667
3-146505419-C-G 0.00010809642200837466 0.9302260675411667 0.00010809642200837466 0.00010809642200837466 0.00010809642200837466 0.00010809642200837466 0.00010809642200837466 0.9302260675411667 0.00010809642200837466 0.9302260675411667 0.00010809642200837466 0.00010809642200837466 0.00010809642200837466 0.00010809642200837466 0.9302260675411667 0.9302260675411667 0.00010809642200837466 0.9302260675411667 0.00010809642200837466 0.00010809642200837466 0.00010809642200837466 0.9302260675411667 0.00010809642200837466 0.00010809642200837466
1-188359875-C-G 0.00010809642200837466 0.9302260675411667 0.9302260675411667 0.9302260675411667 0.9302260675411667 0.00010809642200837466 0.9302260675411667 0.9302260675411667 0.9302260675411667 0.9302260675411667 0.9302260675411667 0.9302260675411667 0.00010809642200837466 0.9302260675411667 0.9302260675411667 0.9302260675411667 0.9302260675411667 0.9302260675411667 0.9302260675411667 0.9302260675411667 0.9302260675411667 0.9302260675411667 0.9302260675411667 0.9302260675411667
13-81448977-A-T 0.9302260675411667 0.9302260675411667 0.9302260675411667 0.9302260675411667 0.9302260675411667 0.9302260675411667 0.9302260675411667 0.9302260675411667 0.9302260675411667 0.9302260675411667 0.9302260675411667 0.00010809642200837466 0.9302260675411667 0.9302260675411667 0.00010809642200837466 0.9302260675411667 0.9302260675411667 0.9302260675411667 0.9302260675411667 0.9302260675411667 0.00010809642200837466 0.9302260675411667 0.9302260675411667 0.9302260675411667
13-23545091-A-C 0.9302260675411667 0.9302260675411667 0.9302260675411667 0.00010809642200837466 0.9302260675411667 0.9302260675411667 0.9302260675411667 0.9302260675411667 0.9302260675411667 0.9302260675411667 0.9302260675411667 0.9302260675411667 0.9302260675411667 0.9302260675411667 0.9302260675411667 0.9302260675411667 0.00010809642200837466 0.9302260675411667 0.9302260675411667 0.00010809642200837466 0.9302260675411667 0.9302260675411667 0.9302260675411667 0.9302260675411667
9-44759173-A-G 0.9302260675411667 0.9302260675411667 0.9302260675411667 0.9302260675411667 0.9302260675411667 0.9302260675411667 0.9302260675411667 0.9302260675411667 0.00010809642200837466 0.9302260675411667 0.00010809642200837466 0.9302260675411667 0.9302260675411667 0.9302260675411667 0.9302260675411667 0.9302260675411667 0.9302260675411667 0.9302260675411667 0.9302260675411667 0.9302260675411667 0.9302260675411667 0.9302260675411667 0.9302260675411667 0.9302260675411667
5-108331901-A-T 0.9302260675411667 0.9302260675411667 0.9302260675411667 0.9302260675411667 0.9302260675411667 0.9302260675411667 0.9302260675411667 0.9302260675411667 0.00010809642200837466 0.9302260675411667 0.00010809642200837466 0.9302260675411667 0.9302260675411667 0.9302260675411667 0.9302260675411667 0.9302260675411667 0.9302260675411667 0.9302260675411667 0.9302260675411667 0.9302260675411667 0.9302260675411667 0.9302260675411667 0.9302260675411667 0.9302260675411667
10-81323147-A-G 0.9302260675411667 0.9302260675411667 0.9302260675411667 0.9302260675411667 0.9302260675411667 0.9302260675411667 0.9302260675411667 0.9302260675411667 0.9302260675411667 0.9302260675411667 0.9302260675411667 0.9302260675411667 0.9302260675411667 0.00010809642200837466 0.9302260675411667 0.9302260675411667 0.9302260675411667 0.9302260675411667 0.9302260675411667 0.9302260675411667 0.9302260675411667 0.9302260675411667 0.9302260675411667 0.00010809642200837466
14-51070346-G-A 0.00010809642200837466 0.00010809642200837466 0.00010809642200837466 0.00010809642200837466 0.00010809642200837466 0.00010809642200837466 0.00010809642200837466 0.00010809642200837466 0.00010809642200837466 0.00010809642200837466 0.00010809642200837466 0.00010809642200837466 0.00010809642200837466 0.00010809642200837466 0.00010809642200837466 0.00010809642200837466 0.00010809642200837466 0.9302260675411667 0.00010809642200837466 0.00010809642200837466 0.00010809642200837466 0.00010809642200837466 0.00010809642200837466 0.00010809642200837466
13-58327791-A-G 0.9302260675411667 0.9302260675411667 0.9302260675411667 0.9302260675411667 0.9302260675411667 0.9302260675411667 0.9302260675411667 0.9302260675411667 0.9302260675411667 0.9302260675411667 0.9302260675411667 0.00010809642200837466 0.9302260675411667 0.9302260675411667 0.9302260675411667 0.9302260675411667 0.9302260675411667 0.9302260675411667 0.9302260675411667 0.9302260675411667 0.00010809642200837466 0.9302260675411667 0.9302260675411667 0.9302260675411667
5-123160931-G-C 0.00010809642200837466 0.9302260675411667 0.9302260675411667 0.9302260675411667 0.9302260675411667 0.00010809642200837466 0.9302260675411667 0.9302260675411667 0.9302260675411667 0.9302260675411667 0.9302260675411667 0.9302260675411667 0.00010809642200837466 0.9302260675411667 0.9302260675411667 0.9302260675411667 0.9302260675411667 0.9302260675411667 0.9302260675411667 0.9302260675411667 0.9302260675411667 0.9302260675411667 0.9302260675411667 0.9302260675411667
1-172172754-A-T 0.9302260675411667 0.9302260675411667 0.9302260675411667 0.9302260675411667 0.9302260675411667 0.9302260675411667 0.9302260675411667 0.9302260675411667 0.9302260675411667 0.9302260675411667 0.9302260675411667 0.00010809642200837466 0.9302260675411667 0.9302260675411667 0.9302260675411667 0.9302260675411667 0.9302260675411667 0.9302260675411667 0.9302260675411667 0.9302260675411667 0.00010809642200837466 0.9302260675411667 0.9302260675411667 0.9302260675411667
4-145513145-G-C 0.00010809642200837466 0.00010809642200837466 0.00010809642200837466 0.00010809642200837466 0.00010809642200837466 0.00010809642200837466 0.00010809642200837466 0.00010809642200837466 0.00010809642200837466 0.00010809642200837466 0.00010809642200837466 0.00010809642200837466 0.00010809642200837466 0.00010809642200837466 0.9302260675411667 0.00010809642200837466 0.00010809642200837466 0.00010809642200837466 0.00010809642200837466 0.00010809642200837466 0.00010809642200837466 0.00010809642200837466 0.00010809642200837466 0.00010809642200837466
6-117619341-G-A 0.9302260675411667 0.00010809642200837466 0.9302260675411667 0.9302260675411667 0.9302260675411667 0.9302260675411667 0.9302260675411667 0.9302260675411667 0.9302260675411667 0.00010809642200837466 0.9302260675411667 0.9302260675411667 0.9302260675411667 0.9302260675411667 0.9302260675411667 0.9302260675411667 0.9302260675411667 0.9302260675411667 0.9302260675411667 0.9302260675411667 0.9302260675411667 0.9302260675411667 0.9302260675411667 0.9302260675411667
7-123181613-G-T 0.9302260675411667 0.9302260675411667 0.9302260675411667 0.00010809642200837466 0.9302260675411667 0.9302260675411667 0.9302260675411667 0.9302260675411667 0.9302260675411667 0.9302260675411667 0.9302260675411667 0.9302260675411667 0.9302260675411667 0.9302260675411667 0.9302260675411667 0.9302260675411667 0.00010809642200837466 0.9302260675411667 0.9302260675411667 0.00010809642200837466 0.9302260675411667 0.9302260675411667 0.9302260675411667 0.9302260675411667
3-138958770-G-A 0.00010809642200837466 0.9302260675411667 0.00010809642200837466 0.00010809642200837466 0.00010809642200837466 0.00010809642200837466 0.00010809642200837466 0.9302260675411667 0.00010809642200837466 0.9302260675411667 0.00010809642200837466 0.00010809642200837466 0.00010809642200837466 0.00010809642200837466 0.00010809642200837466 0.9302260675411667 0.00010809642200837466 0.9302260675411667 0.00010809642200837466 0.00010809642200837466 0.00010809642200837466 0.9302260675411667 0.00010809642200837466 0.00010809642200837466
2-173015442-A-G 0.9302260675411667 0.00010809642200837466 0.9302260675411667 0.9302260675411667 0.9302260675411667 0.9302260675411667 0.00010809642200837466 0.00010809642200837466 0.9302260675411667 0.00010809642200837466 0.9302260675411667 0.9302260675411667 0.9302260675411667 0.9302260675411667 0.9302260675411667 0.9302260675411667 0.9302260675411667 0.9302260675411667 0.9302260675411667 0.9302260675411667 0.9302260675411667 0.9302260675411667 0.9302260675411667 0.9302260675411667
2-54732913-G-A 0.00010809642200837466 0.00010809642200837466 0.00010809642200837466 0.00010809642200837466 0.00010809642200837466 0.00010809642200837466 0.00010809642200837466 0.00010809642200837466 0.00010809642200837466 0.00010809642200837466 0.00010809642200837466 0.9302260675411667 0.00010809642200837466 0.00010809642200837466 0.00010809642200837466 0.00010809642200837466 0.00010809642200837466 0.00010809642200837466 0.00010809642200837466 0.00010809642200837466 0.00010809642200837466 0.00010809642200837466 0.00010809642200837466 0.00010809642200837466
18-22105438-A-T 0.9302260675411667 0.9302260675411667 0.9302260675411667 0.9302260675411667 0.9302260675411667 0.9302260675411667 0.9302260675411667 0.9302260675411667 0.00010809642200837466 0.9302260675411667 0.00010809642200837466 0.9302260675411667 0.9302260675411667 0.9302260675411667 0.9302260675411667 0.9302260675411667 0.9302260675411667 0.9302260675411667 0.9302260675411667 0.9302260675411667 0.9302260675411667 0.9302260675411667 0.9302260675411667 0.9302260675411667
2-161030645-C-T 0.00010809642200837466 0.00010809642200837466 0.00010809642200837466 0.00010809642200837466 0.00010809642200837466 0.00010809642200837466 0.00010809642200837466 0.00010809642200837466 0.00010809642200837466 0.00010809642200837466 0.00010809642200837466 0.9302260675411667 0.00010809642200837466 0.00010809642200837466 0.00010809642200837466 0.00010809642200837466 0.00010809642200837466 0.00010809642200837466 0.00010809642200837466 0.00010809642200837466 0.00010809642200837466 0.00010809642200837466 0.00010809642200837466 0.00010809642200837466
17-43310826-T-G 0.9302260675411667 0.9302260675411667 0.9302260675411667 0.9302260675411667 0.9302260675411667 0.9302260675411667 0.9302260675411667 0.9302260675411667 0.9302260675411667 0.9302260675411667 0.9302260675411667 0.00010809642200837466 0.9302260675411667 0.9302260675411667 0.9302260675411667 0.9302260675411667 0.9302260675411667 0.9302260675411667 0.9302260675411667 0.9302260675411667 0.00010809642200837466 0.9302260675411667 0.9302260675411667 0.9302260675411667
13-61195490-T-G 0.00010809642200837466 0.00010809642200837466 0.00010809642200837466 0.00010809642200837466 0.00010809642200837466 0.00010809642200837466 0.00010809642200837466 0.00010809642200837466 0.00010809642200837466 0.00010809642200837466 0.00010809642200837466 0.00010809642200837466 0.00010809642200837466 0.00010809642200837466 0.00010809642200837466 0.00010809642200837466 0.00010809642200837466 0.00010809642200837466 0.00010809642200837466 0.00010809642200837466 0.00010809642200837466 0.00010809642200837466 0.00010809642200837466 0.9302260675411667
3-95562653-G-A 0.9302260675411667 0.00010809642200837466 0.00010809642200837466 0.00010809642200837466 0.00010809642200837466 0.9302260675411667 0.00010809642200837466 0.00010809642200837466 0.00010809642200837466 0.00010809642200837466 0.00010809642200837466 0.00010809642200837466 0.9302260675411667 0.9302260675411667 0.9302260675411667 0.00010809642200837466 0.00010809642200837466 0.00010809642200837466 0.9302260675411667 0.00010809642200837466 0.00010809642200837466 0.00010809642200837466 0.9302260675411667 0.9302260675411667
19-43441508-C-A 0.9302260675411667 0.9302260675411667 0.9302260675411667 0.9302260675411667 0.9302260675411667 0.9302260675411667 0.9302260675411667 0.9302260675411667 0.9302260675411667 0.9302260675411667 0.9302260675411667 0.9302260675411667 0.9302260675411667 0.00010809642200837466 0.9302260675411667 0.9302260675411667 0.9302260675411667 0.9302260675411667 0.9302260675411667 0.9302260675411667 0.9302260675411667 0.9302260675411667 0.9302260675411667 0.00010809642200837466
15-91801949-T-C 0.9302260675411667 0.9302260675411667 0.9302260675411667 0.9302260675411667 0.9302260675411667 0.9302260675411667 0.9302260675411667 0.9302260675411667 0.00010809642200837466 0.9302260675411667 0.00010809642200837466 0.9302260675411667 0.9302260675411667 0.9302260675411667 0.9302260675411667 0.9302260675411667 0.9302260675411667 0.9302260675411667 0.9302260675411667 0.9302260675411667 0.9302260675411667 0.9302260675411667 0.9302260675411667 0.9302260675411667
7-28883328-C-T 0.9302260675411667 0.00010809642200837466 0.9302260675411667 0.9302260675411667 0.9302260675411667 0.9302260675411667 0.00010809642200837466 0.9302260675411667 0.9302260675411667 0.9302260675411667 0.9302260675411667 0.9302260675411667 0.9302260675411667 0.9302260675411667 0.9302260675411667 0.9302260675411667 0.9302260675411667 0.9302260675411667 0.9302260675411667 0.9302260675411667 0.9302260675411667 0.9302260675411667 0.9302260675411667 0.9302260675411667
2-31006963-T-C 0.9302260675411667 0.9302260675411667 0.9302260675411667 0.9302260675411667 0.9302260675411667 0.9302260675411667 0.9302260675411667 0.9302260675411667 0.00010809642200837466 0.9302260675411667 0.00010809642200837466 0.9302260675411667 0.9302260675411667 0.9302260675411667 0.9302260675411667 0.9302260675411667 0.9302260675411667 0.9302260675411667 0.9302260675411667 0.9302260675411667 0.9302260675411667 0.9302260675411667 0.9302260675411667 0.9302260675411667
8-24576137-A-C 0.9302260675411667 0.9302260675411667 0.9302260675411667 0.9302260675411667 0.9302260675411667 0.9302260675411667 0.9302260675411667 0.9302260675411667 0.00010809642200837466 0.9302260675411667 0.00010809642200837466 0.9302260675411667 0.9302260675411667 0.9302260675411667 0.9302260675411667 0.9302260675411667 0.9302260675411667 0.9302260675411667 0.9302260675411667 0.9302260675411667 0.9302260675411667 0.9302260675411667 0.9302260675411667 0.9302260675411667
1-92589267-G-A 0.9302260675411667 0.00010809642200837466 0.9302260675411667 0.9302260675411667 0.9302260675411667 0.9302260675411667 0.00010809642200837466 0.00010809642200837466 0.9302260675411667 0.00010809642200837466 0.9302260675411667 0.9302260675411667 0.9302260675411667 0.9302260675411667 0.9302260675411667 0.9302260675411667 0.9302260675411667 0.9302260675411667 0.9302260675411667 0.9302260675411667 0.9302260675411667 0.9302260675411667 0.9302260675411667 0.9302260675411667
13-77742684-C-T 0.00010809642200837466 0.00010809642200837466 0.00010809642200837466 0.00010809642200837466 0.00010809642200837466 0.00010809642200837466 0.00010809642200837466 0.00010809642200837466 0.00010809642200837466 0.00010809642200837466 0.00010809642200837466 0.00010809642200837466 0.00010809642200837466 0.00010809642200837466 0.00010809642200837466 0.00010809642200837466 0.00010809642200837466 0.00010809642200837466 0.00010809642200837466 0.00010809642200837466 0.00010809642200837466 0.00010809642200837466 0.00010809642200837466 0.9302260675411667
6-66895976-A-G 0.9302260675411667 0.00010809642200837466 0.00010809642200837466 0.00010809642200837466 0.00010809642200837466 0.9302260675411667 0.00010809642200837466 0.00010809642200837466 0.9302260675411667 0.00010809642200837466 0.9302260675411667 0.00010809642200837466 0.9302260675411667 0.00010809642200837466 0.9302260675411667 0.00010809642200837466 0.00010809642200837466 0.00010809642200837466 0.00010809642200837466 0.00010809642200837466 0.00010809642200837466 0.00010809642200837466 0.9302260675411667 0.00010809642200837466
12-98785675-C-A 0.00010809642200837466 0.9302260675411667 0.9302260675411667 0.9302260675411667 0.9302260675411667 0.00010809642200837466 0.9302260675411667 0.9302260675411667 0.9302260675411667 0.9302260675411667 0.9302260675411667 0.9302260675411667 0.00010809642200837466 0.9302260675411667 0.00010809642200837466 0.9302260675411667 0.9302260675411667 0.9302260675411667 0.9302260675411667 0.9302260675411667 0.9302260675411667 0.9302260675411667 0.00010809642200837466 0.9302260675411667
8-11635064-C-G 0.00010809642200837466 0.9302260675411667 0.9302260675411667 0.9302260675411667 0.9302260675411667 0.9302260675411667 0.9302260675411667 0.9302260675411667 0.9302260675411667 0.9302260675411667 0.9302260675411667 0.9302260675411667 0.00010809642200837466 0.9302260675411667 0.9302260675411667 0.9302260675411667 0.9302260675411667 0.9302260675411667 0.9302260675411667 0.9302260675411667 0.9302260675411667 0.9302260675411667 0.9302260675411667 0.9302260675411667
1-75211971-T-C 0.9302260675411667 0.9302260675411667 0.9302260675411667 0.9302260675411667 0.9302260675411667 0.9302260675411667 0.9302260675411667 0.9302260675411667 0.00010809642200837466 0.9302260675411667 0.00010809642200837466 0.9302260675411667 0.9302260675411667 0.9302260675411667 0.9302260675411667 0.9302260675411667 0.9302260675411667 0.9302260675411667 0.9302260675411667 0.9302260675411667 0.9302260675411667 0.9302260675411667 0.9302260675411667 0.9302260675411667
4-108266467-G-C 0.9302260675411667 0.9302260675411667 0.9302260675411667 0.9302260675411667 0.9302260675411667 0.9302260675411667 0.9302260675411667 0.9302260675411667 0.9302260675411667 0.9302260675411667 0.9302260675411667 0.9302260675411667 0.9302260675411667 0.00010809642200837466 0.9302260675411667 0.9302260675411667 0.9302260675411667 0.9302260675411667 0.9302260675411667 0.9302260675411667 0.9302260675411667 0.9302260675411667 0.9302260675411667 0.00010809642200837466
3-78135421-A-G 0.9302260675411667 0.00010809642200837466 0.9302260675411667 0.9302260675411667 0.9302260675411667 0.9302260675411667 0.00010809642200837466 0.9302260675411667 0.9302260675411667 0.9302260675411667 0.9302260675411667 0.9302260675411667 0.9302260675411667 0.9302260675411667 0.9302260675411667 0.9302260675411667 0.9302260675411667 0.9302260675411667 0.9302260675411667 0.9302260675411667 0.9302260675411667 0.9302260675411667 0.9302260675411667 0.9302260675411667
1-190161499-G-A 0.9302260675411667 0.9302260675411667 0.9302260675411667 0.9302260675411667 0.9302260675411667 0.9302260675411667 0.9302260675411667 0.9302260675411667 0.00010809642200837466 0.9302260675411667 0.00010809642200837466 0.9302260675411667 0.9302260675411667 0.9302260675411667 0.9302260675411667 0.9302260675411667 0.9302260675411667 0.9302260675411667 0.9302260675411667 0.9302260675411667 0.9302260675411667 0.9302260675411667 0.9302260675411667 0.9302260675411667
2-158831643-C-T 0.00010809642200837466 0.00010809642200837466 0.00010809642200837466 0.00010809642200837466 0.00010809642200837466 0.00010809642200837466 0.00010809642200837466 0.00010809642200837466 0.00010809642200837466 0.00010809642200837466 0.00010809642200837466 0.9302260675411667 0.00010809642200837466 0.00010809642200837466 0.00010809642200837466 0.00010809642200837466 0.00010809642200837466 0.00010809642200837466 0.00010809642200837466 0.00010809642200837466 0.00010809642200837466 0.00010809642200837466 0.00010809642200837466 0.00010809642200837466
1-18128703-T-A 0.9302260675411667 0.9302260675411667 0.9302260675411667 0.9302260675411667 0.9302260675411667 0.9302260675411667 0.9302260675411667 0.9302260675411667 0.00010809642200837466 0.9302260675411667 0.00010809642200837466 0.9302260675411667 0.9302260675411667 0.9302260675411667 0.9302260675411667 0.9302260675411667 0.9302260675411667 0.9302260675411667 0.9302260675411667 0.9302260675411667 0.9302260675411667 0.9302260675411667 0.9302260675411667 0.9302260675411667
17-14681193-A-G 0.9302260675411667 0.9302260675411667 0.9302260675411667 0.9302260675411667 0.9302260675411667 0.9302260675411667 0.9302260675411667 0.9302260675411667 0.00010809642200837466 0.9302260675411667 0.00010809642200837466 0.9302260675411667 0.9302260675411667 0.9302260675411667 0.9302260675411667 0.9302260675411667 0.9302260675411667 0.9302260675411667 0.9302260675411667 0.9302260675411667 0.9302260675411667 0.9302260675411667 0.9302260675411667 0.9302260675411667
12-31304842-A-T 0.00010809642200837466 0.9302260675411667 0.9302260675411667 0.9302260675411667 0.9302260675411667 0.00010809642200837466 0.9302260675411667 0.9302260675411667 0.00010809642200837466 0.9302260675411667 0.00010809642200837466 0.9302260675411667 0.00010809642200837466 0.9302260675411667 0.00010809642200837466 0.9302260675411667 0.9302260675411667 0.00010809642200837466 0.9302260675411667 0.9302260675411667 0.9302260675411667 0.9302260675411667 0.00010809642200837466 0.9302260675411667
16-81852613-G-C 0.00010809642200837466 0.9302260675411667 0.9302260675411667 0.9302260675411667 0.9302260675411667 0.00010809642200837466 0.9302260675411667 0.9302260675411667 0.00010809642200837466 0.9302260675411667 0.00010809642200837466 0.9302260675411667 0.00010809642200837466 0.9302260675411667 0.9302260675411667 0.9302260675411667 0.9302260675411667 0.00010809642200837466 0.9302260675411667 0.9302260675411667 0.9302260675411667 0.9302260675411667 0.00010809642200837466 0.9302260675411667
2-30159710-C-G 0.00010809642200837466 0.9302260675411667 0.9302260675411667 0.9302260675411667 0.9302260675411667 0.00010809642200837466 0.9302260675411667 0.9302260675411667 0.9302260675411667 0.9302260675411667 0.9302260675411667 0.9302260675411667 0.00010809642200837466 0.9302260675411667 0.00010809642200837466 0.9302260675411667 0.9302260675411667 0.9302260675411667 0.9302260675411667 0.9302260675411667 0.9302260675411667 0.9302260675411667 0.00010809642200837466 0.9302260675411667
14-43770972-G-T 0.00010809642200837466 0.9302260675411667 0.9302260675411667 0.9302260675411667 0.9302260675411667 0.00010809642200837466 0.9302260675411667 0.9302260675411667 0.9302260675411667 0.9302260675411667 0.9302260675411667 0.9302260675411667 0.00010809642200837466 0.9302260675411667 0.00010809642200837466 0.9302260675411667 0.9302260675411667 0.9302260675411667 0.9302260675411667 0.9302260675411667 0.9302260675411667 0.9302260675411667 0.00010809642200837466 0.9302260675411667
8-82068942-T-A 0.00010809642200837466 0.9302260675411667 0.9302260675411667 0.9302260675411667 0.9302260675411667 0.00010809642200837466 0.9302260675411667 0.9302260675411667 0.9302260675411667 0.9302260675411667 0.9302260675411667 0.9302260675411667 0.00010809642200837466 0.9302260675411667 0.00010809642200837466 0.9302260675411667 0.9302260675411667 0.9302260675411667 0.9302260675411667 0.9302260675411667 0.9302260675411667 0.9302260675411667 0.9302260675411667 0.9302260675411667
9-7159013-A-G 0.9302260675411667 0.9302260675411667 0.9302260675411667 0.00010809642200837466 0.9302260675411667 0.9302260675411667 0.9302260675411667 0.9302260675411667 0.9302260675411667 0.9302260675411667 0.9302260675411667 0.9302260675411667 0.9302260675411667 0.9302260675411667 0.9302260675411667 0.9302260675411667 0.00010809642200837466 0.9302260675411667 0.9302260675411667 0.00010809642200837466 0.9302260675411667 0.9302260675411667 0.9302260675411667 0.9302260675411667
5-138261091-C-T 0.00010809642200837466 0.00010809642200837466 0.00010809642200837466 0.00010809642200837466 0.00010809642200837466 0.00010809642200837466 0.00010809642200837466 0.00010809642200837466 0.00010809642200837466 0.00010809642200837466 0.00010809642200837466 0.9302260675411667 0.00010809642200837466 0.00010809642200837466 0.00010809642200837466 0.00010809642200837466 0.00010809642200837466 0.00010809642200837466 0.00010809642200837466 0.00010809642200837466 0.00010809642200837466 0.00010809642200837466 0.00010809642200837466 0.9302260675411667
9-103112197-T-A 0.00010809642200837466 0.9302260675411667 0.9302260675411667 0.9302260675411667 0.9302260675411667 0.00010809642200837466 0.9302260675411667 0.9302260675411667 0.9302260675411667 0.9302260675411667 0.9302260675411667 0.9302260675411667 0.00010809642200837466 0.9302260675411667 0.9302260675411667 0.9302260675411667 0.9302260675411667 0.9302260675411667 0.9302260675411667 0.9302260675411667 0.9302260675411667 0.9302260675411667 0.9302260675411667 0.9302260675411667
8-25823417-A-G 0.9302260675411667 0.9302260675411667 0.9302260675411667 0.9302260675411667 0.9302260675411667 0.9302260675411667 0.9302260675411667 0.9302260675411667 0.9302260675411667 0.9302260675411667 0.9302260675411667 0.00010809642200837466 0.9302260675411667 0.9302260675411667 0.9302260675411667 0.9302260675411667 0.9302260675411667 0.9302260675411667 0.9302260675411667 0.9302260675411667 0.00010809642200837466 0.9302260675411667 0.9302260675411667 0.9302260675411667
14-6967973-T-C 0.9302260675411667 0.9302260675411667 0.9302260675411667 0.9302260675411667 0.9302260675411667 0.9302260675411667 0.9302260675411667 0.9302260675411667 0.9302260675411667 0.9302260675411667 0.9302260675411667 0.00010809642200837466 0.9302260675411667 0.9302260675411667 0.9302260675411667 0.9302260675411667 0.9302260675411667 0.9302260675411667 0.9302260675411667 0.9302260675411667 0.00010809642200837466 0.9302260675411667 0.9302260675411667 0.9302260675411667
5-129874413-T-C 0.9302260675411667 0.9302260675411667 0.9302260675411667 0.9302260675411667 0.9302260675411667 0.9302260675411667 0.9302260675411667 0.9302260675411667 0.9302260675411667 0.9302260675411667 0.9302260675411667 0.00010809642200837466 0.9302260675411667 0.9302260675411667 0.9302260675411667 0.9302260675411667 0.9302260675411667 0.9302260675411667 0.9302260675411667 0.9302260675411667 0.00010809642200837466 0.9302260675411667 0.9302260675411667 0.9302260675411667
5-141962527-T-C 0.9302260675411667 0.9302260675411667 0.9302260675411667 0.9302260675411667 0.9302260675411667 0.9302260675411667 0.9302260675411667 0.9302260675411667 0.9302260675411667 0.9302260675411667 0.9302260675411667 0.00010809642200837466 0.9302260675411667 0.9302260675411667 0.9302260675411667 0.9302260675411667 0.9302260675411667 0.9302260675411667 0.9302260675411667 0.9302260675411667 0.00010809642200837466 0.9302260675411667 0.9302260675411667 0.9302260675411667
2-132539980-T-A 0.00010809642200837466 0.9302260675411667 0.9302260675411667 0.9302260675411667 0.9302260675411667 0.00010809642200837466 0.9302260675411667 0.9302260675411667 0.00010809642200837466 0.9302260675411667 0.00010809642200837466 0.9302260675411667 0.00010809642200837466 0.9302260675411667 0.00010809642200837466 0.9302260675411667 0.9302260675411667 0.9302260675411667 0.9302260675411667 0.9302260675411667 0.9302260675411667 0.9302260675411667 0.00010809642200837466 0.9302260675411667
1-14270868-T-C 0.9302260675411667 0.9302260675411667 0.9302260675411667 0.9302260675411667 0.9302260675411667 0.9302260675411667 0.9302260675411667 0.9302260675411667 0.9302260675411667 0.9302260675411667 0.9302260675411667 0.00010809642200837466 0.9302260675411667 0.9302260675411667 0.9302260675411667 0.9302260675411667 0.9302260675411667 0.9302260675411667 0.9302260675411667 0.9302260675411667 0.00010809642200837466 0.9302260675411667 0.9302260675411667 0.9302260675411667
1-106011636-A-G 0.9302260675411667 0.00010809642200837466 0.9302260675411667 0.9302260675411667 0.9302260675411667 0.9302260675411667 0.00010809642200837466 0.00010809642200837466 0.9302260675411667 0.00010809642200837466 0.9302260675411667 0.9302260675411667 0.9302260675411667 0.9302260675411667 0.9302260675411667 0.9302260675411667 0.9302260675411667 0.9302260675411667 0.9302260675411667 0.9302260675411667 0.9302260675411667 0.9302260675411667 0.9302260675411667 0.9302260675411667
16-35953853-T-C 0.00010809642200837466 0.00010809642200837466 0.9302260675411667 0.00010809642200837466 0.9302260675411667 0.00010809642200837466 0.9302260675411667 0.00010809642200837466 0.00010809642200837466 0.00010809642200837466 0.00010809642200837466 0.00010809642200837466 0.00010809642200837466 0.00010809642200837466 0.9302260675411667 0.00010809642200837466 0.00010809642200837466 0.00010809642200837466 0.00010809642200837466 0.00010809642200837466 0.00010809642200837466 0.00010809642200837466 0.00010809642200837466 0.00010809642200837466
1-21229667-T-A 0.9302260675411667 0.9302260675411667 0.9302260675411667 0.00010809642200837466 0.9302260675411667 0.9302260675411667 0.9302260675411667 0.9302260675411667 0.9302260675411667 0.9302260675411667 0.9302260675411667 0.9302260675411667 0.9302260675411667 0.9302260675411667 0.9302260675411667 0.9302260675411667 0.00010809642200837466 0.9302260675411667 0.9302260675411667 0.00010809642200837466 0.9302260675411667 0.9302260675411667 0.9302260675411667 0.9302260675411667
3-96581716-C-T 0.9302260675411667 0.9302260675411667 0.9302260675411667 0.00010809642200837466 0.9302260675411667 0.9302260675411667 0.9302260675411667 0.9302260675411667 0.9302260675411667 0.9302260675411667 0.9302260675411667 0.9302260675411667 0.9302260675411667 0.9302260675411667 0.9302260675411667 0.9302260675411667 0.00010809642200837466 0.9302260675411667 0.9302260675411667 0.00010809642200837466 0.9302260675411667 0.9302260675411667 0.9302260675411667 0.9302260675411667
8-85540536-T-G 0.9302260675411667 0.9302260675411667 0.9302260675411667 0.9302260675411667 0.9302260675411667 0.9302260675411667 0.9302260675411667 0.9302260675411667 0.00010809642200837466 0.9302260675411667 0.00010809642200837466 0.9302260675411667 0.9302260675411667 0.9302260675411667 0.9302260675411667 0.9302260675411667 0.9302260675411667 0.9302260675411667 0.9302260675411667 0.9302260675411667 0.9302260675411667 0.9302260675411667 0.9302260675411667 0.9302260675411667
14-46764607-A-G 0.9302260675411667 0.00010809642200837466 0.9302260675411667 0.9302260675411667 0.9302260675411667 0.9302260675411667 0.00010809642200837466 0.9302260675411667 0.9302260675411667 0.9302260675411667 0.9302260675411667 0.9302260675411667 0.9302260675411667 0.9302260675411667 0.9302260675411667 0.9302260675411667 0.9302260675411667 0.9302260675411667 0.9302260675411667 0.9302260675411667 0.9302260675411667 0.9302260675411667 0.9302260675411667 0.9302260675411667
6-18429145-T-C 0.9302260675411667 0.9302260675411667 0.9302260675411667 0.9302260675411667 0.9302260675411667 0.9302260675411667 0.9302260675411667 0.9302260675411667 0.00010809642200837466 0.9302260675411667 0.00010809642200837466 0.9302260675411667 0.9302260675411667 0.9302260675411667 0.9302260675411667 0.9302260675411667 0.9302260675411667 0.9302260675411667 0.9302260675411667 0.9302260675411667 0.9302260675411667 0.9302260675411667 0.9302260675411667 0.9302260675411667
8-21473111-A-G 0.9302260675411667 0.9302260675411667 0.9302260675411667 0.9302260675411667 0.9302260675411667 0.9302260675411667 0.9302260675411667 0.9302260675411667 0.00010809642200837466 0.9302260675411667 0.00010809642200837466 0.9302260675411667 0.9302260675411667 0.9302260675411667 0.9302260675411667 0.9302260675411667 0.9302260675411667 0.9302260675411667 0.9302260675411667 0.9302260675411667 0.9302260675411667 0.9302260675411667 0.9302260675411667 0.9302260675411667
1-136952051-A-G 0.00010809642200837466 0.00010809642200837466 0.00010809642200837466 0.00010809642200837466 0.00010809642200837466 0.00010809642200837466 0.00010809642200837466 0.00010809642200837466 0.00010809642200837466 0.00010809642200837466 0.00010809642200837466 0.00010809642200837466 0.00010809642200837466 0.00010809642200837466 0.00010809642200837466 0.9302260675411667 0.00010809642200837466 0.00010809642200837466 0.00010809642200837466 0.00010809642200837466 0.00010809642200837466 0.00010809642200837466 0.00010809642200837466 0.00010809642200837466
10-106192801-C-T 0.9302260675411667 0.9302260675411667 0.9302260675411667 0.9302260675411667 0.9302260675411667 0.9302260675411667 0.9302260675411667 0.9302260675411667 0.00010809642200837466 0.9302260675411667 0.00010809642200837466 0.9302260675411667 0.9302260675411667 0.9302260675411667 0.9302260675411667 0.9302260675411667 0.9302260675411667 0.9302260675411667 0.9302260675411667 0.9302260675411667 0.9302260675411667 0.9302260675411667 0.9302260675411667 0.9302260675411667
8-13585798-G-T 0.9302260675411667 0.9302260675411667 0.9302260675411667 0.9302260675411667 0.9302260675411667 0.9302260675411667 0.9302260675411667 0.9302260675411667 0.00010809642200837466 0.9302260675411667 0.00010809642200837466 0.9302260675411667 0.9302260675411667 0.9302260675411667 0.9302260675411667 0.9302260675411667 0.9302260675411667 0.9302260675411667 0.9302260675411667 0.9302260675411667 0.9302260675411667 0.9302260675411667 0.9302260675411667 0.9302260675411667
7-26140834-A-C 0.00010809642200837466 0.9302260675411667 0.9302260675411667 0.9302260675411667 0.9302260675411667 0.00010809642200837466 0.9302260675411667 0.9302260675411667 0.9302260675411667 0.9302260675411667 0.9302260675411667 0.9302260675411667 0.00010809642200837466 0.9302260675411667 0.9302260675411667 0.9302260675411667 0.9302260675411667 0.9302260675411667 0.9302260675411667 0.9302260675411667 0.9302260675411667 0.9302260675411667 0.9302260675411667 0.9302260675411667
5-117446745-C-T 0.00010809642200837466 0.00010809642200837466 0.00010809642200837466 0.9302260675411667 0.00010809642200837466 0.00010809642200837466 0.9302260675411667 0.00010809642200837466 0.00010809642200837466 0.00010809642200837466 0.00010809642200837466 0.00010809642200837466 0.00010809642200837466 0.00010809642200837466 0.00010809642200837466 0.00010809642200837466 0.9302260675411667 0.00010809642200837466 0.00010809642200837466 0.00010809642200837466 0.00010809642200837466 0.9302260675411667 0.00010809642200837466 0.9302260675411667
7-3797508-A-C 0.9302260675411667 0.9302260675411667 0.9302260675411667 0.9302260675411667 0.9302260675411667 0.9302260675411667 0.9302260675411667 0.9302260675411667 0.00010809642200837466 0.9302260675411667 0.00010809642200837466 0.9302260675411667 0.9302260675411667 0.9302260675411667 0.9302260675411667 0.9302260675411667 0.9302260675411667 0.9302260675411667 0.9302260675411667 0.9302260675411667 0.9302260675411667 0.9302260675411667 0.9302260675411667 0.9302260675411667
1-171283245-C-T 0.9302260675411667 0.9302260675411667 0.9302260675411667 0.9302260675411667 0.9302260675411667 0.9302260675411667 0.9302260675411667 0.9302260675411667 0.00010809642200837466 0.9302260675411667 0.00010809642200837466 0.9302260675411667 0.9302260675411667 0.9302260675411667 0.9302260675411667 0.9302260675411667 0.9302260675411667 0.9302260675411667 0.9302260675411667 0.9302260675411667 0.9302260675411667 0.9302260675411667 0.9302260675411667 0.9302260675411667
18-30305059-T-C 0.9302260675411667 0.9302260675411667 0.9302260675411667 0.9302260675411667 0.9302260675411667 0.9302260675411667 0.9302260675411667 0.9302260675411667 0.9302260675411667 0.9302260675411667 0.9302260675411667 0.9302260675411667 0.9302260675411667 0.00010809642200837466 0.9302260675411667 0.9302260675411667 0.9302260675411667 0.9302260675411667 0.9302260675411667 0.9302260675411667 0.9302260675411667 0.9302260675411667 0.9302260675411667 0.00010809642200837466
9-103112197-T-A 0.00010809642200837466 0.9302260675411667 0.9302260675411667 0.9302260675411667 0.9302260675411667 0.00010809642200837466 0.9302260675411667 0.9302260675411667 0.9302260675411667 0.9302260675411667 0.9302260675411667 0.9302260675411667 0.00010809642200837466 0.9302260675411667 0.9302260675411667 0.9302260675411667 0.9302260675411667 0.9302260675411667 0.9302260675411667 0.9302260675411667 0.9302260675411667 0.9302260675411667 0.9302260675411667 0.9302260675411667
16-75596473-A-G 0.9302260675411667 0.00010809642200837466 0.9302260675411667 0.9302260675411667 0.9302260675411667 0.9302260675411667 0.00010809642200837466 0.9302260675411667 0.9302260675411667 0.9302260675411667 0.9302260675411667 0.9302260675411667 0.9302260675411667 0.9302260675411667 0.9302260675411667 0.9302260675411667 0.9302260675411667 0.9302260675411667 0.9302260675411667 0.9302260675411667 0.9302260675411667 0.9302260675411667 0.9302260675411667 0.9302260675411667
6-12006953-T-C 0.9302260675411667 0.9302260675411667 0.9302260675411667 0.9302260675411667 0.9302260675411667 0.9302260675411667 0.9302260675411667 0.9302260675411667 0.9302260675411667 0.9302260675411667 0.9302260675411667 0.9302260675411667 0.9302260675411667 0.9302260675411667 0.9302260675411667 0.9302260675411667 0.9302260675411667 0.9302260675411667 0.00010809642200837466 0.9302260675411667 0.9302260675411667 0.00010809642200837466 0.9302260675411667 0.9302260675411667
8-105259773-C-T 0.00010809642200837466 0.9302260675411667 0.9302260675411667 0.9302260675411667 0.9302260675411667 0.9302260675411667 0.9302260675411667 0.9302260675411667 0.9302260675411667 0.9302260675411667 0.9302260675411667 0.9302260675411667 0.00010809642200837466 0.9302260675411667 0.9302260675411667 0.9302260675411667 0.9302260675411667 0.9302260675411667 0.9302260675411667 0.9302260675411667 0.9302260675411667 0.9302260675411667 0.9302260675411667 0.9302260675411667
3-96220455-T-G 0.9302260675411667 0.9302260675411667 0.9302260675411667 0.9302260675411667 0.9302260675411667 0.9302260675411667 0.9302260675411667 0.9302260675411667 0.9302260675411667 0.9302260675411667 0.9302260675411667 0.00010809642200837466 0.9302260675411667 0.9302260675411667 0.9302260675411667 0.9302260675411667 0.9302260675411667 0.9302260675411667 0.9302260675411667 0.9302260675411667 0.00010809642200837466 0.9302260675411667 0.9302260675411667 0.9302260675411667
9-58660362-G-A 0.9302260675411667 0.9302260675411667 0.9302260675411667 0.9302260675411667 0.9302260675411667 0.9302260675411667 0.9302260675411667 0.9302260675411667 0.00010809642200837466 0.9302260675411667 0.00010809642200837466 0.9302260675411667 0.9302260675411667 0.9302260675411667 0.9302260675411667 0.9302260675411667 0.9302260675411667 0.9302260675411667 0.9302260675411667 0.9302260675411667 0.9302260675411667 0.9302260675411667 0.9302260675411667 0.9302260675411667
8-111940919-C-G 0.9302260675411667 0.00010809642200837466 0.9302260675411667 0.9302260675411667 0.9302260675411667 0.9302260675411667 0.00010809642200837466 0.00010809642200837466 0.9302260675411667 0.00010809642200837466 0.9302260675411667 0.9302260675411667 0.9302260675411667 0.9302260675411667 0.9302260675411667 0.9302260675411667 0.9302260675411667 0.9302260675411667 0.9302260675411667 0.9302260675411667 0.9302260675411667 0.9302260675411667 0.9302260675411667 0.9302260675411667
16-19654698-A-T 0.00010809642200837466 0.9302260675411667 0.9302260675411667 0.9302260675411667 0.9302260675411667 0.00010809642200837466 0.9302260675411667 0.9302260675411667 0.9302260675411667 0.9302260675411667 0.9302260675411667 0.9302260675411667 0.00010809642200837466 0.9302260675411667 0.00010809642200837466 0.9302260675411667 0.9302260675411667 0.9302260675411667 0.9302260675411667 0.9302260675411667 0.9302260675411667 0.9302260675411667 0.9302260675411667 0.9302260675411667
17-56189907-A-T 0.9302260675411667 0.9302260675411667 0.9302260675411667 0.00010809642200837466 0.9302260675411667 0.9302260675411667 0.9302260675411667 0.9302260675411667 0.9302260675411667 0.9302260675411667 0.9302260675411667 0.9302260675411667 0.9302260675411667 0.9302260675411667 0.9302260675411667 0.9302260675411667 0.00010809642200837466 0.9302260675411667 0.9302260675411667 0.00010809642200837466 0.9302260675411667 0.9302260675411667 0.9302260675411667 0.9302260675411667
6-69963760-A-C 0.9302260675411667 0.9302260675411667 0.9302260675411667 0.9302260675411667 0.9302260675411667 0.9302260675411667 0.9302260675411667 0.9302260675411667 0.00010809642200837466 0.9302260675411667 0.00010809642200837466 0.9302260675411667 0.9302260675411667 0.9302260675411667 0.9302260675411667 0.9302260675411667 0.9302260675411667 0.9302260675411667 0.9302260675411667 0.9302260675411667 0.9302260675411667 0.9302260675411667 0.9302260675411667 0.9302260675411667
16-45392184-T-C 0.9302260675411667 0.9302260675411667 0.9302260675411667 0.9302260675411667 0.9302260675411667 0.9302260675411667 0.9302260675411667 0.9302260675411667 0.9302260675411667 0.9302260675411667 0.9302260675411667 0.9302260675411667 0.9302260675411667 0.9302260675411667 0.9302260675411667 0.9302260675411667 0.9302260675411667 0.9302260675411667 0.00010809642200837466 0.9302260675411667 0.9302260675411667 0.00010809642200837466 0.9302260675411667 0.9302260675411667
2-180594444-T-C 0.9302260675411667 0.9302260675411667 0.9302260675411667 0.9302260675411667 0.9302260675411667 0.9302260675411667 0.9302260675411667 0.9302260675411667 0.00010809642200837466 0.9302260675411667 0.00010809642200837466 0.9302260675411667 0.9302260675411667 0.9302260675411667 0.9302260675411667 0.9302260675411667 0.9302260675411667 0.9302260675411667 0.9302260675411667 0.9302260675411667 0.9302260675411667 0.9302260675411667 0.9302260675411667 0.9302260675411667
10-81271268-G-C 0.9302260675411667 0.9302260675411667 0.9302260675411667 0.9302260675411667 0.9302260675411667 0.9302260675411667 0.9302260675411667 0.9302260675411667 0.9302260675411667 0.9302260675411667 0.9302260675411667 0.00010809642200837466 0.9302260675411667 0.9302260675411667 0.9302260675411667 0.9302260675411667 0.9302260675411667 0.9302260675411667 0.9302260675411667 0.9302260675411667 0.00010809642200837466 0.9302260675411667 0.9302260675411667 0.9302260675411667
5-122664593-T-C 0.00010809642200837466 0.00010809642200837466 0.00010809642200837466 0.00010809642200837466 0.00010809642200837466 0.00010809642200837466 0.00010809642200837466 0.00010809642200837466 0.00010809642200837466 0.00010809642200837466 0.00010809642200837466 0.9302260675411667 0.00010809642200837466 0.00010809642200837466 0.00010809642200837466 0.00010809642200837466 0.00010809642200837466 0.00010809642200837466 0.00010809642200837466 0.00010809642200837466 0.00010809642200837466 0.9302260675411667 0.00010809642200837466 0.9302260675411667
5-107511311-G-A 0.9302260675411667 0.9302260675411667 0.9302260675411667 0.9302260675411667 0.9302260675411667 0.9302260675411667 0.9302260675411667 0.9302260675411667 0.00010809642200837466 0.9302260675411667 0.00010809642200837466 0.9302260675411667 0.9302260675411667 0.9302260675411667 0.9302260675411667 0.9302260675411667 0.9302260675411667 0.9302260675411667 0.9302260675411667 0.9302260675411667 0.9302260675411667 0.9302260675411667 0.9302260675411667 0.9302260675411667
13-21229346-G-A 0.00010809642200837466 0.00010809642200837466 0.00010809642200837466 0.00010809642200837466 0.00010809642200837466 0.9302260675411667 0.00010809642200837466 0.00010809642200837466 0.00010809642200837466 0.00010809642200837466 0.00010809642200837466 0.00010809642200837466 0.00010809642200837466 0.00010809642200837466 0.00010809642200837466 0.00010809642200837466 0.9302260675411667 0.9302260675411667 0.00010809642200837466 0.00010809642200837466 0.00010809642200837466 0.00010809642200837466 0.00010809642200837466 0.00010809642200837466
13-66812623-A-G 0.00010809642200837466 0.00010809642200837466 0.00010809642200837466 0.00010809642200837466 0.00010809642200837466 0.00010809642200837466 0.00010809642200837466 0.00010809642200837466 0.00010809642200837466 0.00010809642200837466 0.00010809642200837466 0.00010809642200837466 0.00010809642200837466 0.00010809642200837466 0.00010809642200837466 0.00010809642200837466 0.00010809642200837466 0.00010809642200837466 0.00010809642200837466 0.00010809642200837466 0.00010809642200837466 0.00010809642200837466 0.00010809642200837466 0.9302260675411667
2-10530433-C-T 0.9302260675411667 0.9302260675411667 0.00010809642200837466 0.9302260675411667 0.9302260675411667 0.9302260675411667 0.9302260675411667 0.9302260675411667 0.9302260675411667 0.9302260675411667 0.9302260675411667 0.00010809642200837466 0.9302260675411667 0.9302260675411667 0.9302260675411667 0.9302260675411667 0.9302260675411667 0.9302260675411667 0.00010809642200837466 0.9302260675411667 0.00010809642200837466 0.00010809642200837466 0.9302260675411667 0.9302260675411667
9-104035623-C-T 0.00010809642200837466 0.00010809642200837466 0.00010809642200837466 0.9302260675411667 0.00010809642200837466 0.00010809642200837466 0.00010809642200837466 0.00010809642200837466 0.00010809642200837466 0.00010809642200837466 0.00010809642200837466 0.00010809642200837466 0.00010809642200837466 0.00010809642200837466 0.00010809642200837466 0.00010809642200837466 0.00010809642200837466 0.00010809642200837466 0.00010809642200837466 0.00010809642200837466 0.00010809642200837466 0.00010809642200837466 0.9302260675411667 0.00010809642200837466
5-43732248-A-T 0.9302260675411667 0.9302260675411667 0.9302260675411667 0.9302260675411667 0.9302260675411667 0.9302260675411667 0.9302260675411667 0.9302260675411667 0.00010809642200837466 0.9302260675411667 0.00010809642200837466 0.9302260675411667 0.9302260675411667 0.9302260675411667 0.9302260675411667 0.9302260675411667 0.9302260675411667 0.9302260675411667 0.9302260675411667 0.9302260675411667 0.9302260675411667 0.9302260675411667 0.9302260675411667 0.9302260675411667
11-101331443-G-C 0.9302260675411667 0.9302260675411667 0.9302260675411667 0.00010809642200837466 0.9302260675411667 0.9302260675411667 0.9302260675411667 0.9302260675411667 0.9302260675411667 0.9302260675411667 0.9302260675411667 0.9302260675411667 0.9302260675411667 0.9302260675411667 0.9302260675411667 0.9302260675411667 0.00010809642200837466 0.9302260675411667 0.9302260675411667 0.00010809642200837466 0.9302260675411667 0.9302260675411667 0.9302260675411667 0.9302260675411667
12-105488449-T-C 0.9302260675411667 0.00010809642200837466 0.9302260675411667 0.9302260675411667 0.9302260675411667 0.9302260675411667 0.00010809642200837466 0.9302260675411667 0.9302260675411667 0.9302260675411667 0.9302260675411667 0.9302260675411667 0.9302260675411667 0.9302260675411667 0.9302260675411667 0.9302260675411667 0.9302260675411667 0.9302260675411667 0.9302260675411667 0.9302260675411667 0.9302260675411667 0.9302260675411667 0.9302260675411667 0.9302260675411667
8-72757323-C-G 0.00010809642200837466 0.9302260675411667 0.9302260675411667 0.9302260675411667 0.9302260675411667 0.9302260675411667 0.9302260675411667 0.9302260675411667 0.9302260675411667 0.9302260675411667 0.9302260675411667 0.9302260675411667 0.00010809642200837466 0.9302260675411667 0.9302260675411667 0.9302260675411667 0.9302260675411667 0.9302260675411667 0.9302260675411667 0.9302260675411667 0.9302260675411667 0.9302260675411667 0.9302260675411667 0.9302260675411667
15-82179575-C-T 0.00010809642200837466 0.9302260675411667 0.9302260675411667 0.9302260675411667 0.9302260675411667 0.00010809642200837466 0.9302260675411667 0.9302260675411667 0.9302260675411667 0.9302260675411667 0.9302260675411667 0.9302260675411667 0.00010809642200837466 0.9302260675411667 0.00010809642200837466 0.9302260675411667 0.9302260675411667 0.9302260675411667 0.9302260675411667 0.9302260675411667 0.9302260675411667 0.9302260675411667 0.9302260675411667 0.9302260675411667
8-108800214-C-T 0.00010809642200837466 0.9302260675411667 0.9302260675411667 0.9302260675411667 0.9302260675411667 0.00010809642200837466 0.9302260675411667 0.9302260675411667 0.9302260675411667 0.9302260675411667 0.9302260675411667 0.9302260675411667 0.00010809642200837466 0.9302260675411667 0.9302260675411667 0.9302260675411667 0.9302260675411667 0.9302260675411667 0.9302260675411667 0.9302260675411667 0.9302260675411667 0.9302260675411667 0.9302260675411667 0.9302260675411667
5-138261091-C-T 0.00010809642200837466 0.00010809642200837466 0.00010809642200837466 0.00010809642200837466 0.00010809642200837466 0.00010809642200837466 0.00010809642200837466 0.00010809642200837466 0.00010809642200837466 0.00010809642200837466 0.00010809642200837466 0.9302260675411667 0.00010809642200837466 0.00010809642200837466 0.00010809642200837466 0.00010809642200837466 0.00010809642200837466 0.00010809642200837466 0.00010809642200837466 0.00010809642200837466 0.00010809642200837466 0.00010809642200837466 0.00010809642200837466 0.9302260675411667
11-70220818-T-C 0.9302260675411667 0.9302260675411667 0.9302260675411667 0.9302260675411667 0.9302260675411667 0.9302260675411667 0.9302260675411667 0.9302260675411667 0.9302260675411667 0.9302260675411667 0.9302260675411667 0.9302260675411667 0.9302260675411667 0.00010809642200837466 0.9302260675411667 0.9302260675411667 0.9302260675411667 0.9302260675411667 0.9302260675411667 0.9302260675411667 0.9302260675411667 0.9302260675411667 0.9302260675411667 0.00010809642200837466
14-33932799-T-A 0.00010809642200837466 0.00010809642200837466 0.00010809642200837466 0.00010809642200837466 0.00010809642200837466 0.00010809642200837466 0.00010809642200837466 0.00010809642200837466 0.00010809642200837466 0.00010809642200837466 0.9302260675411667 0.00010809642200837466 0.00010809642200837466 0.00010809642200837466 0.00010809642200837466 0.00010809642200837466 0.00010809642200837466 0.9302260675411667 0.00010809642200837466 0.00010809642200837466 0.00010809642200837466 0.00010809642200837466 0.00010809642200837466 0.00010809642200837466
6-29409434-T-C 0.9302260675411667 0.00010809642200837466 0.00010809642200837466 0.00010809642200837466 0.00010809642200837466 0.9302260675411667 0.00010809642200837466 0.00010809642200837466 0.00010809642200837466 0.00010809642200837466 0.00010809642200837466 0.00010809642200837466 0.9302260675411667 0.00010809642200837466 0.9302260675411667 0.00010809642200837466 0.00010809642200837466 0.00010809642200837466 0.00010809642200837466 0.00010809642200837466 0.00010809642200837466 0.00010809642200837466 0.00010809642200837466 0.00010809642200837466
16-90249513-C-T 0.9302260675411667 0.9302260675411667 0.9302260675411667 0.9302260675411667 0.9302260675411667 0.9302260675411667 0.9302260675411667 0.9302260675411667 0.00010809642200837466 0.9302260675411667 0.00010809642200837466 0.9302260675411667 0.9302260675411667 0.9302260675411667 0.9302260675411667 0.9302260675411667 0.9302260675411667 0.9302260675411667 0.9302260675411667 0.9302260675411667 0.9302260675411667 0.9302260675411667 0.9302260675411667 0.9302260675411667
3-13750298-G-T 0.00010809642200837466 0.9302260675411667 0.9302260675411667 0.9302260675411667 0.9302260675411667 0.9302260675411667 0.9302260675411667 0.9302260675411667 0.9302260675411667 0.9302260675411667 0.9302260675411667 0.9302260675411667 0.00010809642200837466 0.9302260675411667 0.9302260675411667 0.9302260675411667 0.9302260675411667 0.9302260675411667 0.9302260675411667 0.9302260675411667 0.9302260675411667 0.9302260675411667 0.9302260675411667 0.9302260675411667
1-58846628-T-A 0.9302260675411667 0.9302260675411667 0.9302260675411667 0.9302260675411667 0.9302260675411667 0.9302260675411667 0.9302260675411667 0.9302260675411667 0.00010809642200837466 0.9302260675411667 0.00010809642200837466 0.9302260675411667 0.9302260675411667 0.9302260675411667 0.9302260675411667 0.9302260675411667 0.9302260675411667 0.9302260675411667 0.9302260675411667 0.9302260675411667 0.9302260675411667 0.9302260675411667 0.9302260675411667 0.9302260675411667
5-110865555-T-G 0.00010809642200837466 0.00010809642200837466 0.00010809642200837466 0.00010809642200837466 0.00010809642200837466 0.00010809642200837466 0.00010809642200837466 0.00010809642200837466 0.00010809642200837466 0.00010809642200837466 0.00010809642200837466 0.00010809642200837466 0.00010809642200837466 0.00010809642200837466 0.9302260675411667 0.00010809642200837466 0.00010809642200837466 0.00010809642200837466 0.00010809642200837466 0.00010809642200837466 0.00010809642200837466 0.00010809642200837466 0.00010809642200837466 0.9302260675411667
14-46764607-A-G 0.9302260675411667 0.00010809642200837466 0.9302260675411667 0.9302260675411667 0.9302260675411667 0.9302260675411667 0.00010809642200837466 0.9302260675411667 0.9302260675411667 0.9302260675411667 0.9302260675411667 0.9302260675411667 0.9302260675411667 0.9302260675411667 0.9302260675411667 0.9302260675411667 0.9302260675411667 0.9302260675411667 0.9302260675411667 0.9302260675411667 0.9302260675411667 0.9302260675411667 0.9302260675411667 0.9302260675411667
12-55868380-C-T 0.9302260675411667 0.9302260675411667 0.9302260675411667 0.9302260675411667 0.9302260675411667 0.9302260675411667 0.9302260675411667 0.9302260675411667 0.9302260675411667 0.9302260675411667 0.9302260675411667 0.00010809642200837466 0.9302260675411667 0.9302260675411667 0.9302260675411667 0.9302260675411667 0.9302260675411667 0.9302260675411667 0.9302260675411667 0.9302260675411667 0.00010809642200837466 0.9302260675411667 0.9302260675411667 0.9302260675411667
8-106928311-C-A 0.9302260675411667 0.9302260675411667 0.9302260675411667 0.9302260675411667 0.9302260675411667 0.9302260675411667 0.9302260675411667 0.9302260675411667 0.9302260675411667 0.9302260675411667 0.9302260675411667 0.00010809642200837466 0.9302260675411667 0.9302260675411667 0.9302260675411667 0.9302260675411667 0.9302260675411667 0.9302260675411667 0.9302260675411667 0.9302260675411667 0.00010809642200837466 0.9302260675411667 0.9302260675411667 0.9302260675411667
2-154621814-T-A 0.00010809642200837466 0.00010809642200837466 0.00010809642200837466 0.00010809642200837466 0.00010809642200837466 0.00010809642200837466 0.00010809642200837466 0.00010809642200837466 0.00010809642200837466 0.00010809642200837466 0.00010809642200837466 0.9302260675411667 0.00010809642200837466 0.00010809642200837466 0.00010809642200837466 0.00010809642200837466 0.00010809642200837466 0.00010809642200837466 0.00010809642200837466 0.00010809642200837466 0.00010809642200837466 0.00010809642200837466 0.00010809642200837466 0.00010809642200837466
12-4969337-T-C 0.9302260675411667 0.9302260675411667 0.9302260675411667 0.9302260675411667 0.9302260675411667 0.9302260675411667 0.9302260675411667 0.9302260675411667 0.9302260675411667 0.9302260675411667 0.9302260675411667 0.00010809642200837466 0.9302260675411667 0.9302260675411667 0.9302260675411667 0.9302260675411667 0.9302260675411667 0.9302260675411667 0.9302260675411667 0.9302260675411667 0.00010809642200837466 0.9302260675411667 0.9302260675411667 0.9302260675411667
17-73522761-A-G 0.9302260675411667 0.9302260675411667 0.9302260675411667 0.9302260675411667 0.9302260675411667 0.9302260675411667 0.9302260675411667 0.9302260675411667 0.00010809642200837466 0.9302260675411667 0.00010809642200837466 0.9302260675411667 0.9302260675411667 0.9302260675411667 0.9302260675411667 0.9302260675411667 0.9302260675411667 0.9302260675411667 0.9302260675411667 0.9302260675411667 0.9302260675411667 0.9302260675411667 0.9302260675411667 0.9302260675411667
2-111292728-T-A 0.9302260675411667 0.9302260675411667 0.9302260675411667 0.9302260675411667 0.9302260675411667 0.9302260675411667 0.9302260675411667 0.9302260675411667 0.00010809642200837466 0.9302260675411667 0.00010809642200837466 0.9302260675411667 0.9302260675411667 0.9302260675411667 0.9302260675411667 0.9302260675411667 0.9302260675411667 0.9302260675411667 0.9302260675411667 0.9302260675411667 0.9302260675411667 0.9302260675411667 0.9302260675411667 0.9302260675411667
15-58899796-T-G 0.9302260675411667 0.00010809642200837466 0.9302260675411667 0.9302260675411667 0.9302260675411667 0.9302260675411667 0.00010809642200837466 0.00010809642200837466 0.9302260675411667 0.00010809642200837466 0.9302260675411667 0.9302260675411667 0.9302260675411667 0.9302260675411667 0.9302260675411667 0.9302260675411667 0.9302260675411667 0.9302260675411667 0.9302260675411667 0.9302260675411667 0.9302260675411667 0.9302260675411667 0.9302260675411667 0.9302260675411667
7-104154313-A-T 0.9302260675411667 0.9302260675411667 0.9302260675411667 0.9302260675411667 0.9302260675411667 0.9302260675411667 0.9302260675411667 0.9302260675411667 0.00010809642200837466 0.9302260675411667 0.00010809642200837466 0.9302260675411667 0.9302260675411667 0.9302260675411667 0.9302260675411667 0.9302260675411667 0.9302260675411667 0.9302260675411667 0.9302260675411667 0.9302260675411667 0.9302260675411667 0.9302260675411667 0.9302260675411667 0.9302260675411667
18-10627935-T-C 0.9302260675411667 0.9302260675411667 0.9302260675411667 0.9302260675411667 0.9302260675411667 0.9302260675411667 0.9302260675411667 0.9302260675411667 0.9302260675411667 0.9302260675411667 0.9302260675411667 0.00010809642200837466 0.9302260675411667 0.9302260675411667 0.9302260675411667 0.9302260675411667 0.9302260675411667 0.9302260675411667 0.9302260675411667 0.9302260675411667 0.00010809642200837466 0.9302260675411667 0.9302260675411667 0.9302260675411667
5-88662622-A-T 0.00010809642200837466 0.9302260675411667 0.9302260675411667 0.9302260675411667 0.9302260675411667 0.9302260675411667 0.9302260675411667 0.9302260675411667 0.9302260675411667 0.9302260675411667 0.9302260675411667 0.9302260675411667 0.00010809642200837466 0.9302260675411667 0.9302260675411667 0.9302260675411667 0.9302260675411667 0.9302260675411667 0.9302260675411667 0.9302260675411667 0.9302260675411667 0.9302260675411667 0.9302260675411667 0.9302260675411667
5-111585736-C-T 0.00010809642200837466 0.00010809642200837466 0.00010809642200837466 0.00010809642200837466 0.00010809642200837466 0.00010809642200837466 0.00010809642200837466 0.00010809642200837466 0.00010809642200837466 0.00010809642200837466 0.00010809642200837466 0.00010809642200837466 0.00010809642200837466 0.00010809642200837466 0.9302260675411667 0.00010809642200837466 0.00010809642200837466 0.00010809642200837466 0.00010809642200837466 0.00010809642200837466 0.00010809642200837466 0.00010809642200837466 0.00010809642200837466 0.9302260675411667
9-118532535-A-T 0.9302260675411667 0.9302260675411667 0.9302260675411667 0.9302260675411667 0.9302260675411667 0.9302260675411667 0.9302260675411667 0.00010809642200837466 0.9302260675411667 0.9302260675411667 0.9302260675411667 0.00010809642200837466 0.9302260675411667 0.9302260675411667 0.9302260675411667 0.9302260675411667 0.9302260675411667 0.9302260675411667 0.9302260675411667 0.9302260675411667 0.00010809642200837466 0.9302260675411667 0.9302260675411667 0.9302260675411667
4-63115371-C-G 0.00010809642200837466 0.9302260675411667 0.9302260675411667 0.9302260675411667 0.9302260675411667 0.00010809642200837466 0.9302260675411667 0.9302260675411667 0.9302260675411667 0.9302260675411667 0.9302260675411667 0.9302260675411667 0.00010809642200837466 0.9302260675411667 0.9302260675411667 0.9302260675411667 0.9302260675411667 0.9302260675411667 0.9302260675411667 0.9302260675411667 0.9302260675411667 0.9302260675411667 0.9302260675411667 0.9302260675411667
7-27658465-G-A 0.9302260675411667 0.9302260675411667 0.9302260675411667 0.9302260675411667 0.9302260675411667 0.9302260675411667 0.9302260675411667 0.9302260675411667 0.00010809642200837466 0.9302260675411667 0.00010809642200837466 0.9302260675411667 0.9302260675411667 0.9302260675411667 0.9302260675411667 0.9302260675411667 0.9302260675411667 0.9302260675411667 0.9302260675411667 0.9302260675411667 0.9302260675411667 0.9302260675411667 0.9302260675411667 0.9302260675411667
3-53857868-T-C 0.9302260675411667 0.9302260675411667 0.9302260675411667 0.9302260675411667 0.9302260675411667 0.9302260675411667 0.9302260675411667 0.9302260675411667 0.9302260675411667 0.9302260675411667 0.9302260675411667 0.00010809642200837466 0.9302260675411667 0.9302260675411667 0.9302260675411667 0.9302260675411667 0.9302260675411667 0.9302260675411667 0.9302260675411667 0.9302260675411667 0.00010809642200837466 0.9302260675411667 0.9302260675411667 0.9302260675411667
5-147369273-G-A 0.00010809642200837466 0.9302260675411667 0.9302260675411667 0.9302260675411667 0.9302260675411667 0.00010809642200837466 0.9302260675411667 0.9302260675411667 0.9302260675411667 0.9302260675411667 0.9302260675411667 0.9302260675411667 0.00010809642200837466 0.9302260675411667 0.9302260675411667 0.9302260675411667 0.9302260675411667 0.9302260675411667 0.9302260675411667 0.9302260675411667 0.9302260675411667 0.9302260675411667 0.9302260675411667 0.9302260675411667
17-35159812-C-G 0.9302260675411667 0.00010809642200837466 0.9302260675411667 0.9302260675411667 0.9302260675411667 0.9302260675411667 0.00010809642200837466 0.00010809642200837466 0.9302260675411667 0.00010809642200837466 0.9302260675411667 0.9302260675411667 0.9302260675411667 0.9302260675411667 0.9302260675411667 0.9302260675411667 0.9302260675411667 0.9302260675411667 0.9302260675411667 0.9302260675411667 0.9302260675411667 0.9302260675411667 0.9302260675411667 0.9302260675411667
8-96576313-C-A 0.00010809642200837466 0.00010809642200837466 0.00010809642200837466 0.00010809642200837466 0.00010809642200837466 0.00010809642200837466 0.00010809642200837466 0.00010809642200837466 0.00010809642200837466 0.00010809642200837466 0.00010809642200837466 0.00010809642200837466 0.00010809642200837466 0.00010809642200837466 0.00010809642200837466 0.00010809642200837466 0.00010809642200837466 0.00010809642200837466 0.9302260675411667 0.00010809642200837466 0.00010809642200837466 0.00010809642200837466 0.00010809642200837466 0.00010809642200837466
2-34773937-A-C 0.00010809642200837466 0.00010809642200837466 0.00010809642200837466 0.00010809642200837466 0.00010809642200837466 0.00010809642200837466 0.00010809642200837466 0.00010809642200837466 0.00010809642200837466 0.00010809642200837466 0.00010809642200837466 0.9302260675411667 0.00010809642200837466 0.00010809642200837466 0.00010809642200837466 0.00010809642200837466 0.00010809642200837466 0.00010809642200837466 0.00010809642200837466 0.00010809642200837466 0.00010809642200837466 0.00010809642200837466 0.00010809642200837466 0.00010809642200837466
4-61595915-C-T 0.9302260675411667 0.9302260675411667 0.9302260675411667 0.9302260675411667 0.9302260675411667 0.9302260675411667 0.9302260675411667 0.9302260675411667 0.9302260675411667 0.9302260675411667 0.9302260675411667 0.9302260675411667 0.9302260675411667 0.00010809642200837466 0.9302260675411667 0.9302260675411667 0.9302260675411667 0.9302260675411667 0.9302260675411667 0.9302260675411667 0.9302260675411667 0.9302260675411667 0.9302260675411667 0.00010809642200837466
1-93803881-C-G 0.00010809642200837466 0.9302260675411667 0.9302260675411667 0.9302260675411667 0.9302260675411667 0.00010809642200837466 0.9302260675411667 0.9302260675411667 0.9302260675411667 0.9302260675411667 0.9302260675411667 0.9302260675411667 0.00010809642200837466 0.9302260675411667 0.9302260675411667 0.9302260675411667 0.9302260675411667 0.9302260675411667 0.9302260675411667 0.9302260675411667 0.9302260675411667 0.9302260675411667 0.9302260675411667 0.9302260675411667
5-123922312-A-G 0.9302260675411667 0.9302260675411667 0.9302260675411667 0.9302260675411667 0.9302260675411667 0.9302260675411667 0.9302260675411667 0.9302260675411667 0.00010809642200837466 0.9302260675411667 0.00010809642200837466 0.9302260675411667 0.9302260675411667 0.9302260675411667 0.9302260675411667 0.9302260675411667 0.9302260675411667 0.9302260675411667 0.9302260675411667 0.9302260675411667 0.9302260675411667 0.9302260675411667 0.9302260675411667 0.9302260675411667
17-25725937-G-C 0.9302260675411667 0.00010809642200837466 0.9302260675411667 0.9302260675411667 0.9302260675411667 0.9302260675411667 0.00010809642200837466 0.00010809642200837466 0.9302260675411667 0.00010809642200837466 0.9302260675411667 0.9302260675411667 0.9302260675411667 0.9302260675411667 0.9302260675411667 0.9302260675411667 0.9302260675411667 0.9302260675411667 0.9302260675411667 0.9302260675411667 0.9302260675411667 0.9302260675411667 0.9302260675411667 0.9302260675411667
6-113581243-T-C 0.9302260675411667 0.9302260675411667 0.9302260675411667 0.9302260675411667 0.9302260675411667 0.9302260675411667 0.9302260675411667 0.9302260675411667 0.9302260675411667 0.9302260675411667 0.9302260675411667 0.00010809642200837466 0.9302260675411667 0.9302260675411667 0.9302260675411667 0.9302260675411667 0.9302260675411667 0.9302260675411667 0.9302260675411667 0.9302260675411667 0.00010809642200837466 0.9302260675411667 0.9302260675411667 0.9302260675411667
6-35613483-G-A 0.9302260675411667 0.00010809642200837466 0.00010809642200837466 0.00010809642200837466 0.00010809642200837466 0.9302260675411667 0.00010809642200837466 0.00010809642200837466 0.00010809642200837466 0.00010809642200837466 0.00010809642200837466 0.00010809642200837466 0.9302260675411667 0.00010809642200837466 0.9302260675411667 0.00010809642200837466 0.00010809642200837466 0.00010809642200837466 0.00010809642200837466 0.00010809642200837466 0.00010809642200837466 0.00010809642200837466 0.00010809642200837466 0.00010809642200837466
1-133657437-G-A 0.9302260675411667 0.00010809642200837466 0.9302260675411667 0.9302260675411667 0.00010809642200837466 0.9302260675411667 0.00010809642200837466 0.00010809642200837466 0.9302260675411667 0.00010809642200837466 0.9302260675411667 0.9302260675411667 0.9302260675411667 0.9302260675411667 0.9302260675411667 0.9302260675411667 0.9302260675411667 0.9302260675411667 0.9302260675411667 0.9302260675411667 0.9302260675411667 0.9302260675411667 0.9302260675411667 0.9302260675411667
6-5156785-A-C 0.9302260675411667 0.00010809642200837466 0.00010809642200837466 0.00010809642200837466 0.00010809642200837466 0.9302260675411667 0.00010809642200837466 0.00010809642200837466 0.00010809642200837466 0.00010809642200837466 0.00010809642200837466 0.00010809642200837466 0.9302260675411667 0.00010809642200837466 0.9302260675411667 0.00010809642200837466 0.00010809642200837466 0.00010809642200837466 0.00010809642200837466 0.00010809642200837466 0.00010809642200837466 0.00010809642200837466 0.00010809642200837466 0.00010809642200837466
6-8154137-A-G 0.9302260675411667 0.00010809642200837466 0.00010809642200837466 0.00010809642200837466 0.00010809642200837466 0.9302260675411667 0.00010809642200837466 0.00010809642200837466 0.00010809642200837466 0.00010809642200837466 0.00010809642200837466 0.00010809642200837466 0.9302260675411667 0.00010809642200837466 0.9302260675411667 0.00010809642200837466 0.00010809642200837466 0.00010809642200837466 0.00010809642200837466 0.00010809642200837466 0.00010809642200837466 0.00010809642200837466 0.00010809642200837466 0.00010809642200837466
5-149754058-C-T 0.00010809642200837466 0.00010809642200837466 0.00010809642200837466 0.00010809642200837466 0.00010809642200837466 0.00010809642200837466 0.00010809642200837466 0.00010809642200837466 0.00010809642200837466 0.00010809642200837466 0.00010809642200837466 0.00010809642200837466 0.00010809642200837466 0.00010809642200837466 0.00010809642200837466 0.00010809642200837466 0.00010809642200837466 0.00010809642200837466 0.00010809642200837466 0.00010809642200837466 0.00010809642200837466 0.00010809642200837466 0.00010809642200837466 0.9302260675411667
11-116858465-A-C 0.9302260675411667 0.9302260675411667 0.9302260675411667 0.9302260675411667 0.9302260675411667 0.9302260675411667 0.9302260675411667 0.9302260675411667 0.00010809642200837466 0.9302260675411667 0.00010809642200837466 0.9302260675411667 0.9302260675411667 0.9302260675411667 0.9302260675411667 0.9302260675411667 0.9302260675411667 0.9302260675411667 0.9302260675411667 0.9302260675411667 0.9302260675411667 0.9302260675411667 0.9302260675411667 0.9302260675411667
13-24856736-G-A 0.9302260675411667 0.9302260675411667 0.9302260675411667 0.9302260675411667 0.9302260675411667 0.9302260675411667 0.9302260675411667 0.9302260675411667 0.00010809642200837466 0.9302260675411667 0.00010809642200837466 0.9302260675411667 0.9302260675411667 0.9302260675411667 0.9302260675411667 0.9302260675411667 0.9302260675411667 0.9302260675411667 0.9302260675411667 0.9302260675411667 0.9302260675411667 0.9302260675411667 0.9302260675411667 0.9302260675411667
5-73329133-T-A 0.00010809642200837466 0.9302260675411667 0.9302260675411667 0.9302260675411667 0.9302260675411667 0.9302260675411667 0.9302260675411667 0.9302260675411667 0.9302260675411667 0.9302260675411667 0.9302260675411667 0.9302260675411667 0.00010809642200837466 0.9302260675411667 0.9302260675411667 0.9302260675411667 0.9302260675411667 0.9302260675411667 0.9302260675411667 0.9302260675411667 0.9302260675411667 0.9302260675411667 0.9302260675411667 0.9302260675411667
13-12413478-C-T 0.00010809642200837466 0.00010809642200837466 0.00010809642200837466 0.00010809642200837466 0.00010809642200837466 0.00010809642200837466 0.00010809642200837466 0.00010809642200837466 0.00010809642200837466 0.00010809642200837466 0.00010809642200837466 0.00010809642200837466 0.00010809642200837466 0.00010809642200837466 0.00010809642200837466 0.00010809642200837466 0.00010809642200837466 0.00010809642200837466 0.00010809642200837466 0.00010809642200837466 0.00010809642200837466 0.00010809642200837466 0.00010809642200837466 0.9302260675411667
17-12216875-T-C 0.9302260675411667 0.00010809642200837466 0.9302260675411667 0.9302260675411667 0.9302260675411667 0.9302260675411667 0.00010809642200837466 0.00010809642200837466 0.9302260675411667 0.00010809642200837466 0.9302260675411667 0.9302260675411667 0.9302260675411667 0.9302260675411667 0.9302260675411667 0.9302260675411667 0.9302260675411667 0.9302260675411667 0.9302260675411667 0.9302260675411667 0.9302260675411667 0.9302260675411667 0.9302260675411667 0.9302260675411667
11-86732792-T-A 0.00010809642200837466 0.9302260675411667 0.9302260675411667 0.9302260675411667 0.9302260675411667 0.9302260675411667 0.9302260675411667 0.9302260675411667 0.9302260675411667 0.9302260675411667 0.9302260675411667 0.9302260675411667 0.00010809642200837466 0.9302260675411667 0.9302260675411667 0.9302260675411667 0.9302260675411667 0.9302260675411667 0.9302260675411667 0.9302260675411667 0.9302260675411667 0.9302260675411667 0.9302260675411667 0.9302260675411667
9-118532535-A-T 0.9302260675411667 0.9302260675411667 0.9302260675411667 0.9302260675411667 0.9302260675411667 0.9302260675411667 0.9302260675411667 0.00010809642200837466 0.9302260675411667 0.9302260675411667 0.9302260675411667 0.00010809642200837466 0.9302260675411667 0.9302260675411667 0.9302260675411667 0.9302260675411667 0.9302260675411667 0.9302260675411667 0.9302260675411667 0.9302260675411667 0.00010809642200837466 0.9302260675411667 0.9302260675411667 0.9302260675411667
18-9859007-G-T 0.9302260675411667 0.9302260675411667 0.9302260675411667 0.9302260675411667 0.9302260675411667 0.9302260675411667 0.9302260675411667 0.9302260675411667 0.9302260675411667 0.9302260675411667 0.9302260675411667 0.9302260675411667 0.9302260675411667 0.00010809642200837466 0.9302260675411667 0.9302260675411667 0.9302260675411667 0.9302260675411667 0.9302260675411667 0.9302260675411667 0.9302260675411667 0.9302260675411667 0.9302260675411667 0.00010809642200837466
8-71990115-A-C 0.9302260675411667 0.9302260675411667 0.00010809642200837466 0.9302260675411667 0.9302260675411667 0.9302260675411667 0.9302260675411667 0.9302260675411667 0.9302260675411667 0.9302260675411667 0.9302260675411667 0.00010809642200837466 0.9302260675411667 0.9302260675411667 0.9302260675411667 0.9302260675411667 0.9302260675411667 0.9302260675411667 0.00010809642200837466 0.9302260675411667 0.00010809642200837466 0.00010809642200837466 0.9302260675411667 0.9302260675411667
12-101051223-T-C 0.9302260675411667 0.9302260675411667 0.9302260675411667 0.9302260675411667 0.9302260675411667 0.9302260675411667 0.9302260675411667 0.9302260675411667 0.00010809642200837466 0.9302260675411667 0.00010809642200837466 0.9302260675411667 0.9302260675411667 0.9302260675411667 0.9302260675411667 0.9302260675411667 0.9302260675411667 0.9302260675411667 0.9302260675411667 0.9302260675411667 0.9302260675411667 0.9302260675411667 0.9302260675411667 0.9302260675411667
9-7159013-A-G 0.9302260675411667 0.9302260675411667 0.9302260675411667 0.00010809642200837466 0.9302260675411667 0.9302260675411667 0.9302260675411667 0.9302260675411667 0.9302260675411667 0.9302260675411667 0.9302260675411667 0.9302260675411667 0.9302260675411667 0.9302260675411667 0.9302260675411667 0.9302260675411667 0.00010809642200837466 0.9302260675411667 0.9302260675411667 0.00010809642200837466 0.9302260675411667 0.9302260675411667 0.9302260675411667 0.9302260675411667
11-106868479-T-C 0.9302260675411667 0.00010809642200837466 0.9302260675411667 0.9302260675411667 0.9302260675411667 0.9302260675411667 0.00010809642200837466 0.9302260675411667 0.9302260675411667 0.9302260675411667 0.9302260675411667 0.9302260675411667 0.9302260675411667 0.9302260675411667 0.9302260675411667 0.9302260675411667 0.9302260675411667 0.9302260675411667 0.9302260675411667 0.9302260675411667 0.9302260675411667 0.9302260675411667 0.9302260675411667 0.9302260675411667
16-19654698-A-T 0.00010809642200837466 0.9302260675411667 0.9302260675411667 0.9302260675411667 0.9302260675411667 0.00010809642200837466 0.9302260675411667 0.9302260675411667 0.9302260675411667 0.9302260675411667 0.9302260675411667 0.9302260675411667 0.00010809642200837466 0.9302260675411667 0.00010809642200837466 0.9302260675411667 0.9302260675411667 0.9302260675411667 0.9302260675411667 0.9302260675411667 0.9302260675411667 0.9302260675411667 0.9302260675411667 0.9302260675411667
14-77699388-A-C 0.9302260675411667 0.9302260675411667 0.9302260675411667 0.9302260675411667 0.9302260675411667 0.9302260675411667 0.9302260675411667 0.9302260675411667 0.00010809642200837466 0.9302260675411667 0.00010809642200837466 0.9302260675411667 0.9302260675411667 0.9302260675411667 0.9302260675411667 0.9302260675411667 0.9302260675411667 0.9302260675411667 0.9302260675411667 0.9302260675411667 0.9302260675411667 0.9302260675411667 0.9302260675411667 0.9302260675411667
4-40261598-T-C 0.9302260675411667 0.9302260675411667 0.9302260675411667 0.9302260675411667 0.9302260675411667 0.9302260675411667 0.9302260675411667 0.9302260675411667 0.9302260675411667 0.9302260675411667 0.9302260675411667 0.00010809642200837466 0.9302260675411667 0.9302260675411667 0.9302260675411667 0.9302260675411667 0.9302260675411667 0.9302260675411667 0.9302260675411667 0.9302260675411667 0.00010809642200837466 0.9302260675411667 0.9302260675411667 0.9302260675411667
16-15667879-A-T 0.9302260675411667 0.9302260675411667 0.9302260675411667 0.9302260675411667 0.9302260675411667 0.9302260675411667 0.9302260675411667 0.9302260675411667 0.00010809642200837466 0.9302260675411667 0.00010809642200837466 0.9302260675411667 0.9302260675411667 0.9302260675411667 0.9302260675411667 0.9302260675411667 0.9302260675411667 0.9302260675411667 0.9302260675411667 0.9302260675411667 0.9302260675411667 0.9302260675411667 0.9302260675411667 0.9302260675411667
17-33199842-C-T 0.9302260675411667 0.9302260675411667 0.9302260675411667 0.9302260675411667 0.9302260675411667 0.9302260675411667 0.9302260675411667 0.9302260675411667 0.00010809642200837466 0.9302260675411667 0.00010809642200837466 0.9302260675411667 0.9302260675411667 0.9302260675411667 0.9302260675411667 0.9302260675411667 0.9302260675411667 0.9302260675411667 0.9302260675411667 0.9302260675411667 0.9302260675411667 0.9302260675411667 0.9302260675411667 0.9302260675411667
18-64573148-A-C 0.00010809642200837466 0.9302260675411667 0.9302260675411667 0.9302260675411667 0.9302260675411667 0.00010809642200837466 0.9302260675411667 0.9302260675411667 0.00010809642200837466 0.9302260675411667 0.00010809642200837466 0.9302260675411667 0.00010809642200837466 0.9302260675411667 0.00010809642200837466 0.9302260675411667 0.9302260675411667 0.9302260675411667 0.9302260675411667 0.9302260675411667 0.9302260675411667 0.9302260675411667 0.00010809642200837466 0.9302260675411667
5-69584915-T-A 0.9302260675411667 0.9302260675411667 0.9302260675411667 0.9302260675411667 0.9302260675411667 0.9302260675411667 0.9302260675411667 0.9302260675411667 0.9302260675411667 0.9302260675411667 0.9302260675411667 0.00010809642200837466 0.9302260675411667 0.9302260675411667 0.9302260675411667 0.9302260675411667 0.9302260675411667 0.9302260675411667 0.9302260675411667 0.9302260675411667 0.00010809642200837466 0.9302260675411667 0.9302260675411667 0.9302260675411667
7-120435740-T-G 0.9302260675411667 0.00010809642200837466 0.9302260675411667 0.9302260675411667 0.9302260675411667 0.9302260675411667 0.00010809642200837466 0.9302260675411667 0.9302260675411667 0.9302260675411667 0.9302260675411667 0.9302260675411667 0.9302260675411667 0.9302260675411667 0.9302260675411667 0.9302260675411667 0.9302260675411667 0.9302260675411667 0.9302260675411667 0.9302260675411667 0.9302260675411667 0.9302260675411667 0.9302260675411667 0.9302260675411667
7-131350913-C-T 0.9302260675411667 0.9302260675411667 0.9302260675411667 0.9302260675411667 0.9302260675411667 0.9302260675411667 0.9302260675411667 0.9302260675411667 0.9302260675411667 0.9302260675411667 0.9302260675411667 0.00010809642200837466 0.9302260675411667 0.9302260675411667 0.9302260675411667 0.9302260675411667 0.9302260675411667 0.9302260675411667 0.9302260675411667 0.9302260675411667 0.00010809642200837466 0.9302260675411667 0.9302260675411667 0.9302260675411667
6-47781805-T-G 0.9302260675411667 0.9302260675411667 0.9302260675411667 0.9302260675411667 0.9302260675411667 0.9302260675411667 0.9302260675411667 0.9302260675411667 0.00010809642200837466 0.9302260675411667 0.00010809642200837466 0.9302260675411667 0.9302260675411667 0.9302260675411667 0.9302260675411667 0.9302260675411667 0.9302260675411667 0.9302260675411667 0.9302260675411667 0.9302260675411667 0.9302260675411667 0.9302260675411667 0.9302260675411667 0.9302260675411667
9-50636483-G-C 0.9302260675411667 0.00010809642200837466 0.9302260675411667 0.9302260675411667 0.9302260675411667 0.9302260675411667 0.00010809642200837466 0.9302260675411667 0.9302260675411667 0.9302260675411667 0.9302260675411667 0.9302260675411667 0.9302260675411667 0.9302260675411667 0.9302260675411667 0.9302260675411667 0.9302260675411667 0.9302260675411667 0.9302260675411667 0.9302260675411667 0.9302260675411667 0.9302260675411667 0.9302260675411667 0.9302260675411667
18-73590795-A-G 0.9302260675411667 0.9302260675411667 0.9302260675411667 0.9302260675411667 0.9302260675411667 0.9302260675411667 0.9302260675411667 0.9302260675411667 0.00010809642200837466 0.9302260675411667 0.00010809642200837466 0.9302260675411667 0.9302260675411667 0.9302260675411667 0.9302260675411667 0.9302260675411667 0.9302260675411667 0.9302260675411667 0.9302260675411667 0.9302260675411667 0.9302260675411667 0.9302260675411667 0.9302260675411667 0.9302260675411667
16-29471997-T-G 0.9302260675411667 0.9302260675411667 0.9302260675411667 0.9302260675411667 0.9302260675411667 0.9302260675411667 0.9302260675411667 0.9302260675411667 0.00010809642200837466 0.9302260675411667 0.00010809642200837466 0.9302260675411667 0.9302260675411667 0.9302260675411667 0.9302260675411667 0.9302260675411667 0.9302260675411667 0.9302260675411667 0.9302260675411667 0.9302260675411667 0.9302260675411667 0.9302260675411667 0.9302260675411667 0.9302260675411667
2-30159710-C-G 0.00010809642200837466 0.9302260675411667 0.9302260675411667 0.9302260675411667 0.9302260675411667 0.00010809642200837466 0.9302260675411667 0.9302260675411667 0.9302260675411667 0.9302260675411667 0.9302260675411667 0.9302260675411667 0.00010809642200837466 0.9302260675411667 0.00010809642200837466 0.9302260675411667 0.9302260675411667 0.9302260675411667 0.9302260675411667 0.9302260675411667 0.9302260675411667 0.9302260675411667 0.00010809642200837466 0.9302260675411667
6-121849890-T-C 0.9302260675411667 0.9302260675411667 0.9302260675411667 0.9302260675411667 0.9302260675411667 0.9302260675411667 0.9302260675411667 0.9302260675411667 0.9302260675411667 0.9302260675411667 0.9302260675411667 0.00010809642200837466 0.9302260675411667 0.9302260675411667 0.9302260675411667 0.9302260675411667 0.9302260675411667 0.9302260675411667 0.9302260675411667 0.9302260675411667 0.00010809642200837466 0.9302260675411667 0.9302260675411667 0.9302260675411667
4-30702483-T-C 0.9302260675411667 0.9302260675411667 0.9302260675411667 0.9302260675411667 0.9302260675411667 0.9302260675411667 0.9302260675411667 0.9302260675411667 0.9302260675411667 0.9302260675411667 0.9302260675411667 0.9302260675411667 0.9302260675411667 0.00010809642200837466 0.9302260675411667 0.9302260675411667 0.9302260675411667 0.9302260675411667 0.9302260675411667 0.9302260675411667 0.9302260675411667 0.9302260675411667 0.9302260675411667 0.00010809642200837466
18-32090299-T-C 0.9302260675411667 0.9302260675411667 0.9302260675411667 0.9302260675411667 0.9302260675411667 0.9302260675411667 0.9302260675411667 0.9302260675411667 0.00010809642200837466 0.9302260675411667 0.00010809642200837466 0.9302260675411667 0.9302260675411667 0.9302260675411667 0.9302260675411667 0.9302260675411667 0.9302260675411667 0.9302260675411667 0.9302260675411667 0.9302260675411667 0.9302260675411667 0.9302260675411667 0.9302260675411667 0.9302260675411667
8-21316452-A-C 0.00010809642200837466 0.9302260675411667 0.9302260675411667 0.9302260675411667 0.9302260675411667 0.00010809642200837466 0.9302260675411667 0.9302260675411667 0.00010809642200837466 0.9302260675411667 0.00010809642200837466 0.9302260675411667 0.00010809642200837466 0.9302260675411667 0.00010809642200837466 0.9302260675411667 0.9302260675411667 0.9302260675411667 0.9302260675411667 0.9302260675411667 0.9302260675411667 0.9302260675411667 0.00010809642200837466 0.9302260675411667
6-17555676-G-A 0.9302260675411667 0.9302260675411667 0.9302260675411667 0.9302260675411667 0.9302260675411667 0.9302260675411667 0.9302260675411667 0.9302260675411667 0.9302260675411667 0.9302260675411667 0.9302260675411667 0.00010809642200837466 0.9302260675411667 0.9302260675411667 0.9302260675411667 0.9302260675411667 0.9302260675411667 0.9302260675411667 0.9302260675411667 0.9302260675411667 0.00010809642200837466 0.9302260675411667 0.9302260675411667 0.9302260675411667
2-83915614-G-A 0.00010809642200837466 0.00010809642200837466 0.00010809642200837466 0.00010809642200837466 0.00010809642200837466 0.00010809642200837466 0.00010809642200837466 0.00010809642200837466 0.00010809642200837466 0.00010809642200837466 0.00010809642200837466 0.9302260675411667 0.00010809642200837466 0.00010809642200837466 0.00010809642200837466 0.00010809642200837466 0.00010809642200837466 0.00010809642200837466 0.00010809642200837466 0.00010809642200837466 0.00010809642200837466 0.00010809642200837466 0.00010809642200837466 0.00010809642200837466
13-104297009-T-C 0.9302260675411667 0.00010809642200837466 0.9302260675411667 0.9302260675411667 0.9302260675411667 0.9302260675411667 0.00010809642200837466 0.9302260675411667 0.9302260675411667 0.9302260675411667 0.9302260675411667 0.9302260675411667 0.9302260675411667 0.9302260675411667 0.9302260675411667 0.9302260675411667 0.9302260675411667 0.9302260675411667 0.9302260675411667 0.9302260675411667 0.9302260675411667 0.9302260675411667 0.9302260675411667 0.9302260675411667
1-43033648-C-A 0.9302260675411667 0.9302260675411667 0.9302260675411667 0.9302260675411667 0.9302260675411667 0.9302260675411667 0.9302260675411667 0.9302260675411667 0.00010809642200837466 0.9302260675411667 0.00010809642200837466 0.9302260675411667 0.9302260675411667 0.9302260675411667 0.9302260675411667 0.9302260675411667 0.9302260675411667 0.9302260675411667 0.9302260675411667 0.9302260675411667 0.9302260675411667 0.9302260675411667 0.9302260675411667 0.9302260675411667
9-104036306-A-G 0.00010809642200837466 0.00010809642200837466 0.00010809642200837466 0.9302260675411667 0.00010809642200837466 0.00010809642200837466 0.00010809642200837466 0.00010809642200837466 0.00010809642200837466 0.00010809642200837466 0.00010809642200837466 0.00010809642200837466 0.00010809642200837466 0.00010809642200837466 0.00010809642200837466 0.00010809642200837466 0.00010809642200837466 0.00010809642200837466 0.00010809642200837466 0.00010809642200837466 0.00010809642200837466 0.00010809642200837466 0.9302260675411667 0.00010809642200837466
2-34811160-T-C 0.00010809642200837466 0.9302260675411667 0.9302260675411667 0.9302260675411667 0.9302260675411667 0.9302260675411667 0.9302260675411667 0.9302260675411667 0.9302260675411667 0.9302260675411667 0.9302260675411667 0.9302260675411667 0.00010809642200837466 0.9302260675411667 0.9302260675411667 0.9302260675411667 0.9302260675411667 0.9302260675411667 0.9302260675411667 0.9302260675411667 0.9302260675411667 0.9302260675411667 0.9302260675411667 0.9302260675411667
6-138037028-T-A 0.00010809642200837466 0.9302260675411667 0.9302260675411667 0.9302260675411667 0.9302260675411667 0.00010809642200837466 0.9302260675411667 0.9302260675411667 0.9302260675411667 0.9302260675411667 0.9302260675411667 0.9302260675411667 0.00010809642200837466 0.9302260675411667 0.9302260675411667 0.9302260675411667 0.9302260675411667 0.9302260675411667 0.9302260675411667 0.9302260675411667 0.9302260675411667 0.9302260675411667 0.9302260675411667 0.9302260675411667
10-80137230-G-A 0.9302260675411667 0.9302260675411667 0.9302260675411667 0.9302260675411667 0.9302260675411667 0.9302260675411667 0.9302260675411667 0.9302260675411667 0.00010809642200837466 0.9302260675411667 0.00010809642200837466 0.9302260675411667 0.9302260675411667 0.9302260675411667 0.9302260675411667 0.9302260675411667 0.9302260675411667 0.9302260675411667 0.9302260675411667 0.9302260675411667 0.9302260675411667 0.9302260675411667 0.9302260675411667 0.9302260675411667
10-5368170-A-T 0.9302260675411667 0.00010809642200837466 0.9302260675411667 0.9302260675411667 0.9302260675411667 0.9302260675411667 0.00010809642200837466 0.9302260675411667 0.9302260675411667 0.9302260675411667 0.9302260675411667 0.9302260675411667 0.9302260675411667 0.9302260675411667 0.9302260675411667 0.9302260675411667 0.9302260675411667 0.9302260675411667 0.9302260675411667 0.9302260675411667 0.9302260675411667 0.9302260675411667 0.9302260675411667 0.9302260675411667
5-123997333-C-T 0.00010809642200837466 0.00010809642200837466 0.00010809642200837466 0.00010809642200837466 0.00010809642200837466 0.00010809642200837466 0.00010809642200837466 0.00010809642200837466 0.00010809642200837466 0.00010809642200837466 0.00010809642200837466 0.9302260675411667 0.00010809642200837466 0.00010809642200837466 0.00010809642200837466 0.00010809642200837466 0.00010809642200837466 0.00010809642200837466 0.00010809642200837466 0.00010809642200837466 0.00010809642200837466 0.9302260675411667 0.00010809642200837466 0.9302260675411667
2-83736468-A-C 0.9302260675411667 0.9302260675411667 0.9302260675411667 0.9302260675411667 0.9302260675411667 0.9302260675411667 0.9302260675411667 0.9302260675411667 0.00010809642200837466 0.9302260675411667 0.00010809642200837466 0.9302260675411667 0.9302260675411667 0.9302260675411667 0.9302260675411667 0.9302260675411667 0.9302260675411667 0.9302260675411667 0.9302260675411667 0.9302260675411667 0.9302260675411667 0.9302260675411667 0.9302260675411667 0.9302260675411667
7-25250566-C-G 0.00010809642200837466 0.9302260675411667 0.9302260675411667 0.9302260675411667 0.9302260675411667 0.00010809642200837466 0.9302260675411667 0.9302260675411667 0.9302260675411667 0.9302260675411667 0.9302260675411667 0.9302260675411667 0.00010809642200837466 0.9302260675411667 0.9302260675411667 0.9302260675411667 0.9302260675411667 0.9302260675411667 0.9302260675411667 0.9302260675411667 0.9302260675411667 0.9302260675411667 0.9302260675411667 0.9302260675411667
11-80234087-T-C 0.9302260675411667 0.00010809642200837466 0.9302260675411667 0.9302260675411667 0.9302260675411667 0.9302260675411667 0.00010809642200837466 0.9302260675411667 0.9302260675411667 0.9302260675411667 0.9302260675411667 0.9302260675411667 0.9302260675411667 0.9302260675411667 0.9302260675411667 0.9302260675411667 0.9302260675411667 0.9302260675411667 0.9302260675411667 0.9302260675411667 0.9302260675411667 0.9302260675411667 0.9302260675411667 0.9302260675411667
8-88314232-C-G 0.9302260675411667 0.9302260675411667 0.9302260675411667 0.00010809642200837466 0.9302260675411667 0.9302260675411667 0.9302260675411667 0.9302260675411667 0.9302260675411667 0.9302260675411667 0.9302260675411667 0.9302260675411667 0.9302260675411667 0.9302260675411667 0.9302260675411667 0.9302260675411667 0.00010809642200837466 0.9302260675411667 0.9302260675411667 0.00010809642200837466 0.9302260675411667 0.9302260675411667 0.9302260675411667 0.9302260675411667
5-10536384-C-G 0.9302260675411667 0.9302260675411667 0.9302260675411667 0.9302260675411667 0.9302260675411667 0.9302260675411667 0.9302260675411667 0.9302260675411667 0.9302260675411667 0.9302260675411667 0.9302260675411667 0.00010809642200837466 0.9302260675411667 0.9302260675411667 0.9302260675411667 0.9302260675411667 0.9302260675411667 0.9302260675411667 0.9302260675411667 0.9302260675411667 0.00010809642200837466 0.9302260675411667 0.9302260675411667 0.9302260675411667
18-73590795-A-G 0.9302260675411667 0.9302260675411667 0.9302260675411667 0.9302260675411667 0.9302260675411667 0.9302260675411667 0.9302260675411667 0.9302260675411667 0.00010809642200837466 0.9302260675411667 0.00010809642200837466 0.9302260675411667 0.9302260675411667 0.9302260675411667 0.9302260675411667 0.9302260675411667 0.9302260675411667 0.9302260675411667 0.9302260675411667 0.9302260675411667 0.9302260675411667 0.9302260675411667 0.9302260675411667 0.9302260675411667
1-74133370-A-G 0.9302260675411667 0.9302260675411667 0.9302260675411667 0.9302260675411667 0.9302260675411667 0.9302260675411667 0.9302260675411667 0.9302260675411667 0.00010809642200837466 0.9302260675411667 0.00010809642200837466 0.9302260675411667 0.9302260675411667 0.9302260675411667 0.9302260675411667 0.9302260675411667 0.9302260675411667 0.9302260675411667 0.9302260675411667 0.9302260675411667 0.9302260675411667 0.9302260675411667 0.9302260675411667 0.9302260675411667
2-158220472-C-G 0.00010809642200837466 0.9302260675411667 0.9302260675411667 0.9302260675411667 0.9302260675411667 0.9302260675411667 0.9302260675411667 0.9302260675411667 0.9302260675411667 0.9302260675411667 0.9302260675411667 0.9302260675411667 0.00010809642200837466 0.9302260675411667 0.9302260675411667 0.9302260675411667 0.9302260675411667 0.9302260675411667 0.9302260675411667 0.9302260675411667 0.9302260675411667 0.9302260675411667 0.9302260675411667 0.9302260675411667
1-106011636-A-G 0.9302260675411667 0.00010809642200837466 0.9302260675411667 0.9302260675411667 0.9302260675411667 0.9302260675411667 0.00010809642200837466 0.00010809642200837466 0.9302260675411667 0.00010809642200837466 0.9302260675411667 0.9302260675411667 0.9302260675411667 0.9302260675411667 0.9302260675411667 0.9302260675411667 0.9302260675411667 0.9302260675411667 0.9302260675411667 0.9302260675411667 0.9302260675411667 0.9302260675411667 0.9302260675411667 0.9302260675411667
10-108214250-T-A 0.9302260675411667 0.9302260675411667 0.9302260675411667 0.9302260675411667 0.9302260675411667 0.9302260675411667 0.9302260675411667 0.9302260675411667 0.9302260675411667 0.9302260675411667 0.9302260675411667 0.00010809642200837466 0.9302260675411667 0.9302260675411667 0.9302260675411667 0.9302260675411667 0.9302260675411667 0.9302260675411667 0.9302260675411667 0.9302260675411667 0.00010809642200837466 0.9302260675411667 0.9302260675411667 0.9302260675411667
14-4323156-G-A 0.9302260675411667 0.9302260675411667 0.9302260675411667 0.9302260675411667 0.9302260675411667 0.9302260675411667 0.9302260675411667 0.9302260675411667 0.9302260675411667 0.9302260675411667 0.9302260675411667 0.9302260675411667 0.9302260675411667 0.00010809642200837466 0.9302260675411667 0.9302260675411667 0.9302260675411667 0.9302260675411667 0.9302260675411667 0.9302260675411667 0.9302260675411667 0.9302260675411667 0.9302260675411667 0.00010809642200837466
19-12819251-T-A 0.9302260675411667 0.9302260675411667 0.9302260675411667 0.9302260675411667 0.9302260675411667 0.9302260675411667 0.9302260675411667 0.9302260675411667 0.9302260675411667 0.9302260675411667 0.9302260675411667 0.00010809642200837466 0.9302260675411667 0.9302260675411667 0.9302260675411667 0.9302260675411667 0.9302260675411667 0.9302260675411667 0.9302260675411667 0.9302260675411667 0.00010809642200837466 0.9302260675411667 0.9302260675411667 0.9302260675411667
1-135870315-G-A 0.00010809642200837466 0.00010809642200837466 0.00010809642200837466 0.00010809642200837466 0.00010809642200837466 0.00010809642200837466 0.00010809642200837466 0.00010809642200837466 0.00010809642200837466 0.00010809642200837466 0.00010809642200837466 0.00010809642200837466 0.00010809642200837466 0.00010809642200837466 0.9302260675411667 0.00010809642200837466 0.9302260675411667 0.00010809642200837466 0.00010809642200837466 0.00010809642200837466 0.00010809642200837466 0.00010809642200837466 0.00010809642200837466 0.00010809642200837466
1-74349662-C-A 0.9302260675411667 0.9302260675411667 0.9302260675411667 0.9302260675411667 0.9302260675411667 0.9302260675411667 0.9302260675411667 0.9302260675411667 0.9302260675411667 0.9302260675411667 0.9302260675411667 0.9302260675411667 0.9302260675411667 0.9302260675411667 0.9302260675411667 0.9302260675411667 0.9302260675411667 0.9302260675411667 0.00010809642200837466 0.9302260675411667 0.9302260675411667 0.00010809642200837466 0.9302260675411667 0.9302260675411667
4-139349133-C-G 0.00010809642200837466 0.9302260675411667 0.9302260675411667 0.9302260675411667 0.9302260675411667 0.00010809642200837466 0.9302260675411667 0.9302260675411667 0.9302260675411667 0.9302260675411667 0.9302260675411667 0.9302260675411667 0.00010809642200837466 0.9302260675411667 0.9302260675411667 0.9302260675411667 0.9302260675411667 0.9302260675411667 0.9302260675411667 0.9302260675411667 0.9302260675411667 0.9302260675411667 0.9302260675411667 0.9302260675411667
4-57856233-A-T 0.9302260675411667 0.00010809642200837466 0.9302260675411667 0.9302260675411667 0.9302260675411667 0.9302260675411667 0.00010809642200837466 0.9302260675411667 0.9302260675411667 0.9302260675411667 0.9302260675411667 0.9302260675411667 0.9302260675411667 0.9302260675411667 0.9302260675411667 0.9302260675411667 0.9302260675411667 0.9302260675411667 0.9302260675411667 0.9302260675411667 0.9302260675411667 0.9302260675411667 0.9302260675411667 0.9302260675411667
7-13348174-T-C 0.9302260675411667 0.9302260675411667 0.9302260675411667 0.9302260675411667 0.9302260675411667 0.9302260675411667 0.9302260675411667 0.9302260675411667 0.9302260675411667 0.9302260675411667 0.9302260675411667 0.00010809642200837466 0.9302260675411667 0.9302260675411667 0.9302260675411667 0.9302260675411667 0.9302260675411667 0.9302260675411667 0.9302260675411667 0.9302260675411667 0.00010809642200837466 0.9302260675411667 0.9302260675411667 0.9302260675411667
5-38144609-T-C 0.9302260675411667 0.9302260675411667 0.9302260675411667 0.9302260675411667 0.9302260675411667 0.9302260675411667 0.9302260675411667 0.9302260675411667 0.00010809642200837466 0.9302260675411667 0.00010809642200837466 0.9302260675411667 0.9302260675411667 0.9302260675411667 0.9302260675411667 0.9302260675411667 0.9302260675411667 0.9302260675411667 0.9302260675411667 0.9302260675411667 0.9302260675411667 0.9302260675411667 0.9302260675411667 0.9302260675411667
6-132737111-A-T 0.9302260675411667 0.9302260675411667 0.9302260675411667 0.00010809642200837466 0.9302260675411667 0.9302260675411667 0.9302260675411667 0.9302260675411667 0.9302260675411667 0.9302260675411667 0.9302260675411667 0.9302260675411667 0.9302260675411667 0.9302260675411667 0.9302260675411667 0.9302260675411667 0.00010809642200837466 0.9302260675411667 0.9302260675411667 0.00010809642200837466 0.9302260675411667 0.9302260675411667 0.9302260675411667 0.9302260675411667
8-88314232-C-G 0.9302260675411667 0.9302260675411667 0.9302260675411667 0.00010809642200837466 0.9302260675411667 0.9302260675411667 0.9302260675411667 0.9302260675411667 0.9302260675411667 0.9302260675411667 0.9302260675411667 0.9302260675411667 0.9302260675411667 0.9302260675411667 0.9302260675411667 0.9302260675411667 0.00010809642200837466 0.9302260675411667 0.9302260675411667 0.00010809642200837466 0.9302260675411667 0.9302260675411667 0.9302260675411667 0.9302260675411667
6-87845723-G-C 0.9302260675411667 0.9302260675411667 0.9302260675411667 0.00010809642200837466 0.9302260675411667 0.9302260675411667 0.9302260675411667 0.9302260675411667 0.9302260675411667 0.9302260675411667 0.9302260675411667 0.9302260675411667 0.9302260675411667 0.9302260675411667 0.9302260675411667 0.9302260675411667 0.00010809642200837466 0.9302260675411667 0.9302260675411667 0.00010809642200837466 0.9302260675411667 0.9302260675411667 0.9302260675411667 0.9302260675411667
5-123160931-G-C 0.00010809642200837466 0.9302260675411667 0.9302260675411667 0.9302260675411667 0.9302260675411667 0.00010809642200837466 0.9302260675411667 0.9302260675411667 0.9302260675411667 0.9302260675411667 0.9302260675411667 0.9302260675411667 0.00010809642200837466 0.9302260675411667 0.9302260675411667 0.9302260675411667 0.9302260675411667 0.9302260675411667 0.9302260675411667 0.9302260675411667 0.9302260675411667 0.9302260675411667 0.9302260675411667 0.9302260675411667
14-79058727-C-G 0.00010809642200837466 0.9302260675411667 0.9302260675411667 0.9302260675411667 0.9302260675411667 0.00010809642200837466 0.9302260675411667 0.9302260675411667 0.9302260675411667 0.9302260675411667 0.9302260675411667 0.9302260675411667 0.00010809642200837466 0.9302260675411667 0.9302260675411667 0.9302260675411667 0.9302260675411667 0.9302260675411667 0.9302260675411667 0.9302260675411667 0.9302260675411667 0.9302260675411667 0.9302260675411667 0.9302260675411667
1-192505487-A-C 0.9302260675411667 0.9302260675411667 0.9302260675411667 0.9302260675411667 0.9302260675411667 0.9302260675411667 0.9302260675411667 0.9302260675411667 0.00010809642200837466 0.9302260675411667 0.00010809642200837466 0.9302260675411667 0.9302260675411667 0.9302260675411667 0.9302260675411667 0.9302260675411667 0.9302260675411667 0.9302260675411667 0.9302260675411667 0.9302260675411667 0.9302260675411667 0.9302260675411667 0.9302260675411667 0.9302260675411667
11-86535209-A-T 0.9302260675411667 0.9302260675411667 0.9302260675411667 0.9302260675411667 0.9302260675411667 0.9302260675411667 0.9302260675411667 0.9302260675411667 0.00010809642200837466 0.9302260675411667 0.00010809642200837466 0.9302260675411667 0.9302260675411667 0.9302260675411667 0.9302260675411667 0.9302260675411667 0.9302260675411667 0.9302260675411667 0.9302260675411667 0.9302260675411667 0.9302260675411667 0.9302260675411667 0.9302260675411667 0.9302260675411667
7-28883328-C-T 0.9302260675411667 0.00010809642200837466 0.9302260675411667 0.9302260675411667 0.9302260675411667 0.9302260675411667 0.00010809642200837466 0.9302260675411667 0.9302260675411667 0.9302260675411667 0.9302260675411667 0.9302260675411667 0.9302260675411667 0.9302260675411667 0.9302260675411667 0.9302260675411667 0.9302260675411667 0.9302260675411667 0.9302260675411667 0.9302260675411667 0.9302260675411667 0.9302260675411667 0.9302260675411667 0.9302260675411667
3-125722340-T-C 0.9302260675411667 0.00010809642200837466 0.9302260675411667 0.9302260675411667 0.9302260675411667 0.9302260675411667 0.00010809642200837466 0.9302260675411667 0.9302260675411667 0.9302260675411667 0.9302260675411667 0.9302260675411667 0.9302260675411667 0.9302260675411667 0.9302260675411667 0.9302260675411667 0.9302260675411667 0.9302260675411667 0.9302260675411667 0.9302260675411667 0.9302260675411667 0.9302260675411667 0.9302260675411667 0.9302260675411667
11-105915094-A-T 0.9302260675411667 0.9302260675411667 0.9302260675411667 0.9302260675411667 0.9302260675411667 0.9302260675411667 0.9302260675411667 0.9302260675411667 0.00010809642200837466 0.9302260675411667 0.00010809642200837466 0.9302260675411667 0.9302260675411667 0.9302260675411667 0.9302260675411667 0.9302260675411667 0.9302260675411667 0.9302260675411667 0.9302260675411667 0.9302260675411667 0.9302260675411667 0.9302260675411667 0.9302260675411667 0.9302260675411667
13-97030412-C-A 0.00010809642200837466 0.00010809642200837466 0.00010809642200837466 0.00010809642200837466 0.00010809642200837466 0.00010809642200837466 0.00010809642200837466 0.00010809642200837466 0.00010809642200837466 0.00010809642200837466 0.00010809642200837466 0.00010809642200837466 0.00010809642200837466 0.00010809642200837466 0.00010809642200837466 0.00010809642200837466 0.00010809642200837466 0.00010809642200837466 0.00010809642200837466 0.00010809642200837466 0.00010809642200837466 0.00010809642200837466 0.00010809642200837466 0.9302260675411667
6-123297341-T-G 0.00010809642200837466 0.9302260675411667 0.9302260675411667 0.9302260675411667 0.9302260675411667 0.9302260675411667 0.9302260675411667 0.9302260675411667 0.9302260675411667 0.9302260675411667 0.9302260675411667 0.9302260675411667 0.00010809642200837466 0.9302260675411667 0.9302260675411667 0.9302260675411667 0.9302260675411667 0.9302260675411667 0.9302260675411667 0.9302260675411667 0.9302260675411667 0.9302260675411667 0.9302260675411667 0.9302260675411667
16-89237318-G-T 0.9302260675411667 0.9302260675411667 0.9302260675411667 0.9302260675411667 0.9302260675411667 0.9302260675411667 0.9302260675411667 0.9302260675411667 0.00010809642200837466 0.9302260675411667 0.00010809642200837466 0.9302260675411667 0.9302260675411667 0.9302260675411667 0.9302260675411667 0.9302260675411667 0.9302260675411667 0.9302260675411667 0.9302260675411667 0.9302260675411667 0.9302260675411667 0.9302260675411667 0.9302260675411667 0.9302260675411667
1-136952051-A-G 0.00010809642200837466 0.00010809642200837466 0.00010809642200837466 0.00010809642200837466 0.00010809642200837466 0.00010809642200837466 0.00010809642200837466 0.00010809642200837466 0.00010809642200837466 0.00010809642200837466 0.00010809642200837466 0.00010809642200837466 0.00010809642200837466 0.00010809642200837466 0.00010809642200837466 0.9302260675411667 0.00010809642200837466 0.00010809642200837466 0.00010809642200837466 0.00010809642200837466 0.00010809642200837466 0.00010809642200837466 0.00010809642200837466 0.00010809642200837466
1-88214783-C-G 0.00010809642200837466 0.00010809642200837466 0.00010809642200837466 0.00010809642200837466 0.00010809642200837466 0.00010809642200837466 0.00010809642200837466 0.00010809642200837466 0.00010809642200837466 0.00010809642200837466 0.9302260675411667 0.9302260675411667 0.00010809642200837466 0.00010809642200837466 0.00010809642200837466 0.00010809642200837466 0.9302260675411667 0.00010809642200837466 0.00010809642200837466 0.00010809642200837466 0.00010809642200837466 0.00010809642200837466 0.9302260675411667 0.00010809642200837466
17-74702107-G-T 0.00010809642200837466 0.9302260675411667 0.9302260675411667 0.9302260675411667 0.9302260675411667 0.00010809642200837466 0.9302260675411667 0.9302260675411667 0.9302260675411667 0.9302260675411667 0.9302260675411667 0.9302260675411667 0.00010809642200837466 0.9302260675411667 0.9302260675411667 0.9302260675411667 0.9302260675411667 0.9302260675411667 0.9302260675411667 0.9302260675411667 0.9302260675411667 0.9302260675411667 0.9302260675411667 0.9302260675411667
4-55020119-A-G 0.9302260675411667 0.9302260675411667 0.9302260675411667 0.9302260675411667 0.9302260675411667 0.9302260675411667 0.9302260675411667 0.9302260675411667 0.00010809642200837466 0.9302260675411667 0.00010809642200837466 0.9302260675411667 0.9302260675411667 0.9302260675411667 0.9302260675411667 0.9302260675411667 0.9302260675411667 0.9302260675411667 0.9302260675411667 0.9302260675411667 0.9302260675411667 0.9302260675411667 0.9302260675411667 0.9302260675411667
2-69161266-A-T 0.9302260675411667 0.00010809642200837466 0.9302260675411667 0.9302260675411667 0.9302260675411667 0.9302260675411667 0.00010809642200837466 0.00010809642200837466 0.9302260675411667 0.00010809642200837466 0.9302260675411667 0.9302260675411667 0.9302260675411667 0.9302260675411667 0.9302260675411667 0.9302260675411667 0.9302260675411667 0.9302260675411667 0.9302260675411667 0.9302260675411667 0.9302260675411667 0.9302260675411667 0.9302260675411667 0.9302260675411667
15-103241267-A-G 0.00010809642200837466 0.9302260675411667 0.00010809642200837466 0.00010809642200837466 0.00010809642200837466 0.00010809642200837466 0.00010809642200837466 0.9302260675411667 0.00010809642200837466 0.9302260675411667 0.00010809642200837466 0.00010809642200837466 0.00010809642200837466 0.00010809642200837466 0.00010809642200837466 0.00010809642200837466 0.00010809642200837466 0.00010809642200837466 0.00010809642200837466 0.00010809642200837466 0.00010809642200837466 0.00010809642200837466 0.00010809642200837466 0.00010809642200837466
13-58233513-C-T 0.00010809642200837466 0.00010809642200837466 0.00010809642200837466 0.00010809642200837466 0.00010809642200837466 0.00010809642200837466 0.00010809642200837466 0.00010809642200837466 0.00010809642200837466 0.00010809642200837466 0.00010809642200837466 0.00010809642200837466 0.00010809642200837466 0.00010809642200837466 0.00010809642200837466 0.00010809642200837466 0.00010809642200837466 0.00010809642200837466 0.00010809642200837466 0.00010809642200837466 0.00010809642200837466 0.00010809642200837466 0.00010809642200837466 0.9302260675411667
11-101331443-G-C 0.9302260675411667 0.9302260675411667 0.9302260675411667 0.00010809642200837466 0.9302260675411667 0.9302260675411667 0.9302260675411667 0.9302260675411667 0.9302260675411667 0.9302260675411667 0.9302260675411667 0.9302260675411667 0.9302260675411667 0.9302260675411667 0.9302260675411667 0.9302260675411667 0.00010809642200837466 0.9302260675411667 0.9302260675411667 0.00010809642200837466 0.9302260675411667 0.9302260675411667 0.9302260675411667 0.9302260675411667
3-133005677-T-C 0.9302260675411667 0.9302260675411667 0.9302260675411667 0.9302260675411667 0.9302260675411667 0.9302260675411667 0.9302260675411667 0.9302260675411667 0.00010809642200837466 0.9302260675411667 0.00010809642200837466 0.9302260675411667 0.9302260675411667 0.9302260675411667 0.9302260675411667 0.9302260675411667 0.9302260675411667 0.9302260675411667 0.9302260675411667 0.9302260675411667 0.9302260675411667 0.9302260675411667 0.9302260675411667 0.9302260675411667
17-47791850-C-A 0.9302260675411667 0.9302260675411667 0.9302260675411667 0.9302260675411667 0.9302260675411667 0.9302260675411667 0.9302260675411667 0.9302260675411667 0.9302260675411667 0.9302260675411667 0.9302260675411667 0.00010809642200837466 0.9302260675411667 0.9302260675411667 0.9302260675411667 0.9302260675411667 0.9302260675411667 0.9302260675411667 0.9302260675411667 0.9302260675411667 0.00010809642200837466 0.9302260675411667 0.9302260675411667 0.9302260675411667
4-110226449-A-C 0.9302260675411667 0.9302260675411667 0.9302260675411667 0.9302260675411667 0.9302260675411667 0.9302260675411667 0.9302260675411667 0.9302260675411667 0.9302260675411667 0.9302260675411667 0.9302260675411667 0.9302260675411667 0.9302260675411667 0.00010809642200837466 0.9302260675411667 0.9302260675411667 0.9302260675411667 0.9302260675411667 0.9302260675411667 0.9302260675411667 0.9302260675411667 0.9302260675411667 0.9302260675411667 0.00010809642200837466
15-39181458-C-T 0.9302260675411667 0.9302260675411667 0.9302260675411667 0.9302260675411667 0.9302260675411667 0.9302260675411667 0.9302260675411667 0.9302260675411667 0.00010809642200837466 0.9302260675411667 0.00010809642200837466 0.9302260675411667 0.9302260675411667 0.9302260675411667 0.9302260675411667 0.9302260675411667 0.9302260675411667 0.9302260675411667 0.9302260675411667 0.9302260675411667 0.9302260675411667 0.9302260675411667 0.9302260675411667 0.9302260675411667
5-21222254-C-T 0.00010809642200837466 0.00010809642200837466 0.00010809642200837466 0.00010809642200837466 0.00010809642200837466 0.00010809642200837466 0.00010809642200837466 0.00010809642200837466 0.00010809642200837466 0.00010809642200837466 0.00010809642200837466 0.00010809642200837466 0.00010809642200837466 0.00010809642200837466 0.00010809642200837466 0.00010809642200837466 0.00010809642200837466 0.00010809642200837466 0.00010809642200837466 0.00010809642200837466 0.00010809642200837466 0.9302260675411667 0.00010809642200837466 0.00010809642200837466
3-79667930-T-G 0.00010809642200837466 0.9302260675411667 0.00010809642200837466 0.00010809642200837466 0.00010809642200837466 0.00010809642200837466 0.00010809642200837466 0.9302260675411667 0.00010809642200837466 0.9302260675411667 0.00010809642200837466 0.00010809642200837466 0.00010809642200837466 0.00010809642200837466 0.00010809642200837466 0.9302260675411667 0.00010809642200837466 0.9302260675411667 0.00010809642200837466 0.00010809642200837466 0.00010809642200837466 0.9302260675411667 0.00010809642200837466 0.00010809642200837466
5-123160931-G-C 0.00010809642200837466 0.9302260675411667 0.9302260675411667 0.9302260675411667 0.9302260675411667 0.00010809642200837466 0.9302260675411667 0.9302260675411667 0.9302260675411667 0.9302260675411667 0.9302260675411667 0.9302260675411667 0.00010809642200837466 0.9302260675411667 0.9302260675411667 0.9302260675411667 0.9302260675411667 0.9302260675411667 0.9302260675411667 0.9302260675411667 0.9302260675411667 0.9302260675411667 0.9302260675411667 0.9302260675411667
1-38341603-C-G 0.9302260675411667 0.00010809642200837466 0.9302260675411667 0.9302260675411667 0.9302260675411667 0.9302260675411667 0.00010809642200837466 0.9302260675411667 0.9302260675411667 0.9302260675411667 0.9302260675411667 0.9302260675411667 0.9302260675411667 0.9302260675411667 0.9302260675411667 0.9302260675411667 0.9302260675411667 0.9302260675411667 0.9302260675411667 0.9302260675411667 0.9302260675411667 0.9302260675411667 0.9302260675411667 0.9302260675411667
12-94914728-A-G 0.9302260675411667 0.9302260675411667 0.9302260675411667 0.00010809642200837466 0.9302260675411667 0.9302260675411667 0.9302260675411667 0.9302260675411667 0.9302260675411667 0.9302260675411667 0.9302260675411667 0.9302260675411667 0.9302260675411667 0.9302260675411667 0.9302260675411667 0.9302260675411667 0.00010809642200837466 0.9302260675411667 0.9302260675411667 0.00010809642200837466 0.9302260675411667 0.9302260675411667 0.9302260675411667 0.9302260675411667
13-59632930-G-A 0.00010809642200837466 0.9302260675411667 0.9302260675411667 0.9302260675411667 0.9302260675411667 0.9302260675411667 0.9302260675411667 0.9302260675411667 0.9302260675411667 0.9302260675411667 0.9302260675411667 0.9302260675411667 0.00010809642200837466 0.9302260675411667 0.9302260675411667 0.9302260675411667 0.9302260675411667 0.9302260675411667 0.9302260675411667 0.9302260675411667 0.9302260675411667 0.9302260675411667 0.9302260675411667 0.9302260675411667
12-84678742-T-A 0.00010809642200837466 0.9302260675411667 0.9302260675411667 0.9302260675411667 0.9302260675411667 0.00010809642200837466 0.9302260675411667 0.9302260675411667 0.00010809642200837466 0.9302260675411667 0.00010809642200837466 0.9302260675411667 0.00010809642200837466 0.9302260675411667 0.00010809642200837466 0.9302260675411667 0.9302260675411667 0.00010809642200837466 0.9302260675411667 0.9302260675411667 0.9302260675411667 0.9302260675411667 0.00010809642200837466 0.9302260675411667
3-91998179-A-C 0.00010809642200837466 0.9302260675411667 0.00010809642200837466 0.00010809642200837466 0.00010809642200837466 0.00010809642200837466 0.9302260675411667 0.9302260675411667 0.00010809642200837466 0.9302260675411667 0.00010809642200837466 0.00010809642200837466 0.00010809642200837466 0.00010809642200837466 0.00010809642200837466 0.9302260675411667 0.00010809642200837466 0.9302260675411667 0.00010809642200837466 0.00010809642200837466 0.00010809642200837466 0.9302260675411667 0.00010809642200837466 0.00010809642200837466
9-48495220-T-C 0.9302260675411667 0.9302260675411667 0.9302260675411667 0.9302260675411667 0.9302260675411667 0.9302260675411667 0.9302260675411667 0.9302260675411667 0.9302260675411667 0.9302260675411667 0.9302260675411667 0.9302260675411667 0.9302260675411667 0.9302260675411667 0.9302260675411667 0.9302260675411667 0.9302260675411667 0.9302260675411667 0.00010809642200837466 0.9302260675411667 0.9302260675411667 0.00010809642200837466 0.9302260675411667 0.9302260675411667
8-13386624-T-G 0.9302260675411667 0.9302260675411667 0.9302260675411667 0.00010809642200837466 0.9302260675411667 0.9302260675411667 0.9302260675411667 0.9302260675411667 0.9302260675411667 0.9302260675411667 0.9302260675411667 0.9302260675411667 0.9302260675411667 0.9302260675411667 0.9302260675411667 0.9302260675411667 0.00010809642200837466 0.9302260675411667 0.9302260675411667 0.00010809642200837466 0.9302260675411667 0.9302260675411667 0.9302260675411667 0.9302260675411667
10-77137712-T-A 0.9302260675411667 0.9302260675411667 0.9302260675411667 0.9302260675411667 0.9302260675411667 0.9302260675411667 0.9302260675411667 0.9302260675411667 0.00010809642200837466 0.9302260675411667 0.00010809642200837466 0.9302260675411667 0.9302260675411667 0.9302260675411667 0.9302260675411667 0.9302260675411667 0.9302260675411667 0.9302260675411667 0.9302260675411667 0.9302260675411667 0.9302260675411667 0.9302260675411667 0.9302260675411667 0.9302260675411667
4-108266467-G-C 0.9302260675411667 0.9302260675411667 0.9302260675411667 0.9302260675411667 0.9302260675411667 0.9302260675411667 0.9302260675411667 0.9302260675411667 0.9302260675411667 0.9302260675411667 0.9302260675411667 0.9302260675411667 0.9302260675411667 0.00010809642200837466 0.9302260675411667 0.9302260675411667 0.9302260675411667 0.9302260675411667 0.9302260675411667 0.9302260675411667 0.9302260675411667 0.9302260675411667 0.9302260675411667 0.00010809642200837466
15-94558182-T-C 0.9302260675411667 0.9302260675411667 0.9302260675411667 0.00010809642200837466 0.9302260675411667 0.9302260675411667 0.9302260675411667 0.9302260675411667 0.9302260675411667 0.9302260675411667 0.9302260675411667 0.9302260675411667 0.9302260675411667 0.9302260675411667 0.9302260675411667 0.9302260675411667 0.00010809642200837466 0.9302260675411667 0.9302260675411667 0.00010809642200837466 0.9302260675411667 0.9302260675411667 0.9302260675411667 0.9302260675411667
6-128674304-C-G 0.00010809642200837466 0.9302260675411667 0.9302260675411667 0.9302260675411667 0.9302260675411667 0.00010809642200837466 0.9302260675411667 0.9302260675411667 0.9302260675411667 0.9302260675411667 0.9302260675411667 0.9302260675411667 0.00010809642200837466 0.9302260675411667 0.00010809642200837466 0.9302260675411667 0.9302260675411667 0.9302260675411667 0.9302260675411667 0.9302260675411667 0.9302260675411667 0.9302260675411667 0.9302260675411667 0.9302260675411667
6-70193330-A-G 0.9302260675411667 0.9302260675411667 0.9302260675411667 0.9302260675411667 0.9302260675411667 0.9302260675411667 0.9302260675411667 0.9302260675411667 0.9302260675411667 0.9302260675411667 0.9302260675411667 0.00010809642200837466 0.9302260675411667 0.9302260675411667 0.9302260675411667 0.9302260675411667 0.9302260675411667 0.9302260675411667 0.00010809642200837466 0.9302260675411667 0.00010809642200837466 0.00010809642200837466 0.9302260675411667 0.9302260675411667
1-123445139-C-G 0.9302260675411667 0.9302260675411667 0.9302260675411667 0.9302260675411667 0.9302260675411667 0.9302260675411667 0.9302260675411667 0.9302260675411667 0.00010809642200837466 0.9302260675411667 0.00010809642200837466 0.9302260675411667 0.9302260675411667 0.9302260675411667 0.9302260675411667 0.9302260675411667 0.9302260675411667 0.9302260675411667 0.9302260675411667 0.9302260675411667 0.9302260675411667 0.9302260675411667 0.9302260675411667 0.9302260675411667
14-119009062-T-C 0.00010809642200837466 0.00010809642200837466 0.00010809642200837466 0.00010809642200837466 0.00010809642200837466 0.00010809642200837466 0.00010809642200837466 0.00010809642200837466 0.00010809642200837466 0.00010809642200837466 0.9302260675411667 0.00010809642200837466 0.00010809642200837466 0.00010809642200837466 0.00010809642200837466 0.00010809642200837466 0.00010809642200837466 0.9302260675411667 0.00010809642200837466 0.00010809642200837466 0.00010809642200837466 0.00010809642200837466 0.00010809642200837466 0.00010809642200837466
7-39179671-A-G 0.9302260675411667 0.9302260675411667 0.9302260675411667 0.9302260675411667 0.9302260675411667 0.9302260675411667 0.9302260675411667 0.9302260675411667 0.00010809642200837466 0.9302260675411667 0.00010809642200837466 0.9302260675411667 0.9302260675411667 0.9302260675411667 0.9302260675411667 0.9302260675411667 0.9302260675411667 0.9302260675411667 0.9302260675411667 0.9302260675411667 0.9302260675411667 0.9302260675411667 0.9302260675411667 0.9302260675411667
8-41210254-A-T 0.00010809642200837466 0.00010809642200837466 0.00010809642200837466 0.00010809642200837466 0.00010809642200837466 0.00010809642200837466 0.00010809642200837466 0.9302260675411667 0.00010809642200837466 0.00010809642200837466 0.00010809642200837466 0.00010809642200837466 0.00010809642200837466 0.00010809642200837466 0.00010809642200837466 0.00010809642200837466 0.00010809642200837466 0.00010809642200837466 0.00010809642200837466 0.00010809642200837466 0.00010809642200837466 0.00010809642200837466 0.00010809642200837466 0.00010809642200837466
1-172172754-A-T 0.9302260675411667 0.9302260675411667 0.9302260675411667 0.9302260675411667 0.9302260675411667 0.9302260675411667 0.9302260675411667 0.9302260675411667 0.9302260675411667 0.9302260675411667 0.9302260675411667 0.00010809642200837466 0.9302260675411667 0.9302260675411667 0.9302260675411667 0.9302260675411667 0.9302260675411667 0.9302260675411667 0.9302260675411667 0.9302260675411667 0.00010809642200837466 0.9302260675411667 0.9302260675411667 0.9302260675411667
5-110865555-T-G 0.00010809642200837466 0.00010809642200837466 0.00010809642200837466 0.00010809642200837466 0.00010809642200837466 0.00010809642200837466 0.00010809642200837466 0.00010809642200837466 0.00010809642200837466 0.00010809642200837466 0.00010809642200837466 0.00010809642200837466 0.00010809642200837466 0.00010809642200837466 0.9302260675411667 0.00010809642200837466 0.00010809642200837466 0.00010809642200837466 0.00010809642200837466 0.00010809642200837466 0.00010809642200837466 0.00010809642200837466 0.00010809642200837466 0.9302260675411667
17-36187715-G-A 0.9302260675411667 0.9302260675411667 0.9302260675411667 0.9302260675411667 0.9302260675411667 0.9302260675411667 0.9302260675411667 0.9302260675411667 0.00010809642200837466 0.9302260675411667 0.00010809642200837466 0.9302260675411667 0.9302260675411667 0.9302260675411667 0.9302260675411667 0.9302260675411667 0.9302260675411667 0.9302260675411667 0.9302260675411667 0.9302260675411667 0.9302260675411667 0.9302260675411667 0.9302260675411667 0.9302260675411667
4-32713283-T-A 0.9302260675411667 0.9302260675411667 0.9302260675411667 0.00010809642200837466 0.9302260675411667 0.9302260675411667 0.9302260675411667 0.9302260675411667 0.9302260675411667 0.9302260675411667 0.9302260675411667 0.9302260675411667 0.9302260675411667 0.9302260675411667 0.9302260675411667 0.9302260675411667 0.00010809642200837466 0.9302260675411667 0.9302260675411667 0.00010809642200837466 0.9302260675411667 0.9302260675411667 0.9302260675411667 0.9302260675411667
1-190147194-G-A 0.9302260675411667 0.00010809642200837466 0.9302260675411667 0.9302260675411667 0.9302260675411667 0.9302260675411667 0.00010809642200837466 0.00010809642200837466 0.9302260675411667 0.00010809642200837466 0.9302260675411667 0.9302260675411667 0.9302260675411667 0.9302260675411667 0.9302260675411667 0.9302260675411667 0.9302260675411667 0.9302260675411667 0.9302260675411667 0.9302260675411667 0.9302260675411667 0.9302260675411667 0.9302260675411667 0.9302260675411667
2-92943209-G-A 0.00010809642200837466 0.00010809642200837466 0.00010809642200837466 0.00010809642200837466 0.00010809642200837466 0.00010809642200837466 0.00010809642200837466 0.00010809642200837466 0.00010809642200837466 0.00010809642200837466 0.00010809642200837466 0.9302260675411667 0.00010809642200837466 0.00010809642200837466 0.00010809642200837466 0.00010809642200837466 0.00010809642200837466 0.00010809642200837466 0.00010809642200837466 0.00010809642200837466 0.00010809642200837466 0.00010809642200837466 0.00010809642200837466 0.00010809642200837466
6-124405053-A-G 0.9302260675411667 0.9302260675411667 0.9302260675411667 0.9302260675411667 0.9302260675411667 0.9302260675411667 0.9302260675411667 0.9302260675411667 0.00010809642200837466 0.9302260675411667 0.00010809642200837466 0.9302260675411667 0.9302260675411667 0.9302260675411667 0.9302260675411667 0.9302260675411667 0.9302260675411667 0.9302260675411667 0.9302260675411667 0.9302260675411667 0.9302260675411667 0.9302260675411667 0.9302260675411667 0.9302260675411667
6-29409434-T-C 0.9302260675411667 0.00010809642200837466 0.00010809642200837466 0.00010809642200837466 0.00010809642200837466 0.9302260675411667 0.00010809642200837466 0.00010809642200837466 0.00010809642200837466 0.00010809642200837466 0.00010809642200837466 0.00010809642200837466 0.9302260675411667 0.00010809642200837466 0.9302260675411667 0.00010809642200837466 0.00010809642200837466 0.00010809642200837466 0.00010809642200837466 0.00010809642200837466 0.00010809642200837466 0.00010809642200837466 0.00010809642200837466 0.00010809642200837466
15-5208249-A-T 0.00010809642200837466 0.9302260675411667 0.9302260675411667 0.9302260675411667 0.9302260675411667 0.00010809642200837466 0.9302260675411667 0.9302260675411667 0.00010809642200837466 0.9302260675411667 0.00010809642200837466 0.9302260675411667 0.00010809642200837466 0.9302260675411667 0.00010809642200837466 0.9302260675411667 0.9302260675411667 0.00010809642200837466 0.9302260675411667 0.9302260675411667 0.9302260675411667 0.9302260675411667 0.00010809642200837466 0.9302260675411667
11-106784828-T-C 0.9302260675411667 0.9302260675411667 0.9302260675411667 0.9302260675411667 0.9302260675411667 0.9302260675411667 0.9302260675411667 0.9302260675411667 0.00010809642200837466 0.9302260675411667 0.00010809642200837466 0.9302260675411667 0.9302260675411667 0.9302260675411667 0.9302260675411667 0.9302260675411667 0.9302260675411667 0.9302260675411667 0.9302260675411667 0.9302260675411667 0.9302260675411667 0.9302260675411667 0.9302260675411667 0.9302260675411667
5-73329133-T-A 0.00010809642200837466 0.9302260675411667 0.9302260675411667 0.9302260675411667 0.9302260675411667 0.9302260675411667 0.9302260675411667 0.9302260675411667 0.9302260675411667 0.9302260675411667 0.9302260675411667 0.9302260675411667 0.00010809642200837466 0.9302260675411667 0.9302260675411667 0.9302260675411667 0.9302260675411667 0.9302260675411667 0.9302260675411667 0.9302260675411667 0.9302260675411667 0.9302260675411667 0.9302260675411667 0.9302260675411667
7-26072006-G-C 0.9302260675411667 0.00010809642200837466 0.9302260675411667 0.9302260675411667 0.9302260675411667 0.9302260675411667 0.00010809642200837466 0.9302260675411667 0.9302260675411667 0.9302260675411667 0.9302260675411667 0.9302260675411667 0.9302260675411667 0.9302260675411667 0.9302260675411667 0.9302260675411667 0.9302260675411667 0.9302260675411667 0.9302260675411667 0.9302260675411667 0.9302260675411667 0.9302260675411667 0.9302260675411667 0.9302260675411667
4-116874588-T-C 0.00010809642200837466 0.9302260675411667 0.9302260675411667 0.9302260675411667 0.9302260675411667 0.00010809642200837466 0.9302260675411667 0.9302260675411667 0.00010809642200837466 0.9302260675411667 0.00010809642200837466 0.9302260675411667 0.00010809642200837466 0.9302260675411667 0.00010809642200837466 0.9302260675411667 0.9302260675411667 0.9302260675411667 0.9302260675411667 0.9302260675411667 0.9302260675411667 0.9302260675411667 0.00010809642200837466 0.9302260675411667
19-6853070-G-A 0.00010809642200837466 0.9302260675411667 0.9302260675411667 0.9302260675411667 0.9302260675411667 0.00010809642200837466 0.9302260675411667 0.9302260675411667 0.9302260675411667 0.9302260675411667 0.9302260675411667 0.9302260675411667 0.00010809642200837466 0.9302260675411667 0.9302260675411667 0.9302260675411667 0.9302260675411667 0.9302260675411667 0.9302260675411667 0.9302260675411667 0.9302260675411667 0.9302260675411667 0.9302260675411667 0.9302260675411667
9-109217713-C-T 0.00010809642200837466 0.9302260675411667 0.9302260675411667 0.9302260675411667 0.9302260675411667 0.00010809642200837466 0.9302260675411667 0.9302260675411667 0.9302260675411667 0.9302260675411667 0.9302260675411667 0.9302260675411667 0.00010809642200837466 0.9302260675411667 0.9302260675411667 0.9302260675411667 0.9302260675411667 0.9302260675411667 0.9302260675411667 0.9302260675411667 0.9302260675411667 0.9302260675411667 0.9302260675411667 0.9302260675411667
1-45820102-T-G 0.9302260675411667 0.9302260675411667 0.9302260675411667 0.9302260675411667 0.9302260675411667 0.9302260675411667 0.9302260675411667 0.9302260675411667 0.00010809642200837466 0.9302260675411667 0.00010809642200837466 0.9302260675411667 0.9302260675411667 0.9302260675411667 0.9302260675411667 0.9302260675411667 0.9302260675411667 0.9302260675411667 0.9302260675411667 0.9302260675411667 0.9302260675411667 0.9302260675411667 0.9302260675411667 0.9302260675411667
16-19654698-A-T 0.00010809642200837466 0.9302260675411667 0.9302260675411667 0.9302260675411667 0.9302260675411667 0.00010809642200837466 0.9302260675411667 0.9302260675411667 0.9302260675411667 0.9302260675411667 0.9302260675411667 0.9302260675411667 0.00010809642200837466 0.9302260675411667 0.00010809642200837466 0.9302260675411667 0.9302260675411667 0.9302260675411667 0.9302260675411667 0.9302260675411667 0.9302260675411667 0.9302260675411667 0.9302260675411667 0.9302260675411667
14-7296067-A-G 0.9302260675411667 0.9302260675411667 0.9302260675411667 0.00010809642200837466 0.9302260675411667 0.9302260675411667 0.9302260675411667 0.9302260675411667 0.9302260675411667 0.9302260675411667 0.9302260675411667 0.9302260675411667 0.9302260675411667 0.9302260675411667 0.9302260675411667 0.9302260675411667 0.00010809642200837466 0.9302260675411667 0.9302260675411667 0.00010809642200837466 0.9302260675411667 0.9302260675411667 0.9302260675411667 0.9302260675411667
11-69436416-C-G 0.00010809642200837466 0.9302260675411667 0.9302260675411667 0.9302260675411667 0.9302260675411667 0.00010809642200837466 0.9302260675411667 0.9302260675411667 0.9302260675411667 0.9302260675411667 0.9302260675411667 0.9302260675411667 0.00010809642200837466 0.9302260675411667 0.9302260675411667 0.9302260675411667 0.9302260675411667 0.9302260675411667 0.9302260675411667 0.9302260675411667 0.9302260675411667 0.9302260675411667 0.9302260675411667 0.9302260675411667
8-33695140-G-A 0.00010809642200837466 0.9302260675411667 0.9302260675411667 0.9302260675411667 0.9302260675411667 0.00010809642200837466 0.9302260675411667 0.9302260675411667 0.9302260675411667 0.9302260675411667 0.9302260675411667 0.9302260675411667 0.00010809642200837466 0.9302260675411667 0.9302260675411667 0.9302260675411667 0.9302260675411667 0.9302260675411667 0.9302260675411667 0.9302260675411667 0.9302260675411667 0.9302260675411667 0.9302260675411667 0.9302260675411667
2-119211490-G-A 0.00010809642200837466 0.00010809642200837466 0.00010809642200837466 0.00010809642200837466 0.00010809642200837466 0.00010809642200837466 0.00010809642200837466 0.00010809642200837466 0.00010809642200837466 0.00010809642200837466 0.00010809642200837466 0.9302260675411667 0.00010809642200837466 0.00010809642200837466 0.00010809642200837466 0.00010809642200837466 0.00010809642200837466 0.00010809642200837466 0.00010809642200837466 0.00010809642200837466 0.00010809642200837466 0.00010809642200837466 0.00010809642200837466 0.00010809642200837466
3-29514110-G-A 0.9302260675411667 0.9302260675411667 0.9302260675411667 0.9302260675411667 0.9302260675411667 0.9302260675411667 0.9302260675411667 0.9302260675411667 0.9302260675411667 0.9302260675411667 0.9302260675411667 0.9302260675411667 0.9302260675411667 0.00010809642200837466 0.9302260675411667 0.9302260675411667 0.9302260675411667 0.9302260675411667 0.9302260675411667 0.9302260675411667 0.9302260675411667 0.9302260675411667 0.9302260675411667 0.00010809642200837466
18-62510561-T-G 0.00010809642200837466 0.00010809642200837466 0.00010809642200837466 0.00010809642200837466 0.00010809642200837466 0.00010809642200837466 0.00010809642200837466 0.00010809642200837466 0.00010809642200837466 0.9302260675411667 0.00010809642200837466 0.00010809642200837466 0.00010809642200837466 0.00010809642200837466 0.00010809642200837466 0.00010809642200837466 0.00010809642200837466 0.00010809642200837466 0.00010809642200837466 0.00010809642200837466 0.00010809642200837466 0.00010809642200837466 0.00010809642200837466 0.00010809642200837466
2-178414156-T-G 0.00010809642200837466 0.9302260675411667 0.9302260675411667 0.9302260675411667 0.9302260675411667 0.00010809642200837466 0.9302260675411667 0.9302260675411667 0.9302260675411667 0.9302260675411667 0.9302260675411667 0.9302260675411667 0.00010809642200837466 0.9302260675411667 0.00010809642200837466 0.9302260675411667 0.9302260675411667 0.9302260675411667 0.9302260675411667 0.9302260675411667 0.9302260675411667 0.9302260675411667 0.9302260675411667 0.9302260675411667
11-65195047-A-C 0.9302260675411667 0.9302260675411667 0.9302260675411667 0.9302260675411667 0.9302260675411667 0.9302260675411667 0.9302260675411667 0.9302260675411667 0.9302260675411667 0.9302260675411667 0.9302260675411667 0.00010809642200837466 0.9302260675411667 0.9302260675411667 0.9302260675411667 0.9302260675411667 0.9302260675411667 0.9302260675411667 0.9302260675411667 0.9302260675411667 0.00010809642200837466 0.9302260675411667 0.9302260675411667 0.9302260675411667
8-25823417-A-G 0.9302260675411667 0.9302260675411667 0.9302260675411667 0.9302260675411667 0.9302260675411667 0.9302260675411667 0.9302260675411667 0.9302260675411667 0.9302260675411667 0.9302260675411667 0.9302260675411667 0.00010809642200837466 0.9302260675411667 0.9302260675411667 0.9302260675411667 0.9302260675411667 0.9302260675411667 0.9302260675411667 0.9302260675411667 0.9302260675411667 0.00010809642200837466 0.9302260675411667 0.9302260675411667 0.9302260675411667
3-122747902-G-A 0.9302260675411667 0.9302260675411667 0.9302260675411667 0.9302260675411667 0.9302260675411667 0.9302260675411667 0.9302260675411667 0.9302260675411667 0.00010809642200837466 0.9302260675411667 0.00010809642200837466 0.9302260675411667 0.9302260675411667 0.9302260675411667 0.9302260675411667 0.9302260675411667 0.9302260675411667 0.9302260675411667 0.9302260675411667 0.9302260675411667 0.9302260675411667 0.9302260675411667 0.9302260675411667 0.9302260675411667
8-22919218-A-G 0.9302260675411667 0.00010809642200837466 0.9302260675411667 0.9302260675411667 0.00010809642200837466 0.9302260675411667 0.00010809642200837466 0.00010809642200837466 0.9302260675411667 0.00010809642200837466 0.9302260675411667 0.9302260675411667 0.9302260675411667 0.9302260675411667 0.9302260675411667 0.9302260675411667 0.9302260675411667 0.9302260675411667 0.9302260675411667 0.9302260675411667 0.9302260675411667 0.9302260675411667 0.9302260675411667 0.9302260675411667
14-21010568-T-C 0.00010809642200837466 0.9302260675411667 0.9302260675411667 0.9302260675411667 0.9302260675411667 0.9302260675411667 0.9302260675411667 0.9302260675411667 0.9302260675411667 0.9302260675411667 0.9302260675411667 0.9302260675411667 0.00010809642200837466 0.9302260675411667 0.9302260675411667 0.9302260675411667 0.9302260675411667 0.9302260675411667 0.9302260675411667 0.9302260675411667 0.9302260675411667 0.9302260675411667 0.9302260675411667 0.9302260675411667
8-111889931-T-C 0.00010809642200837466 0.9302260675411667 0.9302260675411667 0.9302260675411667 0.9302260675411667 0.00010809642200837466 0.9302260675411667 0.9302260675411667 0.9302260675411667 0.9302260675411667 0.9302260675411667 0.9302260675411667 0.00010809642200837466 0.9302260675411667 0.9302260675411667 0.9302260675411667 0.9302260675411667 0.9302260675411667 0.9302260675411667 0.9302260675411667 0.9302260675411667 0.9302260675411667 0.9302260675411667 0.9302260675411667
5-139718172-T-C 0.9302260675411667 0.9302260675411667 0.9302260675411667 0.00010809642200837466 0.9302260675411667 0.9302260675411667 0.9302260675411667 0.9302260675411667 0.9302260675411667 0.9302260675411667 0.9302260675411667 0.9302260675411667 0.9302260675411667 0.9302260675411667 0.9302260675411667 0.9302260675411667 0.00010809642200837466 0.9302260675411667 0.9302260675411667 0.00010809642200837466 0.9302260675411667 0.9302260675411667 0.9302260675411667 0.9302260675411667
9-65484286-A-G 0.00010809642200837466 0.9302260675411667 0.9302260675411667 0.9302260675411667 0.9302260675411667 0.00010809642200837466 0.9302260675411667 0.9302260675411667 0.9302260675411667 0.9302260675411667 0.9302260675411667 0.9302260675411667 0.00010809642200837466 0.9302260675411667 0.00010809642200837466 0.9302260675411667 0.9302260675411667 0.9302260675411667 0.9302260675411667 0.9302260675411667 0.9302260675411667 0.9302260675411667 0.9302260675411667 0.9302260675411667
5-147190258-T-A 0.9302260675411667 0.00010809642200837466 0.9302260675411667 0.9302260675411667 0.00010809642200837466 0.9302260675411667 0.00010809642200837466 0.00010809642200837466 0.9302260675411667 0.00010809642200837466 0.9302260675411667 0.9302260675411667 0.9302260675411667 0.9302260675411667 0.9302260675411667 0.9302260675411667 0.9302260675411667 0.9302260675411667 0.9302260675411667 0.9302260675411667 0.9302260675411667 0.9302260675411667 0.9302260675411667 0.9302260675411667
15-35072956-A-C 0.9302260675411667 0.9302260675411667 0.9302260675411667 0.9302260675411667 0.9302260675411667 0.9302260675411667 0.9302260675411667 0.9302260675411667 0.00010809642200837466 0.9302260675411667 0.00010809642200837466 0.9302260675411667 0.9302260675411667 0.9302260675411667 0.9302260675411667 0.9302260675411667 0.9302260675411667 0.9302260675411667 0.9302260675411667 0.9302260675411667 0.9302260675411667 0.9302260675411667 0.9302260675411667 0.9302260675411667
9-109651924-A-G 0.9302260675411667 0.9302260675411667 0.9302260675411667 0.9302260675411667 0.9302260675411667 0.9302260675411667 0.9302260675411667 0.9302260675411667 0.9302260675411667 0.9302260675411667 0.9302260675411667 0.00010809642200837466 0.9302260675411667 0.9302260675411667 0.9302260675411667 0.9302260675411667 0.9302260675411667 0.9302260675411667 0.9302260675411667 0.9302260675411667 0.00010809642200837466 0.9302260675411667 0.9302260675411667 0.9302260675411667
5-129874413-T-C 0.9302260675411667 0.9302260675411667 0.9302260675411667 0.9302260675411667 0.9302260675411667 0.9302260675411667 0.9302260675411667 0.9302260675411667 0.9302260675411667 0.9302260675411667 0.9302260675411667 0.00010809642200837466 0.9302260675411667 0.9302260675411667 0.9302260675411667 0.9302260675411667 0.9302260675411667 0.9302260675411667 0.9302260675411667 0.9302260675411667 0.00010809642200837466 0.9302260675411667 0.9302260675411667 0.9302260675411667
12-112916391-G-C 0.00010809642200837466 0.9302260675411667 0.9302260675411667 0.9302260675411667 0.9302260675411667 0.9302260675411667 0.9302260675411667 0.9302260675411667 0.9302260675411667 0.9302260675411667 0.9302260675411667 0.9302260675411667 0.00010809642200837466 0.9302260675411667 0.9302260675411667 0.9302260675411667 0.9302260675411667 0.9302260675411667 0.9302260675411667 0.9302260675411667 0.9302260675411667 0.9302260675411667 0.9302260675411667 0.9302260675411667
6-8154137-A-G 0.9302260675411667 0.00010809642200837466 0.00010809642200837466 0.00010809642200837466 0.00010809642200837466 0.9302260675411667 0.00010809642200837466 0.00010809642200837466 0.00010809642200837466 0.00010809642200837466 0.00010809642200837466 0.00010809642200837466 0.9302260675411667 0.00010809642200837466 0.9302260675411667 0.00010809642200837466 0.00010809642200837466 0.00010809642200837466 0.00010809642200837466 0.00010809642200837466 0.00010809642200837466 0.00010809642200837466 0.00010809642200837466 0.00010809642200837466
19-13342552-T-G 0.00010809642200837466 0.00010809642200837466 0.00010809642200837466 0.00010809642200837466 0.00010809642200837466 0.00010809642200837466 0.00010809642200837466 0.00010809642200837466 0.00010809642200837466 0.00010809642200837466 0.00010809642200837466 0.00010809642200837466 0.00010809642200837466 0.00010809642200837466 0.00010809642200837466 0.00010809642200837466 0.00010809642200837466 0.9302260675411667 0.00010809642200837466 0.00010809642200837466 0.00010809642200837466 0.00010809642200837466 0.00010809642200837466 0.00010809642200837466
19-40091279-T-C 0.00010809642200837466 0.00010809642200837466 0.00010809642200837466 0.9302260675411667 0.00010809642200837466 0.00010809642200837466 0.00010809642200837466 0.00010809642200837466 0.00010809642200837466 0.00010809642200837466 0.00010809642200837466 0.00010809642200837466 0.00010809642200837466 0.00010809642200837466 0.00010809642200837466 0.00010809642200837466 0.00010809642200837466 0.00010809642200837466 0.00010809642200837466 0.00010809642200837466 0.00010809642200837466 0.00010809642200837466 0.9302260675411667 0.00010809642200837466
17-66136193-A-C 0.00010809642200837466 0.9302260675411667 0.9302260675411667 0.9302260675411667 0.9302260675411667 0.00010809642200837466 0.9302260675411667 0.9302260675411667 0.9302260675411667 0.9302260675411667 0.9302260675411667 0.9302260675411667 0.00010809642200837466 0.9302260675411667 0.9302260675411667 0.9302260675411667 0.9302260675411667 0.9302260675411667 0.9302260675411667 0.9302260675411667 0.9302260675411667 0.9302260675411667 0.9302260675411667 0.9302260675411667
1-5602235-T-C 0.00010809642200837466 0.9302260675411667 0.9302260675411667 0.9302260675411667 0.9302260675411667 0.00010809642200837466 0.9302260675411667 0.9302260675411667 0.9302260675411667 0.9302260675411667 0.9302260675411667 0.9302260675411667 0.00010809642200837466 0.9302260675411667 0.9302260675411667 0.9302260675411667 0.9302260675411667 0.9302260675411667 0.9302260675411667 0.9302260675411667 0.9302260675411667 0.9302260675411667 0.9302260675411667 0.9302260675411667
4-141085707-T-G 0.9302260675411667 0.9302260675411667 0.00010809642200837466 0.9302260675411667 0.9302260675411667 0.9302260675411667 0.00010809642200837466 0.9302260675411667 0.9302260675411667 0.9302260675411667 0.9302260675411667 0.00010809642200837466 0.9302260675411667 0.9302260675411667 0.9302260675411667 0.00010809642200837466 0.9302260675411667 0.9302260675411667 0.00010809642200837466 0.9302260675411667 0.00010809642200837466 0.00010809642200837466 0.9302260675411667 0.9302260675411667
3-46446694-A-T 0.00010809642200837466 0.9302260675411667 0.9302260675411667 0.9302260675411667 0.9302260675411667 0.9302260675411667 0.9302260675411667 0.9302260675411667 0.9302260675411667 0.9302260675411667 0.9302260675411667 0.9302260675411667 0.00010809642200837466 0.9302260675411667 0.9302260675411667 0.9302260675411667 0.9302260675411667 0.9302260675411667 0.9302260675411667 0.9302260675411667 0.9302260675411667 0.9302260675411667 0.9302260675411667 0.9302260675411667
18-31715411-A-C 0.9302260675411667 0.9302260675411667 0.9302260675411667 0.9302260675411667 0.9302260675411667 0.9302260675411667 0.9302260675411667 0.9302260675411667 0.9302260675411667 0.9302260675411667 0.9302260675411667 0.9302260675411667 0.9302260675411667 0.00010809642200837466 0.9302260675411667 0.9302260675411667 0.9302260675411667 0.9302260675411667 0.9302260675411667 0.9302260675411667 0.9302260675411667 0.9302260675411667 0.9302260675411667 0.00010809642200837466
12-38427620-A-G 0.9302260675411667 0.9302260675411667 0.9302260675411667 0.9302260675411667 0.9302260675411667 0.9302260675411667 0.9302260675411667 0.9302260675411667 0.9302260675411667 0.9302260675411667 0.9302260675411667 0.9302260675411667 0.9302260675411667 0.00010809642200837466 0.9302260675411667 0.9302260675411667 0.9302260675411667 0.9302260675411667 0.9302260675411667 0.9302260675411667 0.9302260675411667 0.9302260675411667 0.9302260675411667 0.00010809642200837466
1-172563856-C-G 0.00010809642200837466 0.00010809642200837466 0.9302260675411667 0.00010809642200837466 0.00010809642200837466 0.00010809642200837466 0.9302260675411667 0.00010809642200837466 0.00010809642200837466 0.00010809642200837466 0.00010809642200837466 0.00010809642200837466 0.00010809642200837466 0.00010809642200837466 0.9302260675411667 0.00010809642200837466 0.9302260675411667 0.00010809642200837466 0.00010809642200837466 0.00010809642200837466 0.00010809642200837466 0.00010809642200837466 0.00010809642200837466 0.00010809642200837466
12-21398153-C-G 0.00010809642200837466 0.9302260675411667 0.9302260675411667 0.9302260675411667 0.9302260675411667 0.9302260675411667 0.9302260675411667 0.9302260675411667 0.9302260675411667 0.9302260675411667 0.9302260675411667 0.9302260675411667 0.00010809642200837466 0.9302260675411667 0.9302260675411667 0.9302260675411667 0.9302260675411667 0.9302260675411667 0.9302260675411667 0.9302260675411667 0.9302260675411667 0.9302260675411667 0.9302260675411667 0.9302260675411667
3-112302461-T-G 0.00010809642200837466 0.9302260675411667 0.9302260675411667 0.9302260675411667 0.9302260675411667 0.00010809642200837466 0.9302260675411667 0.9302260675411667 0.9302260675411667 0.9302260675411667 0.9302260675411667 0.9302260675411667 0.00010809642200837466 0.9302260675411667 0.00010809642200837466 0.9302260675411667 0.9302260675411667 0.9302260675411667 0.9302260675411667 0.9302260675411667 0.9302260675411667 0.9302260675411667 0.00010809642200837466 0.9302260675411667
1-21229667-T-A 0.9302260675411667 0.9302260675411667 0.9302260675411667 0.00010809642200837466 0.9302260675411667 0.9302260675411667 0.9302260675411667 0.9302260675411667 0.9302260675411667 0.9302260675411667 0.9302260675411667 0.9302260675411667 0.9302260675411667 0.9302260675411667 0.9302260675411667 0.9302260675411667 0.00010809642200837466 0.9302260675411667 0.9302260675411667 0.00010809642200837466 0.9302260675411667 0.9302260675411667 0.9302260675411667 0.9302260675411667
5-121818683-G-A 0.00010809642200837466 0.9302260675411667 0.9302260675411667 0.9302260675411667 0.9302260675411667 0.00010809642200837466 0.9302260675411667 0.9302260675411667 0.9302260675411667 0.9302260675411667 0.9302260675411667 0.9302260675411667 0.00010809642200837466 0.9302260675411667 0.00010809642200837466 0.9302260675411667 0.9302260675411667 0.9302260675411667 0.9302260675411667 0.9302260675411667 0.9302260675411667 0.9302260675411667 0.9302260675411667 0.9302260675411667
7-108422477-A-G 0.9302260675411667 0.9302260675411667 0.9302260675411667 0.9302260675411667 0.9302260675411667 0.9302260675411667 0.9302260675411667 0.9302260675411667 0.00010809642200837466 0.9302260675411667 0.00010809642200837466 0.9302260675411667 0.9302260675411667 0.9302260675411667 0.9302260675411667 0.9302260675411667 0.9302260675411667 0.9302260675411667 0.9302260675411667 0.9302260675411667 0.9302260675411667 0.9302260675411667 0.9302260675411667 0.9302260675411667
5-146978778-A-G 0.9302260675411667 0.9302260675411667 0.9302260675411667 0.9302260675411667 0.9302260675411667 0.9302260675411667 0.9302260675411667 0.9302260675411667 0.9302260675411667 0.9302260675411667 0.9302260675411667 0.00010809642200837466 0.9302260675411667 0.9302260675411667 0.9302260675411667 0.9302260675411667 0.9302260675411667 0.9302260675411667 0.9302260675411667 0.9302260675411667 0.00010809642200837466 0.9302260675411667 0.9302260675411667 0.9302260675411667
7-14768396-T-A 0.9302260675411667 0.9302260675411667 0.9302260675411667 0.00010809642200837466 0.9302260675411667 0.9302260675411667 0.9302260675411667 0.9302260675411667 0.9302260675411667 0.9302260675411667 0.9302260675411667 0.9302260675411667 0.9302260675411667 0.9302260675411667 0.9302260675411667 0.9302260675411667 0.00010809642200837466 0.9302260675411667 0.9302260675411667 0.00010809642200837466 0.9302260675411667 0.9302260675411667 0.9302260675411667 0.9302260675411667
7-103442776-A-C 0.9302260675411667 0.00010809642200837466 0.9302260675411667 0.9302260675411667 0.9302260675411667 0.9302260675411667 0.00010809642200837466 0.9302260675411667 0.9302260675411667 0.9302260675411667 0.9302260675411667 0.9302260675411667 0.9302260675411667 0.9302260675411667 0.9302260675411667 0.9302260675411667 0.9302260675411667 0.9302260675411667 0.9302260675411667 0.9302260675411667 0.9302260675411667 0.9302260675411667 0.9302260675411667 0.9302260675411667
9-107978470-C-A 0.00010809642200837466 0.9302260675411667 0.9302260675411667 0.9302260675411667 0.9302260675411667 0.00010809642200837466 0.9302260675411667 0.9302260675411667 0.9302260675411667 0.9302260675411667 0.9302260675411667 0.9302260675411667 0.00010809642200837466 0.9302260675411667 0.9302260675411667 0.9302260675411667 0.9302260675411667 0.9302260675411667 0.9302260675411667 0.9302260675411667 0.9302260675411667 0.9302260675411667 0.9302260675411667 0.9302260675411667
7-106420314-T-C 0.9302260675411667 0.9302260675411667 0.9302260675411667 0.9302260675411667 0.9302260675411667 0.9302260675411667 0.9302260675411667 0.9302260675411667 0.00010809642200837466 0.9302260675411667 0.00010809642200837466 0.9302260675411667 0.9302260675411667 0.9302260675411667 0.9302260675411667 0.9302260675411667 0.9302260675411667 0.9302260675411667 0.9302260675411667 0.9302260675411667 0.9302260675411667 0.9302260675411667 0.9302260675411667 0.9302260675411667
10-79542328-C-A 0.9302260675411667 0.9302260675411667 0.9302260675411667 0.9302260675411667 0.9302260675411667 0.9302260675411667 0.9302260675411667 0.9302260675411667 0.00010809642200837466 0.9302260675411667 0.00010809642200837466 0.9302260675411667 0.9302260675411667 0.9302260675411667 0.9302260675411667 0.9302260675411667 0.9302260675411667 0.9302260675411667 0.9302260675411667 0.9302260675411667 0.9302260675411667 0.9302260675411667 0.9302260675411667 0.9302260675411667
14-34740974-T-G 0.9302260675411667 0.00010809642200837466 0.9302260675411667 0.9302260675411667 0.9302260675411667 0.9302260675411667 0.00010809642200837466 0.9302260675411667 0.9302260675411667 0.00010809642200837466 0.9302260675411667 0.9302260675411667 0.9302260675411667 0.9302260675411667 0.9302260675411667 0.9302260675411667 0.9302260675411667 0.9302260675411667 0.9302260675411667 0.9302260675411667 0.9302260675411667 0.9302260675411667 0.9302260675411667 0.9302260675411667
12-116597451-C-T 0.9302260675411667 0.00010809642200837466 0.9302260675411667 0.9302260675411667 0.9302260675411667 0.9302260675411667 0.00010809642200837466 0.9302260675411667 0.9302260675411667 0.9302260675411667 0.9302260675411667 0.9302260675411667 0.9302260675411667 0.9302260675411667 0.9302260675411667 0.9302260675411667 0.9302260675411667 0.9302260675411667 0.9302260675411667 0.9302260675411667 0.9302260675411667 0.9302260675411667 0.9302260675411667 0.9302260675411667
18-23965457-A-G 0.9302260675411667 0.9302260675411667 0.9302260675411667 0.9302260675411667 0.9302260675411667 0.9302260675411667 0.9302260675411667 0.9302260675411667 0.00010809642200837466 0.9302260675411667 0.00010809642200837466 0.9302260675411667 0.9302260675411667 0.9302260675411667 0.9302260675411667 0.9302260675411667 0.9302260675411667 0.9302260675411667 0.9302260675411667 0.9302260675411667 0.9302260675411667 0.9302260675411667 0.9302260675411667 0.9302260675411667
6-83329715-T-A 0.9302260675411667 0.9302260675411667 0.9302260675411667 0.9302260675411667 0.9302260675411667 0.9302260675411667 0.9302260675411667 0.9302260675411667 0.00010809642200837466 0.9302260675411667 0.00010809642200837466 0.9302260675411667 0.9302260675411667 0.9302260675411667 0.9302260675411667 0.9302260675411667 0.9302260675411667 0.9302260675411667 0.9302260675411667 0.9302260675411667 0.9302260675411667 0.9302260675411667 0.9302260675411667 0.9302260675411667
16-49238985-T-C 0.00010809642200837466 0.00010809642200837466 0.9302260675411667 0.9302260675411667 0.00010809642200837466 0.00010809642200837466 0.00010809642200837466 0.00010809642200837466 0.00010809642200837466 0.00010809642200837466 0.00010809642200837466 0.9302260675411667 0.00010809642200837466 0.9302260675411667 0.00010809642200837466 0.9302260675411667 0.9302260675411667 0.00010809642200837466 0.9302260675411667 0.9302260675411667 0.9302260675411667 0.9302260675411667 0.00010809642200837466 0.9302260675411667
15-80390895-A-T 0.9302260675411667 0.9302260675411667 0.9302260675411667 0.9302260675411667 0.9302260675411667 0.9302260675411667 0.9302260675411667 0.9302260675411667 0.00010809642200837466 0.9302260675411667 0.00010809642200837466 0.9302260675411667 0.9302260675411667 0.9302260675411667 0.9302260675411667 0.9302260675411667 0.9302260675411667 0.9302260675411667 0.9302260675411667 0.9302260675411667 0.9302260675411667 0.9302260675411667 0.9302260675411667 0.9302260675411667
16-15667879-A-T 0.9302260675411667 0.9302260675411667 0.9302260675411667 0.9302260675411667 0.9302260675411667 0.9302260675411667 0.9302260675411667 0.9302260675411667 0.00010809642200837466 0.9302260675411667 0.00010809642200837466 0.9302260675411667 0.9302260675411667 0.9302260675411667 0.9302260675411667 0.9302260675411667 0.9302260675411667 0.9302260675411667 0.9302260675411667 0.9302260675411667 0.9302260675411667 0.9302260675411667 0.9302260675411667 0.9302260675411667
2-24685912-A-G 0.9302260675411667 0.9302260675411667 0.9302260675411667 0.9302260675411667 0.9302260675411667 0.9302260675411667 0.9302260675411667 0.9302260675411667 0.9302260675411667 0.9302260675411667 0.9302260675411667 0.00010809642200837466 0.9302260675411667 0.9302260675411667 0.9302260675411667 0.9302260675411667 0.9302260675411667 0.9302260675411667 0.9302260675411667 0.9302260675411667 0.00010809642200837466 0.9302260675411667 0.9302260675411667 0.9302260675411667
3-119141870-T-C 0.9302260675411667 0.9302260675411667 0.9302260675411667 0.9302260675411667 0.9302260675411667 0.9302260675411667 0.9302260675411667 0.9302260675411667 0.00010809642200837466 0.9302260675411667 0.00010809642200837466 0.9302260675411667 0.9302260675411667 0.9302260675411667 0.9302260675411667 0.9302260675411667 0.9302260675411667 0.9302260675411667 0.9302260675411667 0.9302260675411667 0.9302260675411667 0.9302260675411667 0.9302260675411667 0.9302260675411667
8-67502349-A-T 0.9302260675411667 0.9302260675411667 0.9302260675411667 0.00010809642200837466 0.9302260675411667 0.9302260675411667 0.9302260675411667 0.9302260675411667 0.9302260675411667 0.9302260675411667 0.9302260675411667 0.9302260675411667 0.9302260675411667 0.9302260675411667 0.9302260675411667 0.9302260675411667 0.00010809642200837466 0.9302260675411667 0.9302260675411667 0.00010809642200837466 0.9302260675411667 0.9302260675411667 0.9302260675411667 0.9302260675411667
13-8837043-A-T 0.00010809642200837466 0.00010809642200837466 0.00010809642200837466 0.00010809642200837466 0.00010809642200837466 0.00010809642200837466 0.00010809642200837466 0.00010809642200837466 0.00010809642200837466 0.00010809642200837466 0.00010809642200837466 0.00010809642200837466 0.00010809642200837466 0.00010809642200837466 0.00010809642200837466 0.00010809642200837466 0.00010809642200837466 0.00010809642200837466 0.00010809642200837466 0.00010809642200837466 0.00010809642200837466 0.00010809642200837466 0.00010809642200837466 0.9302260675411667
15-76249185-G-A 0.9302260675411667 0.9302260675411667 0.9302260675411667 0.9302260675411667 0.9302260675411667 0.9302260675411667 0.9302260675411667 0.9302260675411667 0.9302260675411667 0.9302260675411667 0.9302260675411667 0.00010809642200837466 0.9302260675411667 0.9302260675411667 0.9302260675411667 0.9302260675411667 0.9302260675411667 0.9302260675411667 0.9302260675411667 0.9302260675411667 0.00010809642200837466 0.9302260675411667 0.9302260675411667 0.9302260675411667
6-102165482-T-C 0.9302260675411667 0.00010809642200837466 0.9302260675411667 0.9302260675411667 0.9302260675411667 0.9302260675411667 0.9302260675411667 0.00010809642200837466 0.9302260675411667 0.00010809642200837466 0.9302260675411667 0.9302260675411667 0.9302260675411667 0.9302260675411667 0.9302260675411667 0.9302260675411667 0.9302260675411667 0.9302260675411667 0.9302260675411667 0.9302260675411667 0.9302260675411667 0.9302260675411667 0.9302260675411667 0.9302260675411667
5-24565974-T-C 0.9302260675411667 0.9302260675411667 0.9302260675411667 0.9302260675411667 0.9302260675411667 0.9302260675411667 0.9302260675411667 0.9302260675411667 0.00010809642200837466 0.9302260675411667 0.00010809642200837466 0.9302260675411667 0.9302260675411667 0.9302260675411667 0.9302260675411667 0.9302260675411667 0.9302260675411667 0.9302260675411667 0.9302260675411667 0.9302260675411667 0.9302260675411667 0.9302260675411667 0.9302260675411667 0.9302260675411667
14-51988976-C-A 0.9302260675411667 0.00010809642200837466 0.9302260675411667 0.9302260675411667 0.9302260675411667 0.9302260675411667 0.00010809642200837466 0.9302260675411667 0.9302260675411667 0.9302260675411667 0.9302260675411667 0.9302260675411667 0.9302260675411667 0.9302260675411667 0.9302260675411667 0.9302260675411667 0.9302260675411667 0.9302260675411667 0.9302260675411667 0.9302260675411667 0.9302260675411667 0.9302260675411667 0.9302260675411667 0.9302260675411667
17-46636883-A-G 0.9302260675411667 0.9302260675411667 0.9302260675411667 0.9302260675411667 0.9302260675411667 0.9302260675411667 0.9302260675411667 0.9302260675411667 0.00010809642200837466 0.9302260675411667 0.00010809642200837466 0.9302260675411667 0.9302260675411667 0.9302260675411667 0.9302260675411667 0.9302260675411667 0.9302260675411667 0.9302260675411667 0.9302260675411667 0.9302260675411667 0.9302260675411667 0.9302260675411667 0.9302260675411667 0.9302260675411667
6-70011672-A-T 0.9302260675411667 0.9302260675411667 0.9302260675411667 0.9302260675411667 0.9302260675411667 0.9302260675411667 0.9302260675411667 0.9302260675411667 0.00010809642200837466 0.9302260675411667 0.00010809642200837466 0.9302260675411667 0.9302260675411667 0.9302260675411667 0.9302260675411667 0.9302260675411667 0.9302260675411667 0.9302260675411667 0.9302260675411667 0.9302260675411667 0.9302260675411667 0.9302260675411667 0.9302260675411667 0.9302260675411667
11-78161536-C-G 0.9302260675411667 0.00010809642200837466 0.9302260675411667 0.9302260675411667 0.9302260675411667 0.9302260675411667 0.00010809642200837466 0.9302260675411667 0.9302260675411667 0.9302260675411667 0.9302260675411667 0.9302260675411667 0.9302260675411667 0.9302260675411667 0.9302260675411667 0.9302260675411667 0.9302260675411667 0.9302260675411667 0.9302260675411667 0.9302260675411667 0.9302260675411667 0.9302260675411667 0.9302260675411667 0.9302260675411667
16-37186653-T-A 0.9302260675411667 0.9302260675411667 0.9302260675411667 0.9302260675411667 0.9302260675411667 0.9302260675411667 0.00010809642200837466 0.9302260675411667 0.9302260675411667 0.9302260675411667 0.9302260675411667 0.9302260675411667 0.9302260675411667 0.9302260675411667 0.9302260675411667 0.00010809642200837466 0.9302260675411667 0.9302260675411667 0.9302260675411667 0.9302260675411667 0.9302260675411667 0.9302260675411667 0.9302260675411667 0.9302260675411667
7-141496186-T-C 0.9302260675411667 0.9302260675411667 0.9302260675411667 0.9302260675411667 0.9302260675411667 0.9302260675411667 0.9302260675411667 0.9302260675411667 0.00010809642200837466 0.9302260675411667 0.00010809642200837466 0.9302260675411667 0.9302260675411667 0.9302260675411667 0.9302260675411667 0.9302260675411667 0.9302260675411667 0.9302260675411667 0.9302260675411667 0.9302260675411667 0.9302260675411667 0.9302260675411667 0.9302260675411667 0.9302260675411667
6-42928343-C-A 0.00010809642200837466 0.00010809642200837466 0.9302260675411667 0.00010809642200837466 0.00010809642200837466 0.00010809642200837466 0.00010809642200837466 0.00010809642200837466 0.9302260675411667 0.00010809642200837466 0.9302260675411667 0.00010809642200837466 0.00010809642200837466 0.00010809642200837466 0.00010809642200837466 0.00010809642200837466 0.00010809642200837466 0.00010809642200837466 0.00010809642200837466 0.00010809642200837466 0.00010809642200837466 0.00010809642200837466 0.00010809642200837466 0.00010809642200837466
15-76189075-T-C 0.9302260675411667 0.00010809642200837466 0.9302260675411667 0.9302260675411667 0.9302260675411667 0.9302260675411667 0.00010809642200837466 0.9302260675411667 0.9302260675411667 0.9302260675411667 0.9302260675411667 0.9302260675411667 0.9302260675411667 0.9302260675411667 0.9302260675411667 0.9302260675411667 0.9302260675411667 0.9302260675411667 0.9302260675411667 0.9302260675411667 0.9302260675411667 0.9302260675411667 0.9302260675411667 0.9302260675411667
17-35159812-C-G 0.9302260675411667 0.00010809642200837466 0.9302260675411667 0.9302260675411667 0.9302260675411667 0.9302260675411667 0.00010809642200837466 0.00010809642200837466 0.9302260675411667 0.00010809642200837466 0.9302260675411667 0.9302260675411667 0.9302260675411667 0.9302260675411667 0.9302260675411667 0.9302260675411667 0.9302260675411667 0.9302260675411667 0.9302260675411667 0.9302260675411667 0.9302260675411667 0.9302260675411667 0.9302260675411667 0.9302260675411667
16-90249513-C-T 0.9302260675411667 0.9302260675411667 0.9302260675411667 0.9302260675411667 0.9302260675411667 0.9302260675411667 0.9302260675411667 0.9302260675411667 0.00010809642200837466 0.9302260675411667 0.00010809642200837466 0.9302260675411667 0.9302260675411667 0.9302260675411667 0.9302260675411667 0.9302260675411667 0.9302260675411667 0.9302260675411667 0.9302260675411667 0.9302260675411667 0.9302260675411667 0.9302260675411667 0.9302260675411667 0.9302260675411667
9-55036480-C-G 0.9302260675411667 0.9302260675411667 0.9302260675411667 0.9302260675411667 0.9302260675411667 0.9302260675411667 0.9302260675411667 0.9302260675411667 0.9302260675411667 0.9302260675411667 0.9302260675411667 0.9302260675411667 0.9302260675411667 0.00010809642200837466 0.9302260675411667 0.9302260675411667 0.9302260675411667 0.9302260675411667 0.9302260675411667 0.9302260675411667 0.9302260675411667 0.9302260675411667 0.9302260675411667 0.00010809642200837466
15-28332867-T-C 0.9302260675411667 0.9302260675411667 0.9302260675411667 0.9302260675411667 0.9302260675411667 0.9302260675411667 0.9302260675411667 0.9302260675411667 0.00010809642200837466 0.9302260675411667 0.00010809642200837466 0.9302260675411667 0.9302260675411667 0.9302260675411667 0.9302260675411667 0.9302260675411667 0.9302260675411667 0.9302260675411667 0.9302260675411667 0.9302260675411667 0.9302260675411667 0.9302260675411667 0.9302260675411667 0.9302260675411667
4-137531473-C-T 0.9302260675411667 0.00010809642200837466 0.9302260675411667 0.9302260675411667 0.9302260675411667 0.9302260675411667 0.00010809642200837466 0.9302260675411667 0.9302260675411667 0.9302260675411667 0.9302260675411667 0.9302260675411667 0.9302260675411667 0.9302260675411667 0.9302260675411667 0.9302260675411667 0.9302260675411667 0.9302260675411667 0.9302260675411667 0.9302260675411667 0.9302260675411667 0.9302260675411667 0.9302260675411667 0.9302260675411667
8-45353708-A-G 0.9302260675411667 0.00010809642200837466 0.9302260675411667 0.9302260675411667 0.9302260675411667 0.9302260675411667 0.00010809642200837466 0.9302260675411667 0.9302260675411667 0.9302260675411667 0.9302260675411667 0.9302260675411667 0.9302260675411667 0.9302260675411667 0.9302260675411667 0.9302260675411667 0.9302260675411667 0.9302260675411667 0.9302260675411667 0.9302260675411667 0.9302260675411667 0.9302260675411667 0.9302260675411667 0.9302260675411667
8-45037107-G-A 0.00010809642200837466 0.9302260675411667 0.9302260675411667 0.9302260675411667 0.9302260675411667 0.00010809642200837466 0.9302260675411667 0.9302260675411667 0.9302260675411667 0.9302260675411667 0.9302260675411667 0.9302260675411667 0.00010809642200837466 0.9302260675411667 0.00010809642200837466 0.9302260675411667 0.9302260675411667 0.9302260675411667 0.9302260675411667 0.9302260675411667 0.9302260675411667 0.9302260675411667 0.9302260675411667 0.9302260675411667
11-120720746-T-G 0.9302260675411667 0.9302260675411667 0.9302260675411667 0.00010809642200837466 0.9302260675411667 0.9302260675411667 0.9302260675411667 0.9302260675411667 0.9302260675411667 0.9302260675411667 0.9302260675411667 0.9302260675411667 0.9302260675411667 0.9302260675411667 0.9302260675411667 0.9302260675411667 0.00010809642200837466 0.9302260675411667 0.9302260675411667 0.00010809642200837466 0.9302260675411667 0.9302260675411667 0.9302260675411667 0.9302260675411667
16-97797642-T-C 0.00010809642200837466 0.00010809642200837466 0.00010809642200837466 0.00010809642200837466 0.00010809642200837466 0.00010809642200837466 0.00010809642200837466 0.00010809642200837466 0.00010809642200837466 0.00010809642200837466 0.00010809642200837466 0.00010809642200837466 0.00010809642200837466 0.9302260675411667 0.00010809642200837466 0.00010809642200837466 0.00010809642200837466 0.00010809642200837466 0.00010809642200837466 0.00010809642200837466 0.00010809642200837466 0.00010809642200837466 0.00010809642200837466 0.9302260675411667
6-136241795-A-G 0.9302260675411667 0.00010809642200837466 0.9302260675411667 0.00010809642200837466 0.00010809642200837466 0.9302260675411667 0.9302260675411667 0.00010809642200837466 0.00010809642200837466 0.00010809642200837466 0.00010809642200837466 0.9302260675411667 0.9302260675411667 0.00010809642200837466 0.9302260675411667 0.9302260675411667 0.00010809642200837466 0.9302260675411667 0.9302260675411667 0.00010809642200837466 0.9302260675411667 0.9302260675411667 0.00010809642200837466 0.00010809642200837466
4-40176465-A-G 0.9302260675411667 0.9302260675411667 0.9302260675411667 0.9302260675411667 0.9302260675411667 0.9302260675411667 0.9302260675411667 0.9302260675411667 0.00010809642200837466 0.9302260675411667 0.00010809642200837466 0.9302260675411667 0.9302260675411667 0.9302260675411667 0.9302260675411667 0.9302260675411667 0.9302260675411667 0.9302260675411667 0.9302260675411667 0.9302260675411667 0.9302260675411667 0.9302260675411667 0.9302260675411667 0.9302260675411667
16-78251695-G-A 0.00010809642200837466 0.00010809642200837466 0.9302260675411667 0.00010809642200837466 0.9302260675411667 0.00010809642200837466 0.00010809642200837466 0.00010809642200837466 0.00010809642200837466 0.00010809642200837466 0.00010809642200837466 0.00010809642200837466 0.00010809642200837466 0.00010809642200837466 0.9302260675411667 0.00010809642200837466 0.00010809642200837466 0.00010809642200837466 0.00010809642200837466 0.00010809642200837466 0.00010809642200837466 0.00010809642200837466 0.00010809642200837466 0.00010809642200837466
7-23606753-A-G 0.00010809642200837466 0.9302260675411667 0.9302260675411667 0.9302260675411667 0.9302260675411667 0.9302260675411667 0.9302260675411667 0.9302260675411667 0.9302260675411667 0.9302260675411667 0.9302260675411667 0.9302260675411667 0.00010809642200837466 0.9302260675411667 0.9302260675411667 0.9302260675411667 0.9302260675411667 0.9302260675411667 0.9302260675411667 0.9302260675411667 0.9302260675411667 0.9302260675411667 0.9302260675411667 0.9302260675411667
7-31290661-T-A 0.00010809642200837466 0.9302260675411667 0.9302260675411667 0.9302260675411667 0.9302260675411667 0.00010809642200837466 0.9302260675411667 0.9302260675411667 0.9302260675411667 0.9302260675411667 0.9302260675411667 0.9302260675411667 0.00010809642200837466 0.9302260675411667 0.9302260675411667 0.9302260675411667 0.9302260675411667 0.9302260675411667 0.9302260675411667 0.9302260675411667 0.9302260675411667 0.9302260675411667 0.9302260675411667 0.9302260675411667
6-128674304-C-G 0.00010809642200837466 0.9302260675411667 0.9302260675411667 0.9302260675411667 0.9302260675411667 0.00010809642200837466 0.9302260675411667 0.9302260675411667 0.9302260675411667 0.9302260675411667 0.9302260675411667 0.9302260675411667 0.00010809642200837466 0.9302260675411667 0.00010809642200837466 0.9302260675411667 0.9302260675411667 0.9302260675411667 0.9302260675411667 0.9302260675411667 0.9302260675411667 0.9302260675411667 0.9302260675411667 0.9302260675411667
9-30427461-A-G 0.9302260675411667 0.9302260675411667 0.9302260675411667 0.9302260675411667 0.9302260675411667 0.9302260675411667 0.9302260675411667 0.9302260675411667 0.9302260675411667 0.9302260675411667 0.9302260675411667 0.00010809642200837466 0.9302260675411667 0.9302260675411667 0.9302260675411667 0.9302260675411667 0.9302260675411667 0.9302260675411667 0.9302260675411667 0.9302260675411667 0.00010809642200837466 0.9302260675411667 0.9302260675411667 0.9302260675411667
16-81578607-G-A 0.00010809642200837466 0.00010809642200837466 0.9302260675411667 0.00010809642200837466 0.9302260675411667 0.00010809642200837466 0.00010809642200837466 0.00010809642200837466 0.00010809642200837466 0.00010809642200837466 0.00010809642200837466 0.00010809642200837466 0.00010809642200837466 0.00010809642200837466 0.9302260675411667 0.00010809642200837466 0.00010809642200837466 0.00010809642200837466 0.00010809642200837466 0.00010809642200837466 0.00010809642200837466 0.00010809642200837466 0.00010809642200837466 0.00010809642200837466
8-21724678-A-G 0.00010809642200837466 0.9302260675411667 0.9302260675411667 0.9302260675411667 0.9302260675411667 0.00010809642200837466 0.9302260675411667 0.9302260675411667 0.9302260675411667 0.9302260675411667 0.9302260675411667 0.9302260675411667 0.00010809642200837466 0.9302260675411667 0.00010809642200837466 0.9302260675411667 0.9302260675411667 0.9302260675411667 0.9302260675411667 0.9302260675411667 0.9302260675411667 0.9302260675411667 0.9302260675411667 0.9302260675411667
2-41458201-A-T 0.00010809642200837466 0.00010809642200837466 0.00010809642200837466 0.00010809642200837466 0.00010809642200837466 0.00010809642200837466 0.00010809642200837466 0.00010809642200837466 0.00010809642200837466 0.00010809642200837466 0.00010809642200837466 0.9302260675411667 0.00010809642200837466 0.00010809642200837466 0.00010809642200837466 0.00010809642200837466 0.00010809642200837466 0.00010809642200837466 0.00010809642200837466 0.00010809642200837466 0.00010809642200837466 0.00010809642200837466 0.00010809642200837466 0.00010809642200837466
1-46243240-T-G 0.9302260675411667 0.00010809642200837466 0.9302260675411667 0.9302260675411667 0.00010809642200837466 0.9302260675411667 0.00010809642200837466 0.00010809642200837466 0.9302260675411667 0.00010809642200837466 0.9302260675411667 0.9302260675411667 0.9302260675411667 0.9302260675411667 0.9302260675411667 0.9302260675411667 0.9302260675411667 0.9302260675411667 0.9302260675411667 0.9302260675411667 0.9302260675411667 0.9302260675411667 0.9302260675411667 0.9302260675411667
6-58655702-A-G 0.9302260675411667 0.9302260675411667 0.9302260675411667 0.9302260675411667 0.9302260675411667 0.9302260675411667 0.9302260675411667 0.9302260675411667 0.00010809642200837466 0.9302260675411667 0.00010809642200837466 0.9302260675411667 0.9302260675411667 0.9302260675411667 0.9302260675411667 0.9302260675411667 0.9302260675411667 0.9302260675411667 0.9302260675411667 0.9302260675411667 0.9302260675411667 0.9302260675411667 0.9302260675411667 0.9302260675411667
8-108800214-C-T 0.00010809642200837466 0.9302260675411667 0.9302260675411667 0.9302260675411667 0.9302260675411667 0.00010809642200837466 0.9302260675411667 0.9302260675411667 0.9302260675411667 0.9302260675411667 0.9302260675411667 0.9302260675411667 0.00010809642200837466 0.9302260675411667 0.9302260675411667 0.9302260675411667 0.9302260675411667 0.9302260675411667 0.9302260675411667 0.9302260675411667 0.9302260675411667 0.9302260675411667 0.9302260675411667 0.9302260675411667
2-111983077-C-T 0.9302260675411667 0.9302260675411667 0.9302260675411667 0.9302260675411667 0.9302260675411667 0.9302260675411667 0.9302260675411667 0.9302260675411667 0.00010809642200837466 0.9302260675411667 0.00010809642200837466 0.9302260675411667 0.9302260675411667 0.9302260675411667 0.9302260675411667 0.9302260675411667 0.9302260675411667 0.9302260675411667 0.9302260675411667 0.9302260675411667 0.9302260675411667 0.9302260675411667 0.9302260675411667 0.9302260675411667
1-43033648-C-A 0.9302260675411667 0.9302260675411667 0.9302260675411667 0.9302260675411667 0.9302260675411667 0.9302260675411667 0.9302260675411667 0.9302260675411667 0.00010809642200837466 0.9302260675411667 0.00010809642200837466 0.9302260675411667 0.9302260675411667 0.9302260675411667 0.9302260675411667 0.9302260675411667 0.9302260675411667 0.9302260675411667 0.9302260675411667 0.9302260675411667 0.9302260675411667 0.9302260675411667 0.9302260675411667 0.9302260675411667
3-95063579-A-T 0.9302260675411667 0.9302260675411667 0.9302260675411667 0.9302260675411667 0.9302260675411667 0.9302260675411667 0.9302260675411667 0.9302260675411667 0.00010809642200837466 0.9302260675411667 0.00010809642200837466 0.9302260675411667 0.9302260675411667 0.9302260675411667 0.9302260675411667 0.9302260675411667 0.9302260675411667 0.9302260675411667 0.9302260675411667 0.9302260675411667 0.9302260675411667 0.9302260675411667 0.9302260675411667 0.9302260675411667
13-8941855-G-A 0.9302260675411667 0.9302260675411667 0.9302260675411667 0.9302260675411667 0.9302260675411667 0.9302260675411667 0.9302260675411667 0.9302260675411667 0.9302260675411667 0.9302260675411667 0.9302260675411667 0.00010809642200837466 0.9302260675411667 0.9302260675411667 0.9302260675411667 0.9302260675411667 0.9302260675411667 0.9302260675411667 0.9302260675411667 0.9302260675411667 0.00010809642200837466 0.9302260675411667 0.9302260675411667 0.9302260675411667
6-135733701-T-C 0.00010809642200837466 0.9302260675411667 0.9302260675411667 0.9302260675411667 0.9302260675411667 0.9302260675411667 0.9302260675411667 0.9302260675411667 0.9302260675411667 0.9302260675411667 0.9302260675411667 0.9302260675411667 0.00010809642200837466 0.9302260675411667 0.9302260675411667 0.9302260675411667 0.9302260675411667 0.9302260675411667 0.9302260675411667 0.9302260675411667 0.9302260675411667 0.9302260675411667 0.9302260675411667 0.9302260675411667
13-66875066-A-T 0.00010809642200837466 0.00010809642200837466 0.00010809642200837466 0.00010809642200837466 0.00010809642200837466 0.00010809642200837466 0.00010809642200837466 0.00010809642200837466 0.00010809642200837466 0.00010809642200837466 0.00010809642200837466 0.00010809642200837466 0.00010809642200837466 0.00010809642200837466 0.00010809642200837466 0.00010809642200837466 0.00010809642200837466 0.00010809642200837466 0.00010809642200837466 0.00010809642200837466 0.00010809642200837466 0.00010809642200837466 0.00010809642200837466 0.9302260675411667
13-68562274-G-A 0.9302260675411667 0.9302260675411667 0.9302260675411667 0.9302260675411667 0.9302260675411667 0.9302260675411667 0.9302260675411667 0.9302260675411667 0.00010809642200837466 0.9302260675411667 0.00010809642200837466 0.9302260675411667 0.9302260675411667 0.9302260675411667 0.9302260675411667 0.9302260675411667 0.9302260675411667 0.9302260675411667 0.9302260675411667 0.9302260675411667 0.9302260675411667 0.9302260675411667 0.9302260675411667 0.9302260675411667
1-132611673-G-A 0.00010809642200837466 0.9302260675411667 0.9302260675411667 0.9302260675411667 0.9302260675411667 0.00010809642200837466 0.9302260675411667 0.9302260675411667 0.9302260675411667 0.9302260675411667 0.9302260675411667 0.9302260675411667 0.00010809642200837466 0.9302260675411667 0.9302260675411667 0.9302260675411667 0.9302260675411667 0.9302260675411667 0.9302260675411667 0.9302260675411667 0.9302260675411667 0.9302260675411667 0.9302260675411667 0.9302260675411667
1-150413667-T-C 0.9302260675411667 0.00010809642200837466 0.9302260675411667 0.9302260675411667 0.9302260675411667 0.9302260675411667 0.00010809642200837466 0.9302260675411667 0.9302260675411667 0.9302260675411667 0.9302260675411667 0.9302260675411667 0.9302260675411667 0.9302260675411667 0.9302260675411667 0.9302260675411667 0.9302260675411667 0.9302260675411667 0.9302260675411667 0.9302260675411667 0.9302260675411667 0.9302260675411667 0.9302260675411667 0.9302260675411667
6-117925602-A-T 0.00010809642200837466 0.9302260675411667 0.9302260675411667 0.9302260675411667 0.9302260675411667 0.00010809642200837466 0.9302260675411667 0.9302260675411667 0.00010809642200837466 0.9302260675411667 0.00010809642200837466 0.9302260675411667 0.00010809642200837466 0.9302260675411667 0.00010809642200837466 0.9302260675411667 0.9302260675411667 0.00010809642200837466 0.9302260675411667 0.9302260675411667 0.9302260675411667 0.9302260675411667 0.00010809642200837466 0.9302260675411667
5-147369273-G-A 0.00010809642200837466 0.9302260675411667 0.9302260675411667 0.9302260675411667 0.9302260675411667 0.00010809642200837466 0.9302260675411667 0.9302260675411667 0.9302260675411667 0.9302260675411667 0.9302260675411667 0.9302260675411667 0.00010809642200837466 0.9302260675411667 0.9302260675411667 0.9302260675411667 0.9302260675411667 0.9302260675411667 0.9302260675411667 0.9302260675411667 0.9302260675411667 0.9302260675411667 0.9302260675411667 0.9302260675411667
7-108256194-T-A 0.9302260675411667 0.9302260675411667 0.9302260675411667 0.00010809642200837466 0.9302260675411667 0.9302260675411667 0.9302260675411667 0.9302260675411667 0.9302260675411667 0.9302260675411667 0.9302260675411667 0.9302260675411667 0.9302260675411667 0.9302260675411667 0.9302260675411667 0.9302260675411667 0.00010809642200837466 0.9302260675411667 0.9302260675411667 0.00010809642200837466 0.9302260675411667 0.9302260675411667 0.9302260675411667 0.9302260675411667
8-82068942-T-A 0.00010809642200837466 0.9302260675411667 0.9302260675411667 0.9302260675411667 0.9302260675411667 0.00010809642200837466 0.9302260675411667 0.9302260675411667 0.9302260675411667 0.9302260675411667 0.9302260675411667 0.9302260675411667 0.00010809642200837466 0.9302260675411667 0.00010809642200837466 0.9302260675411667 0.9302260675411667 0.9302260675411667 0.9302260675411667 0.9302260675411667 0.9302260675411667 0.9302260675411667 0.9302260675411667 0.9302260675411667
15-46625414-G-C 0.9302260675411667 0.9302260675411667 0.9302260675411667 0.9302260675411667 0.9302260675411667 0.9302260675411667 0.9302260675411667 0.9302260675411667 0.00010809642200837466 0.9302260675411667 0.00010809642200837466 0.9302260675411667 0.9302260675411667 0.9302260675411667 0.9302260675411667 0.9302260675411667 0.9302260675411667 0.9302260675411667 0.9302260675411667 0.9302260675411667 0.9302260675411667 0.9302260675411667 0.9302260675411667 0.9302260675411667
4-101627978-A-G 0.00010809642200837466 0.00010809642200837466 0.9302260675411667 0.9302260675411667 0.00010809642200837466 0.00010809642200837466 0.00010809642200837466 0.00010809642200837466 0.00010809642200837466 0.00010809642200837466 0.00010809642200837466 0.9302260675411667 0.00010809642200837466 0.9302260675411667 0.00010809642200837466 0.9302260675411667 0.9302260675411667 0.00010809642200837466 0.9302260675411667 0.9302260675411667 0.9302260675411667 0.9302260675411667 0.00010809642200837466 0.9302260675411667
6-108026866-T-A 0.9302260675411667 0.00010809642200837466 0.00010809642200837466 0.00010809642200837466 0.00010809642200837466 0.9302260675411667 0.00010809642200837466 0.00010809642200837466 0.00010809642200837466 0.00010809642200837466 0.00010809642200837466 0.00010809642200837466 0.9302260675411667 0.00010809642200837466 0.9302260675411667 0.00010809642200837466 0.00010809642200837466 0.00010809642200837466 0.00010809642200837466 0.00010809642200837466 0.00010809642200837466 0.00010809642200837466 0.00010809642200837466 0.00010809642200837466
9-48964787-G-A 0.9302260675411667 0.00010809642200837466 0.9302260675411667 0.9302260675411667 0.9302260675411667 0.9302260675411667 0.00010809642200837466 0.9302260675411667 0.9302260675411667 0.9302260675411667 0.9302260675411667 0.9302260675411667 0.9302260675411667 0.9302260675411667 0.9302260675411667 0.9302260675411667 0.9302260675411667 0.9302260675411667 0.9302260675411667 0.9302260675411667 0.9302260675411667 0.9302260675411667 0.9302260675411667 0.9302260675411667
10-108214250-T-A 0.9302260675411667 0.9302260675411667 0.9302260675411667 0.9302260675411667 0.9302260675411667 0.9302260675411667 0.9302260675411667 0.9302260675411667 0.9302260675411667 0.9302260675411667 0.9302260675411667 0.00010809642200837466 0.9302260675411667 0.9302260675411667 0.9302260675411667 0.9302260675411667 0.9302260675411667 0.9302260675411667 0.9302260675411667 0.9302260675411667 0.00010809642200837466 0.9302260675411667 0.9302260675411667 0.9302260675411667
4-110513321-T-A 0.9302260675411667 0.00010809642200837466 0.9302260675411667 0.9302260675411667 0.9302260675411667 0.9302260675411667 0.00010809642200837466 0.9302260675411667 0.9302260675411667 0.9302260675411667 0.9302260675411667 0.9302260675411667 0.9302260675411667 0.9302260675411667 0.9302260675411667 0.9302260675411667 0.9302260675411667 0.9302260675411667 0.9302260675411667 0.9302260675411667 0.9302260675411667 0.9302260675411667 0.9302260675411667 0.9302260675411667
13-63945804-T-A 0.00010809642200837466 0.9302260675411667 0.9302260675411667 0.9302260675411667 0.9302260675411667 0.00010809642200837466 0.9302260675411667 0.9302260675411667 0.9302260675411667 0.9302260675411667 0.9302260675411667 0.9302260675411667 0.00010809642200837466 0.9302260675411667 0.00010809642200837466 0.9302260675411667 0.9302260675411667 0.9302260675411667 0.9302260675411667 0.9302260675411667 0.9302260675411667 0.9302260675411667 0.00010809642200837466 0.9302260675411667
3-130003140-A-G 0.9302260675411667 0.9302260675411667 0.9302260675411667 0.9302260675411667 0.9302260675411667 0.9302260675411667 0.9302260675411667 0.9302260675411667 0.9302260675411667 0.9302260675411667 0.9302260675411667 0.00010809642200837466 0.9302260675411667 0.9302260675411667 0.9302260675411667 0.9302260675411667 0.9302260675411667 0.9302260675411667 0.9302260675411667 0.9302260675411667 0.00010809642200837466 0.9302260675411667 0.9302260675411667 0.9302260675411667
18-6226302-T-C 0.9302260675411667 0.00010809642200837466 0.9302260675411667 0.9302260675411667 0.9302260675411667 0.9302260675411667 0.00010809642200837466 0.9302260675411667 0.9302260675411667 0.9302260675411667 0.9302260675411667 0.9302260675411667 0.9302260675411667 0.9302260675411667 0.9302260675411667 0.9302260675411667 0.9302260675411667 0.9302260675411667 0.9302260675411667 0.9302260675411667 0.9302260675411667 0.9302260675411667 0.9302260675411667 0.9302260675411667
8-25823417-A-G 0.9302260675411667 0.9302260675411667 0.9302260675411667 0.9302260675411667 0.9302260675411667 0.9302260675411667 0.9302260675411667 0.9302260675411667 0.9302260675411667 0.9302260675411667 0.9302260675411667 0.00010809642200837466 0.9302260675411667 0.9302260675411667 0.9302260675411667 0.9302260675411667 0.9302260675411667 0.9302260675411667 0.9302260675411667 0.9302260675411667 0.00010809642200837466 0.9302260675411667 0.9302260675411667 0.9302260675411667
2-125320857-A-G 0.00010809642200837466 0.00010809642200837466 0.00010809642200837466 0.00010809642200837466 0.00010809642200837466 0.00010809642200837466 0.00010809642200837466 0.00010809642200837466 0.00010809642200837466 0.00010809642200837466 0.00010809642200837466 0.9302260675411667 0.00010809642200837466 0.00010809642200837466 0.00010809642200837466 0.00010809642200837466 0.00010809642200837466 0.00010809642200837466 0.00010809642200837466 0.00010809642200837466 0.00010809642200837466 0.00010809642200837466 0.00010809642200837466 0.00010809642200837466
5-114797987-G-C 0.9302260675411667 0.9302260675411667 0.9302260675411667 0.9302260675411667 0.9302260675411667 0.9302260675411667 0.9302260675411667 0.9302260675411667 0.9302260675411667 0.9302260675411667 0.9302260675411667 0.00010809642200837466 0.9302260675411667 0.9302260675411667 0.9302260675411667 0.9302260675411667 0.9302260675411667 0.9302260675411667 0.9302260675411667 0.9302260675411667 0.00010809642200837466 0.9302260675411667 0.9302260675411667 0.9302260675411667
5-21756942-T-G 0.9302260675411667 0.9302260675411667 0.9302260675411667 0.9302260675411667 0.9302260675411667 0.9302260675411667 0.9302260675411667 0.9302260675411667 0.00010809642200837466 0.9302260675411667 0.00010809642200837466 0.9302260675411667 0.9302260675411667 0.9302260675411667 0.9302260675411667 0.9302260675411667 0.9302260675411667 0.9302260675411667 0.9302260675411667 0.9302260675411667 0.9302260675411667 0.9302260675411667 0.9302260675411667 0.9302260675411667
5-38144609-T-C 0.9302260675411667 0.9302260675411667 0.9302260675411667 0.9302260675411667 0.9302260675411667 0.9302260675411667 0.9302260675411667 0.9302260675411667 0.00010809642200837466 0.9302260675411667 0.00010809642200837466 0.9302260675411667 0.9302260675411667 0.9302260675411667 0.9302260675411667 0.9302260675411667 0.9302260675411667 0.9302260675411667 0.9302260675411667 0.9302260675411667 0.9302260675411667 0.9302260675411667 0.9302260675411667 0.9302260675411667
3-95562653-G-A 0.9302260675411667 0.00010809642200837466 0.00010809642200837466 0.00010809642200837466 0.00010809642200837466 0.9302260675411667 0.00010809642200837466 0.00010809642200837466 0.00010809642200837466 0.00010809642200837466 0.00010809642200837466 0.00010809642200837466 0.9302260675411667 0.9302260675411667 0.9302260675411667 0.00010809642200837466 0.00010809642200837466 0.00010809642200837466 0.9302260675411667 0.00010809642200837466 0.00010809642200837466 0.00010809642200837466 0.9302260675411667 0.9302260675411667
10-110945432-A-G 0.9302260675411667 0.9302260675411667 0.9302260675411667 0.9302260675411667 0.9302260675411667 0.9302260675411667 0.9302260675411667 0.9302260675411667 0.9302260675411667 0.9302260675411667 0.9302260675411667 0.00010809642200837466 0.9302260675411667 0.9302260675411667 0.9302260675411667 0.9302260675411667 0.9302260675411667 0.9302260675411667 0.9302260675411667 0.9302260675411667 0.00010809642200837466 0.9302260675411667 0.9302260675411667 0.9302260675411667
16-18623089-G-C 0.00010809642200837466 0.9302260675411667 0.9302260675411667 0.9302260675411667 0.9302260675411667 0.00010809642200837466 0.9302260675411667 0.9302260675411667 0.9302260675411667 0.9302260675411667 0.9302260675411667 0.9302260675411667 0.00010809642200837466 0.9302260675411667 0.9302260675411667 0.9302260675411667 0.9302260675411667 0.9302260675411667 0.9302260675411667 0.9302260675411667 0.9302260675411667 0.9302260675411667 0.9302260675411667 0.9302260675411667
15-79906897-T-G 0.9302260675411667 0.9302260675411667 0.9302260675411667 0.00010809642200837466 0.9302260675411667 0.9302260675411667 0.9302260675411667 0.9302260675411667 0.9302260675411667 0.9302260675411667 0.9302260675411667 0.9302260675411667 0.9302260675411667 0.9302260675411667 0.9302260675411667 0.9302260675411667 0.00010809642200837466 0.9302260675411667 0.9302260675411667 0.00010809642200837466 0.9302260675411667 0.9302260675411667 0.9302260675411667 0.9302260675411667
8-91474242-T-C 0.9302260675411667 0.9302260675411667 0.9302260675411667 0.9302260675411667 0.9302260675411667 0.9302260675411667 0.9302260675411667 0.9302260675411667 0.00010809642200837466 0.9302260675411667 0.00010809642200837466 0.9302260675411667 0.9302260675411667 0.9302260675411667 0.9302260675411667 0.9302260675411667 0.9302260675411667 0.9302260675411667 0.9302260675411667 0.9302260675411667 0.9302260675411667 0.9302260675411667 0.9302260675411667 0.9302260675411667
5-146017534-T-C 0.9302260675411667 0.00010809642200837466 0.9302260675411667 0.9302260675411667 0.9302260675411667 0.9302260675411667 0.00010809642200837466 0.00010809642200837466 0.9302260675411667 0.00010809642200837466 0.9302260675411667 0.9302260675411667 0.9302260675411667 0.9302260675411667 0.9302260675411667 0.9302260675411667 0.9302260675411667 0.9302260675411667 0.9302260675411667 0.9302260675411667 0.9302260675411667 0.9302260675411667 0.9302260675411667 0.9302260675411667
11-75444372-G-A 0.9302260675411667 0.9302260675411667 0.9302260675411667 0.9302260675411667 0.9302260675411667 0.9302260675411667 0.9302260675411667 0.9302260675411667 0.9302260675411667 0.9302260675411667 0.9302260675411667 0.00010809642200837466 0.9302260675411667 0.9302260675411667 0.9302260675411667 0.9302260675411667 0.9302260675411667 0.9302260675411667 0.9302260675411667 0.9302260675411667 0.00010809642200837466 0.9302260675411667 0.9302260675411667 0.9302260675411667
2-12980411-T-G 0.00010809642200837466 0.9302260675411667 0.9302260675411667 0.9302260675411667 0.9302260675411667 0.9302260675411667 0.9302260675411667 0.9302260675411667 0.9302260675411667 0.9302260675411667 0.9302260675411667 0.9302260675411667 0.00010809642200837466 0.9302260675411667 0.9302260675411667 0.9302260675411667 0.9302260675411667 0.9302260675411667 0.9302260675411667 0.9302260675411667 0.9302260675411667 0.9302260675411667 0.9302260675411667 0.9302260675411667
14-56792347-G-C 0.9302260675411667 0.00010809642200837466 0.9302260675411667 0.9302260675411667 0.9302260675411667 0.9302260675411667 0.00010809642200837466 0.00010809642200837466 0.9302260675411667 0.00010809642200837466 0.9302260675411667 0.9302260675411667 0.9302260675411667 0.9302260675411667 0.9302260675411667 0.9302260675411667 0.9302260675411667 0.9302260675411667 0.9302260675411667 0.9302260675411667 0.9302260675411667 0.9302260675411667 0.9302260675411667 0.9302260675411667
13-31579987-T-G 0.9302260675411667 0.9302260675411667 0.9302260675411667 0.9302260675411667 0.9302260675411667 0.9302260675411667 0.9302260675411667 0.9302260675411667 0.00010809642200837466 0.9302260675411667 0.00010809642200837466 0.9302260675411667 0.9302260675411667 0.9302260675411667 0.9302260675411667 0.9302260675411667 0.9302260675411667 0.9302260675411667 0.9302260675411667 0.9302260675411667 0.9302260675411667 0.9302260675411667 0.9302260675411667 0.9302260675411667
8-21316452-A-C 0.00010809642200837466 0.9302260675411667 0.9302260675411667 0.9302260675411667 0.9302260675411667 0.00010809642200837466 0.9302260675411667 0.9302260675411667 0.00010809642200837466 0.9302260675411667 0.00010809642200837466 0.9302260675411667 0.00010809642200837466 0.9302260675411667 0.00010809642200837466 0.9302260675411667 0.9302260675411667 0.9302260675411667 0.9302260675411667 0.9302260675411667 0.9302260675411667 0.9302260675411667 0.00010809642200837466 0.9302260675411667
11-82062344-T-C 0.9302260675411667 0.9302260675411667 0.9302260675411667 0.9302260675411667 0.9302260675411667 0.9302260675411667 0.9302260675411667 0.9302260675411667 0.00010809642200837466 0.9302260675411667 0.00010809642200837466 0.9302260675411667 0.9302260675411667 0.9302260675411667 0.9302260675411667 0.9302260675411667 0.9302260675411667 0.9302260675411667 0.9302260675411667 0.9302260675411667 0.9302260675411667 0.9302260675411667 0.9302260675411667 0.9302260675411667
7-16213083-G-C 0.00010809642200837466 0.9302260675411667 0.9302260675411667 0.9302260675411667 0.9302260675411667 0.00010809642200837466 0.9302260675411667 0.9302260675411667 0.9302260675411667 0.9302260675411667 0.9302260675411667 0.9302260675411667 0.00010809642200837466 0.9302260675411667 0.00010809642200837466 0.9302260675411667 0.9302260675411667 0.9302260675411667 0.9302260675411667 0.9302260675411667 0.9302260675411667 0.9302260675411667 0.9302260675411667 0.9302260675411667
2-74668711-C-G 0.9302260675411667 0.00010809642200837466 0.9302260675411667 0.9302260675411667 0.9302260675411667 0.9302260675411667 0.00010809642200837466 0.9302260675411667 0.9302260675411667 0.9302260675411667 0.9302260675411667 0.9302260675411667 0.9302260675411667 0.9302260675411667 0.9302260675411667 0.9302260675411667 0.9302260675411667 0.9302260675411667 0.9302260675411667 0.9302260675411667 0.9302260675411667 0.9302260675411667 0.9302260675411667 0.9302260675411667
14-42413382-T-G 0.9302260675411667 0.00010809642200837466 0.9302260675411667 0.9302260675411667 0.9302260675411667 0.9302260675411667 0.00010809642200837466 0.00010809642200837466 0.9302260675411667 0.00010809642200837466 0.9302260675411667 0.9302260675411667 0.9302260675411667 0.9302260675411667 0.9302260675411667 0.9302260675411667 0.9302260675411667 0.9302260675411667 0.9302260675411667 0.9302260675411667 0.9302260675411667 0.9302260675411667 0.9302260675411667 0.9302260675411667
10-109720243-A-G 0.9302260675411667 0.9302260675411667 0.9302260675411667 0.9302260675411667 0.9302260675411667 0.9302260675411667 0.9302260675411667 0.9302260675411667 0.00010809642200837466 0.9302260675411667 0.00010809642200837466 0.9302260675411667 0.9302260675411667 0.9302260675411667 0.9302260675411667 0.9302260675411667 0.9302260675411667 0.9302260675411667 0.9302260675411667 0.9302260675411667 0.9302260675411667 0.9302260675411667 0.9302260675411667 0.9302260675411667
6-113520349-T-G 0.00010809642200837466 0.00010809642200837466 0.00010809642200837466 0.00010809642200837466 0.00010809642200837466 0.00010809642200837466 0.00010809642200837466 0.00010809642200837466 0.9302260675411667 0.00010809642200837466 0.9302260675411667 0.00010809642200837466 0.00010809642200837466 0.00010809642200837466 0.00010809642200837466 0.00010809642200837466 0.00010809642200837466 0.00010809642200837466 0.00010809642200837466 0.00010809642200837466 0.00010809642200837466 0.00010809642200837466 0.00010809642200837466 0.00010809642200837466
8-4250774-A-G 0.9302260675411667 0.00010809642200837466 0.9302260675411667 0.9302260675411667 0.9302260675411667 0.9302260675411667 0.00010809642200837466 0.9302260675411667 0.9302260675411667 0.9302260675411667 0.9302260675411667 0.9302260675411667 0.9302260675411667 0.9302260675411667 0.9302260675411667 0.9302260675411667 0.9302260675411667 0.9302260675411667 0.9302260675411667 0.9302260675411667 0.9302260675411667 0.9302260675411667 0.9302260675411667 0.9302260675411667
1-180144930-A-G 0.9302260675411667 0.9302260675411667 0.9302260675411667 0.9302260675411667 0.9302260675411667 0.9302260675411667 0.9302260675411667 0.9302260675411667 0.00010809642200837466 0.9302260675411667 0.00010809642200837466 0.9302260675411667 0.9302260675411667 0.9302260675411667 0.9302260675411667 0.9302260675411667 0.9302260675411667 0.9302260675411667 0.9302260675411667 0.9302260675411667 0.9302260675411667 0.9302260675411667 0.9302260675411667 0.9302260675411667
7-123152126-T-C 0.00010809642200837466 0.9302260675411667 0.9302260675411667 0.9302260675411667 0.9302260675411667 0.9302260675411667 0.9302260675411667 0.9302260675411667 0.9302260675411667 0.9302260675411667 0.9302260675411667 0.9302260675411667 0.9302260675411667 0.9302260675411667 0.9302260675411667 0.9302260675411667 0.9302260675411667 0.9302260675411667 0.9302260675411667 0.00010809642200837466 0.9302260675411667 0.9302260675411667 0.9302260675411667 0.9302260675411667
7-108824929-T-A 0.9302260675411667 0.9302260675411667 0.9302260675411667 0.9302260675411667 0.9302260675411667 0.9302260675411667 0.00010809642200837466 0.9302260675411667 0.9302260675411667 0.9302260675411667 0.9302260675411667 0.9302260675411667 0.9302260675411667 0.9302260675411667 0.9302260675411667 0.00010809642200837466 0.9302260675411667 0.9302260675411667 0.9302260675411667 0.9302260675411667 0.9302260675411667 0.9302260675411667 0.9302260675411667 0.9302260675411667
14-44232700-T-G 0.00010809642200837466 0.00010809642200837466 0.00010809642200837466 0.00010809642200837466 0.00010809642200837466 0.00010809642200837466 0.00010809642200837466 0.00010809642200837466 0.00010809642200837466 0.00010809642200837466 0.9302260675411667 0.00010809642200837466 0.00010809642200837466 0.00010809642200837466 0.00010809642200837466 0.00010809642200837466 0.00010809642200837466 0.9302260675411667 0.00010809642200837466 0.00010809642200837466 0.00010809642200837466 0.00010809642200837466 0.00010809642200837466 0.00010809642200837466
14-14176070-T-C 0.00010809642200837466 0.9302260675411667 0.9302260675411667 0.9302260675411667 0.9302260675411667 0.00010809642200837466 0.9302260675411667 0.9302260675411667 0.9302260675411667 0.9302260675411667 0.9302260675411667 0.9302260675411667 0.00010809642200837466 0.9302260675411667 0.00010809642200837466 0.9302260675411667 0.9302260675411667 0.9302260675411667 0.9302260675411667 0.9302260675411667 0.9302260675411667 0.9302260675411667 0.9302260675411667 0.9302260675411667
11-70940116-T-G 0.9302260675411667 0.00010809642200837466 0.9302260675411667 0.9302260675411667 0.9302260675411667 0.9302260675411667 0.00010809642200837466 0.9302260675411667 0.9302260675411667 0.9302260675411667 0.9302260675411667 0.9302260675411667 0.9302260675411667 0.9302260675411667 0.9302260675411667 0.9302260675411667 0.9302260675411667 0.9302260675411667 0.9302260675411667 0.9302260675411667 0.9302260675411667 0.9302260675411667 0.9302260675411667 0.9302260675411667
5-72421988-C-T 0.9302260675411667 0.9302260675411667 0.9302260675411667 0.9302260675411667 0.9302260675411667 0.9302260675411667 0.00010809642200837466 0.9302260675411667 0.9302260675411667 0.9302260675411667 0.9302260675411667 0.9302260675411667 0.9302260675411667 0.9302260675411667 0.9302260675411667 0.00010809642200837466 0.9302260675411667 0.9302260675411667 0.9302260675411667 0.9302260675411667 0.9302260675411667 0.9302260675411667 0.9302260675411667 0.9302260675411667
11-89044394-T-A 0.9302260675411667 0.00010809642200837466 0.9302260675411667 0.9302260675411667 0.9302260675411667 0.9302260675411667 0.9302260675411667 0.00010809642200837466 0.9302260675411667 0.00010809642200837466 0.9302260675411667 0.9302260675411667 0.9302260675411667 0.9302260675411667 0.9302260675411667 0.9302260675411667 0.9302260675411667 0.9302260675411667 0.9302260675411667 0.9302260675411667 0.9302260675411667 0.9302260675411667 0.9302260675411667 0.9302260675411667
15-100662531-A-G 0.9302260675411667 0.00010809642200837466 0.9302260675411667 0.9302260675411667 0.9302260675411667 0.9302260675411667 0.00010809642200837466 0.9302260675411667 0.9302260675411667 0.9302260675411667 0.9302260675411667 0.9302260675411667 0.9302260675411667 0.9302260675411667 0.9302260675411667 0.9302260675411667 0.9302260675411667 0.9302260675411667 0.9302260675411667 0.9302260675411667 0.9302260675411667 0.9302260675411667 0.9302260675411667 0.9302260675411667
11-60401465-C-G 0.9302260675411667 0.00010809642200837466 0.9302260675411667 0.9302260675411667 0.9302260675411667 0.9302260675411667 0.00010809642200837466 0.00010809642200837466 0.9302260675411667 0.00010809642200837466 0.9302260675411667 0.9302260675411667 0.9302260675411667 0.9302260675411667 0.9302260675411667 0.9302260675411667 0.9302260675411667 0.9302260675411667 0.9302260675411667 0.9302260675411667 0.9302260675411667 0.9302260675411667 0.9302260675411667 0.9302260675411667
5-88662622-A-T 0.00010809642200837466 0.9302260675411667 0.9302260675411667 0.9302260675411667 0.9302260675411667 0.9302260675411667 0.9302260675411667 0.9302260675411667 0.9302260675411667 0.9302260675411667 0.9302260675411667 0.9302260675411667 0.00010809642200837466 0.9302260675411667 0.9302260675411667 0.9302260675411667 0.9302260675411667 0.9302260675411667 0.9302260675411667 0.9302260675411667 0.9302260675411667 0.9302260675411667 0.9302260675411667 0.9302260675411667
7-108423471-T-C 0.9302260675411667 0.9302260675411667 0.9302260675411667 0.9302260675411667 0.9302260675411667 0.9302260675411667 0.9302260675411667 0.9302260675411667 0.9302260675411667 0.9302260675411667 0.9302260675411667 0.00010809642200837466 0.9302260675411667 0.9302260675411667 0.9302260675411667 0.9302260675411667 0.9302260675411667 0.9302260675411667 0.9302260675411667 0.9302260675411667 0.00010809642200837466 0.9302260675411667 0.9302260675411667 0.9302260675411667
18-80212658-A-T 0.00010809642200837466 0.9302260675411667 0.9302260675411667 0.9302260675411667 0.9302260675411667 0.00010809642200837466 0.9302260675411667 0.9302260675411667 0.9302260675411667 0.9302260675411667 0.9302260675411667 0.9302260675411667 0.00010809642200837466 0.9302260675411667 0.00010809642200837466 0.9302260675411667 0.9302260675411667 0.9302260675411667 0.9302260675411667 0.9302260675411667 0.9302260675411667 0.9302260675411667 0.9302260675411667 0.9302260675411667
14-51070346-G-A 0.00010809642200837466 0.00010809642200837466 0.00010809642200837466 0.00010809642200837466 0.00010809642200837466 0.00010809642200837466 0.00010809642200837466 0.00010809642200837466 0.00010809642200837466 0.00010809642200837466 0.00010809642200837466 0.00010809642200837466 0.00010809642200837466 0.00010809642200837466 0.00010809642200837466 0.00010809642200837466 0.00010809642200837466 0.9302260675411667 0.00010809642200837466 0.00010809642200837466 0.00010809642200837466 0.00010809642200837466 0.00010809642200837466 0.00010809642200837466
14-50855526-G-T 0.00010809642200837466 0.00010809642200837466 0.00010809642200837466 0.00010809642200837466 0.00010809642200837466 0.00010809642200837466 0.00010809642200837466 0.00010809642200837466 0.00010809642200837466 0.00010809642200837466 0.00010809642200837466 0.00010809642200837466 0.00010809642200837466 0.00010809642200837466 0.00010809642200837466 0.00010809642200837466 0.00010809642200837466 0.9302260675411667 0.00010809642200837466 0.00010809642200837466 0.00010809642200837466 0.00010809642200837466 0.00010809642200837466 0.00010809642200837466
11-70940116-T-G 0.9302260675411667 0.00010809642200837466 0.9302260675411667 0.9302260675411667 0.9302260675411667 0.9302260675411667 0.00010809642200837466 0.9302260675411667 0.9302260675411667 0.9302260675411667 0.9302260675411667 0.9302260675411667 0.9302260675411667 0.9302260675411667 0.9302260675411667 0.9302260675411667 0.9302260675411667 0.9302260675411667 0.9302260675411667 0.9302260675411667 0.9302260675411667 0.9302260675411667 0.9302260675411667 0.9302260675411667
16-5049899-G-C 0.9302260675411667 0.9302260675411667 0.9302260675411667 0.00010809642200837466 0.9302260675411667 0.9302260675411667 0.9302260675411667 0.9302260675411667 0.9302260675411667 0.9302260675411667 0.9302260675411667 0.9302260675411667 0.9302260675411667 0.9302260675411667 0.9302260675411667 0.9302260675411667 0.00010809642200837466 0.9302260675411667 0.9302260675411667 0.00010809642200837466 0.9302260675411667 0.9302260675411667 0.9302260675411667 0.9302260675411667
13-78287060-T-C 0.9302260675411667 0.9302260675411667 0.9302260675411667 0.9302260675411667 0.9302260675411667 0.9302260675411667 0.9302260675411667 0.9302260675411667 0.9302260675411667 0.9302260675411667 0.9302260675411667 0.00010809642200837466 0.9302260675411667 0.9302260675411667 0.9302260675411667 0.9302260675411667 0.9302260675411667 0.9302260675411667 0.9302260675411667 0.9302260675411667 0.00010809642200837466 0.9302260675411667 0.9302260675411667 0.9302260675411667
14-6967973-T-C 0.9302260675411667 0.9302260675411667 0.9302260675411667 0.9302260675411667 0.9302260675411667 0.9302260675411667 0.9302260675411667 0.9302260675411667 0.9302260675411667 0.9302260675411667 0.9302260675411667 0.00010809642200837466 0.9302260675411667 0.9302260675411667 0.9302260675411667 0.9302260675411667 0.9302260675411667 0.9302260675411667 0.9302260675411667 0.9302260675411667 0.00010809642200837466 0.9302260675411667 0.9302260675411667 0.9302260675411667
3-41711211-A-G 0.9302260675411667 0.00010809642200837466 0.9302260675411667 0.9302260675411667 0.9302260675411667 0.9302260675411667 0.00010809642200837466 0.00010809642200837466 0.9302260675411667 0.00010809642200837466 0.9302260675411667 0.9302260675411667 0.9302260675411667 0.9302260675411667 0.9302260675411667 0.9302260675411667 0.9302260675411667 0.9302260675411667 0.9302260675411667 0.9302260675411667 0.9302260675411667 0.9302260675411667 0.9302260675411667 0.9302260675411667
8-22421525-T-C 0.9302260675411667 0.9302260675411667 0.9302260675411667 0.9302260675411667 0.9302260675411667 0.9302260675411667 0.9302260675411667 0.9302260675411667 0.9302260675411667 0.9302260675411667 0.9302260675411667 0.00010809642200837466 0.9302260675411667 0.9302260675411667 0.9302260675411667 0.9302260675411667 0.9302260675411667 0.9302260675411667 0.9302260675411667 0.9302260675411667 0.00010809642200837466 0.9302260675411667 0.9302260675411667 0.9302260675411667
3-119141870-T-C 0.9302260675411667 0.9302260675411667 0.9302260675411667 0.9302260675411667 0.9302260675411667 0.9302260675411667 0.9302260675411667 0.9302260675411667 0.00010809642200837466 0.9302260675411667 0.00010809642200837466 0.9302260675411667 0.9302260675411667 0.9302260675411667 0.9302260675411667 0.9302260675411667 0.9302260675411667 0.9302260675411667 0.9302260675411667 0.9302260675411667 0.9302260675411667 0.9302260675411667 0.9302260675411667 0.9302260675411667
10-80027140-C-T 0.00010809642200837466 0.9302260675411667 0.9302260675411667 0.9302260675411667 0.9302260675411667 0.00010809642200837466 0.9302260675411667 0.9302260675411667 0.9302260675411667 0.9302260675411667 0.9302260675411667 0.9302260675411667 0.00010809642200837466 0.9302260675411667 0.9302260675411667 0.9302260675411667 0.9302260675411667 0.9302260675411667 0.9302260675411667 0.9302260675411667 0.9302260675411667 0.9302260675411667 0.9302260675411667 0.9302260675411667
4-45317952-T-C 0.00010809642200837466 0.9302260675411667 0.9302260675411667 0.9302260675411667 0.9302260675411667 0.9302260675411667 0.9302260675411667 0.9302260675411667 0.9302260675411667 0.9302260675411667 0.9302260675411667 0.9302260675411667 0.00010809642200837466 0.9302260675411667 0.9302260675411667 0.9302260675411667 0.9302260675411667 0.9302260675411667 0.9302260675411667 0.9302260675411667 0.9302260675411667 0.9302260675411667 0.9302260675411667 0.9302260675411667
14-119009062-T-C 0.00010809642200837466 0.00010809642200837466 0.00010809642200837466 0.00010809642200837466 0.00010809642200837466 0.00010809642200837466 0.00010809642200837466 0.00010809642200837466 0.00010809642200837466 0.00010809642200837466 0.9302260675411667 0.00010809642200837466 0.00010809642200837466 0.00010809642200837466 0.00010809642200837466 0.00010809642200837466 0.00010809642200837466 0.9302260675411667 0.00010809642200837466 0.00010809642200837466 0.00010809642200837466 0.00010809642200837466 0.00010809642200837466 0.00010809642200837466
5-136134446-C-G 0.00010809642200837466 0.00010809642200837466 0.00010809642200837466 0.00010809642200837466 0.00010809642200837466 0.00010809642200837466 0.00010809642200837466 0.00010809642200837466 0.00010809642200837466 0.00010809642200837466 0.00010809642200837466 0.9302260675411667 0.00010809642200837466 0.00010809642200837466 0.00010809642200837466 0.00010809642200837466 0.00010809642200837466 0.00010809642200837466 0.00010809642200837466 0.00010809642200837466 0.00010809642200837466 0.00010809642200837466 0.00010809642200837466 0.00010809642200837466
3-87084013-T-C 0.9302260675411667 0.9302260675411667 0.9302260675411667 0.9302260675411667 0.9302260675411667 0.9302260675411667 0.9302260675411667 0.9302260675411667 0.00010809642200837466 0.9302260675411667 0.00010809642200837466 0.9302260675411667 0.9302260675411667 0.9302260675411667 0.9302260675411667 0.9302260675411667 0.9302260675411667 0.9302260675411667 0.9302260675411667 0.9302260675411667 0.9302260675411667 0.9302260675411667 0.9302260675411667 0.9302260675411667
14-55240309-C-G 0.00010809642200837466 0.9302260675411667 0.9302260675411667 0.9302260675411667 0.9302260675411667 0.9302260675411667 0.9302260675411667 0.9302260675411667 0.9302260675411667 0.9302260675411667 0.9302260675411667 0.9302260675411667 0.00010809642200837466 0.9302260675411667 0.9302260675411667 0.9302260675411667 0.9302260675411667 0.9302260675411667 0.9302260675411667 0.9302260675411667 0.9302260675411667 0.9302260675411667 0.9302260675411667 0.9302260675411667
3-95585075-G-C 0.9302260675411667 0.00010809642200837466 0.9302260675411667 0.9302260675411667 0.9302260675411667 0.9302260675411667 0.00010809642200837466 0.9302260675411667 0.9302260675411667 0.9302260675411667 0.9302260675411667 0.9302260675411667 0.9302260675411667 0.9302260675411667 0.9302260675411667 0.9302260675411667 0.9302260675411667 0.9302260675411667 0.9302260675411667 0.9302260675411667 0.9302260675411667 0.9302260675411667 0.9302260675411667 0.9302260675411667
8-64727817-T-C 0.9302260675411667 0.9302260675411667 0.9302260675411667 0.9302260675411667 0.9302260675411667 0.9302260675411667 0.9302260675411667 0.9302260675411667 0.9302260675411667 0.9302260675411667 0.9302260675411667 0.9302260675411667 0.9302260675411667 0.9302260675411667 0.9302260675411667 0.9302260675411667 0.9302260675411667 0.9302260675411667 0.00010809642200837466 0.9302260675411667 0.9302260675411667 0.00010809642200837466 0.9302260675411667 0.9302260675411667
10-116907118-A-G 0.9302260675411667 0.9302260675411667 0.9302260675411667 0.9302260675411667 0.9302260675411667 0.9302260675411667 0.9302260675411667 0.9302260675411667 0.00010809642200837466 0.9302260675411667 0.00010809642200837466 0.9302260675411667 0.9302260675411667 0.9302260675411667 0.9302260675411667 0.9302260675411667 0.9302260675411667 0.9302260675411667 0.9302260675411667 0.9302260675411667 0.9302260675411667 0.9302260675411667 0.9302260675411667 0.9302260675411667
14-7296067-A-G 0.9302260675411667 0.9302260675411667 0.9302260675411667 0.00010809642200837466 0.9302260675411667 0.9302260675411667 0.9302260675411667 0.9302260675411667 0.9302260675411667 0.9302260675411667 0.9302260675411667 0.9302260675411667 0.9302260675411667 0.9302260675411667 0.9302260675411667 0.9302260675411667 0.00010809642200837466 0.9302260675411667 0.9302260675411667 0.00010809642200837466 0.9302260675411667 0.9302260675411667 0.9302260675411667 0.9302260675411667
6-68807804-G-A 0.9302260675411667 0.00010809642200837466 0.00010809642200837466 0.00010809642200837466 0.00010809642200837466 0.9302260675411667 0.00010809642200837466 0.00010809642200837466 0.00010809642200837466 0.00010809642200837466 0.00010809642200837466 0.00010809642200837466 0.9302260675411667 0.00010809642200837466 0.9302260675411667 0.00010809642200837466 0.00010809642200837466 0.00010809642200837466 0.00010809642200837466 0.00010809642200837466 0.00010809642200837466 0.00010809642200837466 0.00010809642200837466 0.00010809642200837466
2-59337760-A-C 0.00010809642200837466 0.00010809642200837466 0.00010809642200837466 0.00010809642200837466 0.00010809642200837466 0.00010809642200837466 0.00010809642200837466 0.00010809642200837466 0.00010809642200837466 0.00010809642200837466 0.00010809642200837466 0.9302260675411667 0.00010809642200837466 0.00010809642200837466 0.00010809642200837466 0.00010809642200837466 0.00010809642200837466 0.00010809642200837466 0.00010809642200837466 0.00010809642200837466 0.00010809642200837466 0.00010809642200837466 0.00010809642200837466 0.00010809642200837466
8-24586676-A-T 0.00010809642200837466 0.00010809642200837466 0.00010809642200837466 0.00010809642200837466 0.9302260675411667 0.00010809642200837466 0.00010809642200837466 0.00010809642200837466 0.00010809642200837466 0.00010809642200837466 0.00010809642200837466 0.00010809642200837466 0.00010809642200837466 0.00010809642200837466 0.00010809642200837466 0.00010809642200837466 0.00010809642200837466 0.00010809642200837466 0.00010809642200837466 0.00010809642200837466 0.00010809642200837466 0.00010809642200837466 0.00010809642200837466 0.00010809642200837466
13-120195763-A-G 0.00010809642200837466 0.00010809642200837466 0.00010809642200837466 0.00010809642200837466 0.00010809642200837466 0.00010809642200837466 0.00010809642200837466 0.00010809642200837466 0.00010809642200837466 0.00010809642200837466 0.00010809642200837466 0.00010809642200837466 0.00010809642200837466 0.00010809642200837466 0.00010809642200837466 0.00010809642200837466 0.00010809642200837466 0.00010809642200837466 0.00010809642200837466 0.00010809642200837466 0.00010809642200837466 0.00010809642200837466 0.00010809642200837466 0.9302260675411667
2-146314988-A-T 0.00010809642200837466 0.00010809642200837466 0.00010809642200837466 0.00010809642200837466 0.00010809642200837466 0.00010809642200837466 0.00010809642200837466 0.00010809642200837466 0.00010809642200837466 0.00010809642200837466 0.00010809642200837466 0.9302260675411667 0.00010809642200837466 0.00010809642200837466 0.00010809642200837466 0.00010809642200837466 0.00010809642200837466 0.00010809642200837466 0.00010809642200837466 0.00010809642200837466 0.00010809642200837466 0.00010809642200837466 0.00010809642200837466 0.00010809642200837466
5-123922312-A-G 0.9302260675411667 0.9302260675411667 0.9302260675411667 0.9302260675411667 0.9302260675411667 0.9302260675411667 0.9302260675411667 0.9302260675411667 0.00010809642200837466 0.9302260675411667 0.00010809642200837466 0.9302260675411667 0.9302260675411667 0.9302260675411667 0.9302260675411667 0.9302260675411667 0.9302260675411667 0.9302260675411667 0.9302260675411667 0.9302260675411667 0.9302260675411667 0.9302260675411667 0.9302260675411667 0.9302260675411667
2-166873906-A-G 0.00010809642200837466 0.9302260675411667 0.9302260675411667 0.9302260675411667 0.9302260675411667 0.00010809642200837466 0.9302260675411667 0.9302260675411667 0.9302260675411667 0.9302260675411667 0.9302260675411667 0.9302260675411667 0.00010809642200837466 0.9302260675411667 0.9302260675411667 0.9302260675411667 0.9302260675411667 0.9302260675411667 0.9302260675411667 0.9302260675411667 0.9302260675411667 0.9302260675411667 0.9302260675411667 0.9302260675411667
11-69855881-A-C 0.9302260675411667 0.9302260675411667 0.9302260675411667 0.9302260675411667 0.9302260675411667 0.9302260675411667 0.9302260675411667 0.9302260675411667 0.9302260675411667 0.9302260675411667 0.9302260675411667 0.00010809642200837466 0.9302260675411667 0.9302260675411667 0.9302260675411667 0.9302260675411667 0.9302260675411667 0.9302260675411667 0.9302260675411667 0.9302260675411667 0.00010809642200837466 0.9302260675411667 0.9302260675411667 0.9302260675411667
3-133005677-T-C 0.9302260675411667 0.9302260675411667 0.9302260675411667 0.9302260675411667 0.9302260675411667 0.9302260675411667 0.9302260675411667 0.9302260675411667 0.00010809642200837466 0.9302260675411667 0.00010809642200837466 0.9302260675411667 0.9302260675411667 0.9302260675411667 0.9302260675411667 0.9302260675411667 0.9302260675411667 0.9302260675411667 0.9302260675411667 0.9302260675411667 0.9302260675411667 0.9302260675411667 0.9302260675411667 0.9302260675411667
19-26676842-C-G 0.9302260675411667 0.00010809642200837466 0.9302260675411667 0.9302260675411667 0.9302260675411667 0.9302260675411667 0.00010809642200837466 0.9302260675411667 0.9302260675411667 0.9302260675411667 0.9302260675411667 0.9302260675411667 0.9302260675411667 0.9302260675411667 0.9302260675411667 0.9302260675411667 0.9302260675411667 0.9302260675411667 0.9302260675411667 0.9302260675411667 0.9302260675411667 0.9302260675411667 0.9302260675411667 0.9302260675411667
8-21724678-A-G 0.00010809642200837466 0.9302260675411667 0.9302260675411667 0.9302260675411667 0.9302260675411667 0.00010809642200837466 0.9302260675411667 0.9302260675411667 0.9302260675411667 0.9302260675411667 0.9302260675411667 0.9302260675411667 0.00010809642200837466 0.9302260675411667 0.00010809642200837466 0.9302260675411667 0.9302260675411667 0.9302260675411667 0.9302260675411667 0.9302260675411667 0.9302260675411667 0.9302260675411667 0.9302260675411667 0.9302260675411667
9-57140109-C-T 0.9302260675411667 0.00010809642200837466 0.9302260675411667 0.9302260675411667 0.9302260675411667 0.9302260675411667 0.00010809642200837466 0.00010809642200837466 0.9302260675411667 0.00010809642200837466 0.9302260675411667 0.9302260675411667 0.9302260675411667 0.9302260675411667 0.9302260675411667 0.9302260675411667 0.9302260675411667 0.9302260675411667 0.9302260675411667 0.9302260675411667 0.9302260675411667 0.9302260675411667 0.9302260675411667 0.9302260675411667
15-46625414-G-C 0.9302260675411667 0.9302260675411667 0.9302260675411667 0.9302260675411667 0.9302260675411667 0.9302260675411667 0.9302260675411667 0.9302260675411667 0.00010809642200837466 0.9302260675411667 0.00010809642200837466 0.9302260675411667 0.9302260675411667 0.9302260675411667 0.9302260675411667 0.9302260675411667 0.9302260675411667 0.9302260675411667 0.9302260675411667 0.9302260675411667 0.9302260675411667 0.9302260675411667 0.9302260675411667 0.9302260675411667
8-40938173-C-G 0.00010809642200837466 0.9302260675411667 0.9302260675411667 0.9302260675411667 0.9302260675411667 0.9302260675411667 0.9302260675411667 0.9302260675411667 0.9302260675411667 0.9302260675411667 0.9302260675411667 0.9302260675411667 0.00010809642200837466 0.9302260675411667 0.9302260675411667 0.9302260675411667 0.9302260675411667 0.9302260675411667 0.9302260675411667 0.9302260675411667 0.9302260675411667 0.9302260675411667 0.9302260675411667 0.9302260675411667
10-108230385-A-T 0.9302260675411667 0.00010809642200837466 0.9302260675411667 0.9302260675411667 0.00010809642200837466 0.9302260675411667 0.00010809642200837466 0.00010809642200837466 0.9302260675411667 0.00010809642200837466 0.9302260675411667 0.9302260675411667 0.9302260675411667 0.9302260675411667 0.9302260675411667 0.9302260675411667 0.9302260675411667 0.9302260675411667 0.9302260675411667 0.9302260675411667 0.9302260675411667 0.9302260675411667 0.9302260675411667 0.9302260675411667
2-112649251-G-A 0.00010809642200837466 0.00010809642200837466 0.00010809642200837466 0.00010809642200837466 0.00010809642200837466 0.00010809642200837466 0.00010809642200837466 0.00010809642200837466 0.00010809642200837466 0.00010809642200837466 0.00010809642200837466 0.9302260675411667 0.00010809642200837466 0.00010809642200837466 0.00010809642200837466 0.00010809642200837466 0.00010809642200837466 0.00010809642200837466 0.00010809642200837466 0.00010809642200837466 0.00010809642200837466 0.00010809642200837466 0.00010809642200837466 0.00010809642200837466
6-93678701-C-T 0.00010809642200837466 0.9302260675411667 0.9302260675411667 0.9302260675411667 0.9302260675411667 0.00010809642200837466 0.9302260675411667 0.9302260675411667 0.9302260675411667 0.9302260675411667 0.9302260675411667 0.9302260675411667 0.00010809642200837466 0.9302260675411667 0.00010809642200837466 0.9302260675411667 0.9302260675411667 0.9302260675411667 0.9302260675411667 0.9302260675411667 0.9302260675411667 0.9302260675411667 0.9302260675411667 0.9302260675411667
7-123152126-T-C 0.00010809642200837466 0.9302260675411667 0.9302260675411667 0.9302260675411667 0.9302260675411667 0.9302260675411667 0.9302260675411667 0.9302260675411667 0.9302260675411667 0.9302260675411667 0.9302260675411667 0.9302260675411667 0.9302260675411667 0.9302260675411667 0.9302260675411667 0.9302260675411667 0.9302260675411667 0.9302260675411667 0.9302260675411667 0.00010809642200837466 0.9302260675411667 0.9302260675411667 0.9302260675411667 0.9302260675411667
2-33644830-G-A 0.00010809642200837466 0.00010809642200837466 0.00010809642200837466 0.00010809642200837466 0.00010809642200837466 0.00010809642200837466 0.00010809642200837466 0.00010809642200837466 0.00010809642200837466 0.00010809642200837466 0.00010809642200837466 0.9302260675411667 0.00010809642200837466 0.00010809642200837466 0.00010809642200837466 0.00010809642200837466 0.00010809642200837466 0.00010809642200837466 0.00010809642200837466 0.00010809642200837466 0.00010809642200837466 0.00010809642200837466 0.00010809642200837466 0.00010809642200837466
4-58905156-G-A 0.9302260675411667 0.00010809642200837466 0.9302260675411667 0.9302260675411667 0.9302260675411667 0.9302260675411667 0.00010809642200837466 0.9302260675411667 0.9302260675411667 0.9302260675411667 0.9302260675411667 0.9302260675411667 0.9302260675411667 0.9302260675411667 0.9302260675411667 0.9302260675411667 0.9302260675411667 0.9302260675411667 0.9302260675411667 0.9302260675411667 0.9302260675411667 0.9302260675411667 0.9302260675411667 0.9302260675411667
9-70631213-A-G 0.00010809642200837466 0.9302260675411667 0.9302260675411667 0.9302260675411667 0.9302260675411667 0.00010809642200837466 0.9302260675411667 0.9302260675411667 0.00010809642200837466 0.9302260675411667 0.00010809642200837466 0.9302260675411667 0.00010809642200837466 0.9302260675411667 0.00010809642200837466 0.9302260675411667 0.9302260675411667 0.00010809642200837466 0.9302260675411667 0.9302260675411667 0.9302260675411667 0.9302260675411667 0.00010809642200837466 0.9302260675411667
18-49951353-A-T 0.9302260675411667 0.9302260675411667 0.9302260675411667 0.9302260675411667 0.9302260675411667 0.9302260675411667 0.9302260675411667 0.9302260675411667 0.9302260675411667 0.9302260675411667 0.9302260675411667 0.00010809642200837466 0.9302260675411667 0.9302260675411667 0.9302260675411667 0.9302260675411667 0.9302260675411667 0.9302260675411667 0.00010809642200837466 0.9302260675411667 0.00010809642200837466 0.00010809642200837466 0.9302260675411667 0.9302260675411667
11-121448990-T-G 0.00010809642200837466 0.00010809642200837466 0.00010809642200837466 0.00010809642200837466 0.00010809642200837466 0.00010809642200837466 0.00010809642200837466 0.9302260675411667 0.00010809642200837466 0.00010809642200837466 0.00010809642200837466 0.00010809642200837466 0.00010809642200837466 0.00010809642200837466 0.00010809642200837466 0.00010809642200837466 0.00010809642200837466 0.00010809642200837466 0.00010809642200837466 0.00010809642200837466 0.00010809642200837466 0.00010809642200837466 0.00010809642200837466 0.00010809642200837466
2-75192896-A-T 0.9302260675411667 0.00010809642200837466 0.9302260675411667 0.9302260675411667 0.00010809642200837466 0.9302260675411667 0.00010809642200837466 0.00010809642200837466 0.9302260675411667 0.00010809642200837466 0.9302260675411667 0.9302260675411667 0.9302260675411667 0.9302260675411667 0.9302260675411667 0.9302260675411667 0.9302260675411667 0.9302260675411667 0.9302260675411667 0.9302260675411667 0.9302260675411667 0.9302260675411667 0.9302260675411667 0.9302260675411667
3-132842741-G-A 0.9302260675411667 0.00010809642200837466 0.9302260675411667 0.00010809642200837466 0.00010809642200837466 0.9302260675411667 0.00010809642200837466 0.00010809642200837466 0.00010809642200837466 0.00010809642200837466 0.00010809642200837466 0.00010809642200837466 0.9302260675411667 0.9302260675411667 0.9302260675411667 0.00010809642200837466 0.00010809642200837466 0.00010809642200837466 0.9302260675411667 0.9302260675411667 0.00010809642200837466 0.00010809642200837466 0.9302260675411667 0.9302260675411667
6-29451472-G-A 0.9302260675411667 0.9302260675411667 0.9302260675411667 0.9302260675411667 0.9302260675411667 0.9302260675411667 0.9302260675411667 0.9302260675411667 0.9302260675411667 0.9302260675411667 0.9302260675411667 0.9302260675411667 0.9302260675411667 0.9302260675411667 0.9302260675411667 0.9302260675411667 0.9302260675411667 0.9302260675411667 0.00010809642200837466 0.9302260675411667 0.9302260675411667 0.00010809642200837466 0.9302260675411667 0.9302260675411667
8-105332161-A-G 0.00010809642200837466 0.9302260675411667 0.9302260675411667 0.9302260675411667 0.9302260675411667 0.9302260675411667 0.9302260675411667 0.9302260675411667 0.9302260675411667 0.9302260675411667 0.9302260675411667 0.9302260675411667 0.00010809642200837466 0.9302260675411667 0.9302260675411667 0.9302260675411667 0.9302260675411667 0.9302260675411667 0.9302260675411667 0.9302260675411667 0.9302260675411667 0.9302260675411667 0.9302260675411667 0.9302260675411667
10-88570697-T-C 0.9302260675411667 0.9302260675411667 0.9302260675411667 0.9302260675411667 0.9302260675411667 0.9302260675411667 0.9302260675411667 0.9302260675411667 0.9302260675411667 0.9302260675411667 0.9302260675411667 0.00010809642200837466 0.9302260675411667 0.9302260675411667 0.9302260675411667 0.9302260675411667 0.9302260675411667 0.9302260675411667 0.9302260675411667 0.9302260675411667 0.00010809642200837466 0.9302260675411667 0.9302260675411667 0.9302260675411667
14-8644365-T-G 0.00010809642200837466 0.00010809642200837466 0.00010809642200837466 0.00010809642200837466 0.00010809642200837466 0.00010809642200837466 0.00010809642200837466 0.00010809642200837466 0.00010809642200837466 0.00010809642200837466 0.00010809642200837466 0.00010809642200837466 0.00010809642200837466 0.00010809642200837466 0.00010809642200837466 0.00010809642200837466 0.00010809642200837466 0.9302260675411667 0.00010809642200837466 0.00010809642200837466 0.00010809642200837466 0.00010809642200837466 0.00010809642200837466 0.00010809642200837466
6-102165482-T-C 0.9302260675411667 0.00010809642200837466 0.9302260675411667 0.9302260675411667 0.9302260675411667 0.9302260675411667 0.9302260675411667 0.00010809642200837466 0.9302260675411667 0.00010809642200837466 0.9302260675411667 0.9302260675411667 0.9302260675411667 0.9302260675411667 0.9302260675411667 0.9302260675411667 0.9302260675411667 0.9302260675411667 0.9302260675411667 0.9302260675411667 0.9302260675411667 0.9302260675411667 0.9302260675411667 0.9302260675411667
5-122880997-C-T 0.00010809642200837466 0.9302260675411667 0.9302260675411667 0.9302260675411667 0.9302260675411667 0.00010809642200837466 0.9302260675411667 0.9302260675411667 0.00010809642200837466 0.9302260675411667 0.00010809642200837466 0.9302260675411667 0.00010809642200837466 0.9302260675411667 0.00010809642200837466 0.9302260675411667 0.9302260675411667 0.00010809642200837466 0.9302260675411667 0.9302260675411667 0.9302260675411667 0.9302260675411667 0.00010809642200837466 0.9302260675411667
13-49146719-C-A 0.00010809642200837466 0.9302260675411667 0.9302260675411667 0.9302260675411667 0.9302260675411667 0.9302260675411667 0.9302260675411667 0.9302260675411667 0.9302260675411667 0.9302260675411667 0.9302260675411667 0.9302260675411667 0.00010809642200837466 0.9302260675411667 0.9302260675411667 0.9302260675411667 0.9302260675411667 0.9302260675411667 0.9302260675411667 0.9302260675411667 0.9302260675411667 0.9302260675411667 0.9302260675411667 0.9302260675411667
2-23181034-C-T 0.00010809642200837466 0.9302260675411667 0.9302260675411667 0.9302260675411667 0.9302260675411667 0.00010809642200837466 0.9302260675411667 0.9302260675411667 0.9302260675411667 0.9302260675411667 0.9302260675411667 0.9302260675411667 0.00010809642200837466 0.9302260675411667 0.00010809642200837466 0.9302260675411667 0.9302260675411667 0.9302260675411667 0.9302260675411667 0.9302260675411667 0.9302260675411667 0.9302260675411667 0.9302260675411667 0.9302260675411667
2-87213980-G-A 0.00010809642200837466 0.00010809642200837466 0.00010809642200837466 0.00010809642200837466 0.00010809642200837466 0.00010809642200837466 0.00010809642200837466 0.00010809642200837466 0.00010809642200837466 0.00010809642200837466 0.00010809642200837466 0.9302260675411667 0.00010809642200837466 0.00010809642200837466 0.00010809642200837466 0.00010809642200837466 0.00010809642200837466 0.00010809642200837466 0.00010809642200837466 0.00010809642200837466 0.00010809642200837466 0.00010809642200837466 0.00010809642200837466 0.00010809642200837466
12-70346605-G-T 0.9302260675411667 0.9302260675411667 0.9302260675411667 0.00010809642200837466 0.9302260675411667 0.9302260675411667 0.9302260675411667 0.9302260675411667 0.9302260675411667 0.9302260675411667 0.9302260675411667 0.9302260675411667 0.9302260675411667 0.9302260675411667 0.9302260675411667 0.9302260675411667 0.00010809642200837466 0.9302260675411667 0.9302260675411667 0.00010809642200837466 0.9302260675411667 0.9302260675411667 0.9302260675411667 0.9302260675411667
6-88100660-A-T 0.00010809642200837466 0.9302260675411667 0.9302260675411667 0.9302260675411667 0.9302260675411667 0.00010809642200837466 0.9302260675411667 0.9302260675411667 0.9302260675411667 0.9302260675411667 0.9302260675411667 0.9302260675411667 0.00010809642200837466 0.9302260675411667 0.9302260675411667 0.9302260675411667 0.9302260675411667 0.9302260675411667 0.9302260675411667 0.9302260675411667 0.9302260675411667 0.9302260675411667 0.9302260675411667 0.9302260675411667
16-75596473-A-G 0.9302260675411667 0.00010809642200837466 0.9302260675411667 0.9302260675411667 0.9302260675411667 0.9302260675411667 0.00010809642200837466 0.9302260675411667 0.9302260675411667 0.9302260675411667 0.9302260675411667 0.9302260675411667 0.9302260675411667 0.9302260675411667 0.9302260675411667 0.9302260675411667 0.9302260675411667 0.9302260675411667 0.9302260675411667 0.9302260675411667 0.9302260675411667 0.9302260675411667 0.9302260675411667 0.9302260675411667
8-111283515-T-C 0.9302260675411667 0.9302260675411667 0.9302260675411667 0.00010809642200837466 0.9302260675411667 0.9302260675411667 0.9302260675411667 0.9302260675411667 0.9302260675411667 0.9302260675411667 0.9302260675411667 0.9302260675411667 0.9302260675411667 0.9302260675411667 0.9302260675411667 0.9302260675411667 0.00010809642200837466 0.9302260675411667 0.9302260675411667 0.9302260675411667 0.9302260675411667 0.9302260675411667 0.9302260675411667 0.9302260675411667
14-7296067-A-G 0.9302260675411667 0.9302260675411667 0.9302260675411667 0.00010809642200837466 0.9302260675411667 0.9302260675411667 0.9302260675411667 0.9302260675411667 0.9302260675411667 0.9302260675411667 0.9302260675411667 0.9302260675411667 0.9302260675411667 0.9302260675411667 0.9302260675411667 0.9302260675411667 0.00010809642200837466 0.9302260675411667 0.9302260675411667 0.00010809642200837466 0.9302260675411667 0.9302260675411667 0.9302260675411667 0.9302260675411667
4-136675586-G-T 0.9302260675411667 0.9302260675411667 0.9302260675411667 0.9302260675411667 0.9302260675411667 0.9302260675411667 0.9302260675411667 0.9302260675411667 0.00010809642200837466 0.9302260675411667 0.00010809642200837466 0.9302260675411667 0.9302260675411667 0.9302260675411667 0.9302260675411667 0.9302260675411667 0.9302260675411667 0.9302260675411667 0.9302260675411667 0.9302260675411667 0.9302260675411667 0.9302260675411667 0.9302260675411667 0.9302260675411667
14-14767026-T-C 0.9302260675411667 0.00010809642200837466 0.9302260675411667 0.9302260675411667 0.9302260675411667 0.9302260675411667 0.00010809642200837466 0.9302260675411667 0.9302260675411667 0.9302260675411667 0.9302260675411667 0.9302260675411667 0.9302260675411667 0.9302260675411667 0.9302260675411667 0.9302260675411667 0.9302260675411667 0.9302260675411667 0.9302260675411667 0.9302260675411667 0.9302260675411667 0.9302260675411667 0.9302260675411667 0.9302260675411667
10-8298130-G-A 0.00010809642200837466 0.9302260675411667 0.9302260675411667 0.9302260675411667 0.9302260675411667 0.00010809642200837466 0.9302260675411667 0.9302260675411667 0.9302260675411667 0.9302260675411667 0.9302260675411667 0.9302260675411667 0.00010809642200837466 0.9302260675411667 0.9302260675411667 0.9302260675411667 0.9302260675411667 0.9302260675411667 0.9302260675411667 0.9302260675411667 0.9302260675411667 0.9302260675411667 0.9302260675411667 0.9302260675411667
1-86188734-A-G 0.9302260675411667 0.9302260675411667 0.9302260675411667 0.9302260675411667 0.9302260675411667 0.9302260675411667 0.9302260675411667 0.9302260675411667 0.9302260675411667 0.9302260675411667 0.9302260675411667 0.9302260675411667 0.9302260675411667 0.9302260675411667 0.9302260675411667 0.9302260675411667 0.9302260675411667 0.9302260675411667 0.00010809642200837466 0.9302260675411667 0.9302260675411667 0.00010809642200837466 0.9302260675411667 0.9302260675411667
5-124376385-T-A 0.00010809642200837466 0.9302260675411667 0.9302260675411667 0.9302260675411667 0.9302260675411667 0.9302260675411667 0.9302260675411667 0.9302260675411667 0.9302260675411667 0.9302260675411667 0.9302260675411667 0.9302260675411667 0.00010809642200837466 0.9302260675411667 0.9302260675411667 0.9302260675411667 0.9302260675411667 0.9302260675411667 0.9302260675411667 0.9302260675411667 0.9302260675411667 0.9302260675411667 0.9302260675411667 0.9302260675411667
2-105389114-G-C 0.9302260675411667 0.00010809642200837466 0.9302260675411667 0.9302260675411667 0.9302260675411667 0.9302260675411667 0.00010809642200837466 0.9302260675411667 0.9302260675411667 0.9302260675411667 0.9302260675411667 0.9302260675411667 0.9302260675411667 0.9302260675411667 0.9302260675411667 0.9302260675411667 0.9302260675411667 0.9302260675411667 0.9302260675411667 0.9302260675411667 0.9302260675411667 0.9302260675411667 0.9302260675411667 0.9302260675411667
5-24565974-T-C 0.9302260675411667 0.9302260675411667 0.9302260675411667 0.9302260675411667 0.9302260675411667 0.9302260675411667 0.9302260675411667 0.9302260675411667 0.00010809642200837466 0.9302260675411667 0.00010809642200837466 0.9302260675411667 0.9302260675411667 0.9302260675411667 0.9302260675411667 0.9302260675411667 0.9302260675411667 0.9302260675411667 0.9302260675411667 0.9302260675411667 0.9302260675411667 0.9302260675411667 0.9302260675411667 0.9302260675411667
5-44094374-C-A 0.9302260675411667 0.9302260675411667 0.9302260675411667 0.9302260675411667 0.9302260675411667 0.9302260675411667 0.9302260675411667 0.9302260675411667 0.9302260675411667 0.9302260675411667 0.9302260675411667 0.00010809642200837466 0.9302260675411667 0.9302260675411667 0.9302260675411667 0.9302260675411667 0.9302260675411667 0.9302260675411667 0.9302260675411667 0.9302260675411667 0.00010809642200837466 0.9302260675411667 0.9302260675411667 0.9302260675411667
5-72421988-C-T 0.9302260675411667 0.9302260675411667 0.9302260675411667 0.9302260675411667 0.9302260675411667 0.9302260675411667 0.00010809642200837466 0.9302260675411667 0.9302260675411667 0.9302260675411667 0.9302260675411667 0.9302260675411667 0.9302260675411667 0.9302260675411667 0.9302260675411667 0.00010809642200837466 0.9302260675411667 0.9302260675411667 0.9302260675411667 0.9302260675411667 0.9302260675411667 0.9302260675411667 0.9302260675411667 0.9302260675411667
8-66473700-A-T 0.00010809642200837466 0.9302260675411667 0.9302260675411667 0.9302260675411667 0.9302260675411667 0.00010809642200837466 0.9302260675411667 0.9302260675411667 0.00010809642200837466 0.9302260675411667 0.00010809642200837466 0.9302260675411667 0.00010809642200837466 0.9302260675411667 0.00010809642200837466 0.9302260675411667 0.9302260675411667 0.9302260675411667 0.9302260675411667 0.9302260675411667 0.9302260675411667 0.9302260675411667 0.00010809642200837466 0.9302260675411667
12-37398748-T-G 0.9302260675411667 0.9302260675411667 0.9302260675411667 0.9302260675411667 0.9302260675411667 0.9302260675411667 0.9302260675411667 0.9302260675411667 0.00010809642200837466 0.9302260675411667 0.00010809642200837466 0.9302260675411667 0.9302260675411667 0.9302260675411667 0.9302260675411667 0.9302260675411667 0.9302260675411667 0.9302260675411667 0.9302260675411667 0.9302260675411667 0.9302260675411667 0.9302260675411667 0.9302260675411667 0.9302260675411667
10-123118976-C-G 0.9302260675411667 0.9302260675411667 0.9302260675411667 0.9302260675411667 0.9302260675411667 0.9302260675411667 0.9302260675411667 0.9302260675411667 0.9302260675411667 0.9302260675411667 0.9302260675411667 0.00010809642200837466 0.9302260675411667 0.9302260675411667 0.9302260675411667 0.9302260675411667 0.9302260675411667 0.9302260675411667 0.9302260675411667 0.9302260675411667 0.00010809642200837466 0.9302260675411667 0.9302260675411667 0.9302260675411667
4-46170541-T-C 0.9302260675411667 0.00010809642200837466 0.9302260675411667 0.9302260675411667 0.9302260675411667 0.9302260675411667 0.00010809642200837466 0.9302260675411667 0.9302260675411667 0.9302260675411667 0.9302260675411667 0.9302260675411667 0.9302260675411667 0.9302260675411667 0.9302260675411667 0.9302260675411667 0.9302260675411667 0.9302260675411667 0.9302260675411667 0.9302260675411667 0.9302260675411667 0.9302260675411667 0.9302260675411667 0.9302260675411667
15-78791169-A-G 0.9302260675411667 0.9302260675411667 0.9302260675411667 0.9302260675411667 0.9302260675411667 0.9302260675411667 0.9302260675411667 0.9302260675411667 0.00010809642200837466 0.9302260675411667 0.00010809642200837466 0.9302260675411667 0.9302260675411667 0.9302260675411667 0.9302260675411667 0.9302260675411667 0.9302260675411667 0.9302260675411667 0.9302260675411667 0.9302260675411667 0.9302260675411667 0.9302260675411667 0.9302260675411667 0.9302260675411667
4-140583859-C-T 0.00010809642200837466 0.9302260675411667 0.9302260675411667 0.9302260675411667 0.9302260675411667 0.00010809642200837466 0.9302260675411667 0.9302260675411667 0.9302260675411667 0.9302260675411667 0.9302260675411667 0.9302260675411667 0.00010809642200837466 0.9302260675411667 0.9302260675411667 0.9302260675411667 0.9302260675411667 0.9302260675411667 0.9302260675411667 0.9302260675411667 0.9302260675411667 0.9302260675411667 0.9302260675411667 0.9302260675411667
11-58435386-T-C 0.9302260675411667 0.9302260675411667 0.9302260675411667 0.9302260675411667 0.9302260675411667 0.9302260675411667 0.9302260675411667 0.9302260675411667 0.00010809642200837466 0.9302260675411667 0.00010809642200837466 0.9302260675411667 0.9302260675411667 0.9302260675411667 0.9302260675411667 0.9302260675411667 0.9302260675411667 0.9302260675411667 0.9302260675411667 0.9302260675411667 0.9302260675411667 0.9302260675411667 0.9302260675411667 0.9302260675411667
15-47585790-A-C 0.9302260675411667 0.9302260675411667 0.9302260675411667 0.9302260675411667 0.9302260675411667 0.9302260675411667 0.9302260675411667 0.9302260675411667 0.00010809642200837466 0.9302260675411667 0.00010809642200837466 0.9302260675411667 0.9302260675411667 0.9302260675411667 0.9302260675411667 0.9302260675411667 0.9302260675411667 0.9302260675411667 0.9302260675411667 0.9302260675411667 0.9302260675411667 0.9302260675411667 0.9302260675411667 0.9302260675411667
19-12819251-T-A 0.9302260675411667 0.9302260675411667 0.9302260675411667 0.9302260675411667 0.9302260675411667 0.9302260675411667 0.9302260675411667 0.9302260675411667 0.9302260675411667 0.9302260675411667 0.9302260675411667 0.00010809642200837466 0.9302260675411667 0.9302260675411667 0.9302260675411667 0.9302260675411667 0.9302260675411667 0.9302260675411667 0.9302260675411667 0.9302260675411667 0.00010809642200837466 0.9302260675411667 0.9302260675411667 0.9302260675411667
7-108286485-C-T 0.9302260675411667 0.00010809642200837466 0.9302260675411667 0.9302260675411667 0.9302260675411667 0.9302260675411667 0.00010809642200837466 0.9302260675411667 0.9302260675411667 0.9302260675411667 0.9302260675411667 0.9302260675411667 0.9302260675411667 0.9302260675411667 0.9302260675411667 0.9302260675411667 0.9302260675411667 0.9302260675411667 0.9302260675411667 0.9302260675411667 0.9302260675411667 0.9302260675411667 0.9302260675411667 0.9302260675411667
10-121414414-C-A 0.9302260675411667 0.9302260675411667 0.9302260675411667 0.00010809642200837466 0.9302260675411667 0.9302260675411667 0.9302260675411667 0.9302260675411667 0.9302260675411667 0.9302260675411667 0.9302260675411667 0.9302260675411667 0.9302260675411667 0.9302260675411667 0.9302260675411667 0.9302260675411667 0.00010809642200837466 0.9302260675411667 0.9302260675411667 0.00010809642200837466 0.9302260675411667 0.9302260675411667 0.9302260675411667 0.9302260675411667
18-36962271-C-T 0.9302260675411667 0.9302260675411667 0.9302260675411667 0.9302260675411667 0.9302260675411667 0.9302260675411667 0.9302260675411667 0.9302260675411667 0.9302260675411667 0.9302260675411667 0.9302260675411667 0.00010809642200837466 0.9302260675411667 0.9302260675411667 0.9302260675411667 0.9302260675411667 0.9302260675411667 0.9302260675411667 0.9302260675411667 0.9302260675411667 0.00010809642200837466 0.9302260675411667 0.9302260675411667 0.9302260675411667
15-101892250-G-C 0.9302260675411667 0.00010809642200837466 0.00010809642200837466 0.00010809642200837466 0.00010809642200837466 0.9302260675411667 0.00010809642200837466 0.00010809642200837466 0.00010809642200837466 0.9302260675411667 0.00010809642200837466 0.00010809642200837466 0.9302260675411667 0.9302260675411667 0.9302260675411667 0.9302260675411667 0.00010809642200837466 0.9302260675411667 0.9302260675411667 0.00010809642200837466 0.00010809642200837466 0.9302260675411667 0.9302260675411667 0.9302260675411667
2-38644000-A-G 0.9302260675411667 0.00010809642200837466 0.9302260675411667 0.9302260675411667 0.9302260675411667 0.9302260675411667 0.00010809642200837466 0.9302260675411667 0.9302260675411667 0.9302260675411667 0.9302260675411667 0.9302260675411667 0.9302260675411667 0.9302260675411667 0.9302260675411667 0.9302260675411667 0.9302260675411667 0.9302260675411667 0.9302260675411667 0.9302260675411667 0.9302260675411667 0.9302260675411667 0.9302260675411667 0.9302260675411667
8-12994038-A-C 0.00010809642200837466 0.9302260675411667 0.9302260675411667 0.9302260675411667 0.9302260675411667 0.00010809642200837466 0.9302260675411667 0.9302260675411667 0.00010809642200837466 0.9302260675411667 0.00010809642200837466 0.9302260675411667 0.00010809642200837466 0.9302260675411667 0.00010809642200837466 0.9302260675411667 0.9302260675411667 0.9302260675411667 0.9302260675411667 0.9302260675411667 0.9302260675411667 0.9302260675411667 0.00010809642200837466 0.9302260675411667
6-124405053-A-G 0.9302260675411667 0.9302260675411667 0.9302260675411667 0.9302260675411667 0.9302260675411667 0.9302260675411667 0.9302260675411667 0.9302260675411667 0.00010809642200837466 0.9302260675411667 0.00010809642200837466 0.9302260675411667 0.9302260675411667 0.9302260675411667 0.9302260675411667 0.9302260675411667 0.9302260675411667 0.9302260675411667 0.9302260675411667 0.9302260675411667 0.9302260675411667 0.9302260675411667 0.9302260675411667 0.9302260675411667
6-117619341-G-A 0.9302260675411667 0.00010809642200837466 0.9302260675411667 0.9302260675411667 0.9302260675411667 0.9302260675411667 0.9302260675411667 0.9302260675411667 0.9302260675411667 0.00010809642200837466 0.9302260675411667 0.9302260675411667 0.9302260675411667 0.9302260675411667 0.9302260675411667 0.9302260675411667 0.9302260675411667 0.9302260675411667 0.9302260675411667 0.9302260675411667 0.9302260675411667 0.9302260675411667 0.9302260675411667 0.9302260675411667
10-3139416-C-T 0.9302260675411667 0.00010809642200837466 0.9302260675411667 0.9302260675411667 0.9302260675411667 0.9302260675411667 0.00010809642200837466 0.9302260675411667 0.9302260675411667 0.9302260675411667 0.9302260675411667 0.9302260675411667 0.9302260675411667 0.9302260675411667 0.9302260675411667 0.9302260675411667 0.9302260675411667 0.9302260675411667 0.9302260675411667 0.9302260675411667 0.9302260675411667 0.9302260675411667 0.9302260675411667 0.9302260675411667
4-40261598-T-C 0.9302260675411667 0.9302260675411667 0.9302260675411667 0.9302260675411667 0.9302260675411667 0.9302260675411667 0.9302260675411667 0.9302260675411667 0.9302260675411667 0.9302260675411667 0.9302260675411667 0.00010809642200837466 0.9302260675411667 0.9302260675411667 0.9302260675411667 0.9302260675411667 0.9302260675411667 0.9302260675411667 0.9302260675411667 0.9302260675411667 0.00010809642200837466 0.9302260675411667 0.9302260675411667 0.9302260675411667
17-35440165-G-A 0.9302260675411667 0.9302260675411667 0.9302260675411667 0.9302260675411667 0.9302260675411667 0.9302260675411667 0.9302260675411667 0.9302260675411667 0.9302260675411667 0.9302260675411667 0.9302260675411667 0.00010809642200837466 0.9302260675411667 0.9302260675411667 0.9302260675411667 0.9302260675411667 0.9302260675411667 0.9302260675411667 0.9302260675411667 0.9302260675411667 0.00010809642200837466 0.9302260675411667 0.9302260675411667 0.9302260675411667
9-72061608-C-A 0.9302260675411667 0.9302260675411667 0.9302260675411667 0.9302260675411667 0.9302260675411667 0.9302260675411667 0.9302260675411667 0.9302260675411667 0.9302260675411667 0.9302260675411667 0.9302260675411667 0.9302260675411667 0.9302260675411667 0.00010809642200837466 0.9302260675411667 0.9302260675411667 0.9302260675411667 0.9302260675411667 0.9302260675411667 0.9302260675411667 0.9302260675411667 0.9302260675411667 0.9302260675411667 0.00010809642200837466
9-3212769-G-A 0.9302260675411667 0.9302260675411667 0.9302260675411667 0.9302260675411667 0.9302260675411667 0.9302260675411667 0.9302260675411667 0.9302260675411667 0.9302260675411667 0.9302260675411667 0.9302260675411667 0.00010809642200837466 0.9302260675411667 0.9302260675411667 0.9302260675411667 0.9302260675411667 0.9302260675411667 0.9302260675411667 0.9302260675411667 0.9302260675411667 0.00010809642200837466 0.9302260675411667 0.9302260675411667 0.9302260675411667
3-32718703-T-G 0.9302260675411667 0.9302260675411667 0.9302260675411667 0.9302260675411667 0.9302260675411667 0.9302260675411667 0.9302260675411667 0.9302260675411667 0.00010809642200837466 0.9302260675411667 0.00010809642200837466 0.9302260675411667 0.9302260675411667 0.9302260675411667 0.9302260675411667 0.9302260675411667 0.9302260675411667 0.9302260675411667 0.9302260675411667 0.9302260675411667 0.9302260675411667 0.9302260675411667 0.9302260675411667 0.9302260675411667
16-81517675-T-C 0.00010809642200837466 0.9302260675411667 0.9302260675411667 0.9302260675411667 0.9302260675411667 0.00010809642200837466 0.9302260675411667 0.9302260675411667 0.9302260675411667 0.9302260675411667 0.9302260675411667 0.9302260675411667 0.00010809642200837466 0.9302260675411667 0.9302260675411667 0.9302260675411667 0.9302260675411667 0.9302260675411667 0.9302260675411667 0.9302260675411667 0.9302260675411667 0.9302260675411667 0.9302260675411667 0.9302260675411667
9-15610438-A-C 0.9302260675411667 0.9302260675411667 0.9302260675411667 0.9302260675411667 0.9302260675411667 0.9302260675411667 0.9302260675411667 0.9302260675411667 0.00010809642200837466 0.9302260675411667 0.00010809642200837466 0.9302260675411667 0.9302260675411667 0.9302260675411667 0.9302260675411667 0.9302260675411667 0.9302260675411667 0.9302260675411667 0.9302260675411667 0.9302260675411667 0.9302260675411667 0.9302260675411667 0.9302260675411667 0.9302260675411667
1-157601212-C-G 0.9302260675411667 0.9302260675411667 0.9302260675411667 0.00010809642200837466 0.9302260675411667 0.9302260675411667 0.9302260675411667 0.9302260675411667 0.9302260675411667 0.9302260675411667 0.9302260675411667 0.9302260675411667 0.9302260675411667 0.9302260675411667 0.9302260675411667 0.9302260675411667 0.00010809642200837466 0.9302260675411667 0.9302260675411667 0.00010809642200837466 0.9302260675411667 0.9302260675411667 0.9302260675411667 0.9302260675411667
5-107497711-T-A 0.00010809642200837466 0.00010809642200837466 0.00010809642200837466 0.00010809642200837466 0.00010809642200837466 0.00010809642200837466 0.00010809642200837466 0.00010809642200837466 0.00010809642200837466 0.00010809642200837466 0.00010809642200837466 0.00010809642200837466 0.00010809642200837466 0.00010809642200837466 0.00010809642200837466 0.00010809642200837466 0.00010809642200837466 0.00010809642200837466 0.00010809642200837466 0.00010809642200837466 0.00010809642200837466 0.9302260675411667 0.00010809642200837466 0.9302260675411667
2-76840198-G-A 0.00010809642200837466 0.00010809642200837466 0.00010809642200837466 0.00010809642200837466 0.00010809642200837466 0.00010809642200837466 0.00010809642200837466 0.00010809642200837466 0.00010809642200837466 0.00010809642200837466 0.00010809642200837466 0.9302260675411667 0.00010809642200837466 0.00010809642200837466 0.00010809642200837466 0.00010809642200837466 0.00010809642200837466 0.00010809642200837466 0.00010809642200837466 0.00010809642200837466 0.00010809642200837466 0.00010809642200837466 0.00010809642200837466 0.00010809642200837466
2-120773881-A-G 0.9302260675411667 0.00010809642200837466 0.9302260675411667 0.9302260675411667 0.9302260675411667 0.9302260675411667 0.00010809642200837466 0.9302260675411667 0.9302260675411667 0.9302260675411667 0.9302260675411667 0.9302260675411667 0.9302260675411667 0.9302260675411667 0.9302260675411667 0.9302260675411667 0.9302260675411667 0.9302260675411667 0.9302260675411667 0.9302260675411667 0.9302260675411667 0.9302260675411667 0.9302260675411667 0.9302260675411667
8-67502349-A-T 0.9302260675411667 0.9302260675411667 0.9302260675411667 0.00010809642200837466 0.9302260675411667 0.9302260675411667 0.9302260675411667 0.9302260675411667 0.9302260675411667 0.9302260675411667 0.9302260675411667 0.9302260675411667 0.9302260675411667 0.9302260675411667 0.9302260675411667 0.9302260675411667 0.00010809642200837466 0.9302260675411667 0.9302260675411667 0.00010809642200837466 0.9302260675411667 0.9302260675411667 0.9302260675411667 0.9302260675411667
10-128208907-C-G 0.00010809642200837466 0.9302260675411667 0.9302260675411667 0.9302260675411667 0.9302260675411667 0.00010809642200837466 0.9302260675411667 0.9302260675411667 0.00010809642200837466 0.9302260675411667 0.00010809642200837466 0.9302260675411667 0.00010809642200837466 0.9302260675411667 0.00010809642200837466 0.9302260675411667 0.9302260675411667 0.00010809642200837466 0.9302260675411667 0.9302260675411667 0.9302260675411667 0.9302260675411667 0.00010809642200837466 0.9302260675411667
7-93178968-T-G 0.9302260675411667 0.9302260675411667 0.9302260675411667 0.00010809642200837466 0.9302260675411667 0.9302260675411667 0.9302260675411667 0.9302260675411667 0.9302260675411667 0.9302260675411667 0.9302260675411667 0.9302260675411667 0.9302260675411667 0.9302260675411667 0.9302260675411667 0.9302260675411667 0.00010809642200837466 0.9302260675411667 0.9302260675411667 0.00010809642200837466 0.9302260675411667 0.9302260675411667 0.9302260675411667 0.9302260675411667
6-115812051-A-C 0.9302260675411667 0.00010809642200837466 0.9302260675411667 0.9302260675411667 0.9302260675411667 0.9302260675411667 0.00010809642200837466 0.9302260675411667 0.9302260675411667 0.9302260675411667 0.9302260675411667 0.9302260675411667 0.9302260675411667 0.9302260675411667 0.9302260675411667 0.9302260675411667 0.9302260675411667 0.9302260675411667 0.9302260675411667 0.9302260675411667 0.9302260675411667 0.9302260675411667 0.9302260675411667 0.9302260675411667
1-87881810-T-C 0.9302260675411667 0.9302260675411667 0.9302260675411667 0.9302260675411667 0.9302260675411667 0.9302260675411667 0.9302260675411667 0.9302260675411667 0.00010809642200837466 0.9302260675411667 0.00010809642200837466 0.9302260675411667 0.9302260675411667 0.9302260675411667 0.9302260675411667 0.9302260675411667 0.9302260675411667 0.9302260675411667 0.9302260675411667 0.9302260675411667 0.9302260675411667 0.9302260675411667 0.9302260675411667 0.9302260675411667
6-149362921-A-C 0.9302260675411667 0.9302260675411667 0.9302260675411667 0.9302260675411667 0.9302260675411667 0.9302260675411667 0.9302260675411667 0.9302260675411667 0.00010809642200837466 0.9302260675411667 0.00010809642200837466 0.9302260675411667 0.9302260675411667 0.9302260675411667 0.9302260675411667 0.9302260675411667 0.9302260675411667 0.9302260675411667 0.9302260675411667 0.9302260675411667 0.9302260675411667 0.9302260675411667 0.9302260675411667 0.9302260675411667
10-8298130-G-A 0.00010809642200837466 0.9302260675411667 0.9302260675411667 0.9302260675411667 0.9302260675411667 0.00010809642200837466 0.9302260675411667 0.9302260675411667 0.9302260675411667 0.9302260675411667 0.9302260675411667 0.9302260675411667 0.00010809642200837466 0.9302260675411667 0.9302260675411667 0.9302260675411667 0.9302260675411667 0.9302260675411667 0.9302260675411667 0.9302260675411667 0.9302260675411667 0.9302260675411667 0.9302260675411667 0.9302260675411667
6-124832930-C-T 0.9302260675411667 0.00010809642200837466 0.00010809642200837466 0.00010809642200837466 0.00010809642200837466 0.9302260675411667 0.00010809642200837466 0.00010809642200837466 0.00010809642200837466 0.00010809642200837466 0.00010809642200837466 0.00010809642200837466 0.9302260675411667 0.00010809642200837466 0.9302260675411667 0.00010809642200837466 0.00010809642200837466 0.00010809642200837466 0.00010809642200837466 0.00010809642200837466 0.00010809642200837466 0.00010809642200837466 0.00010809642200837466 0.00010809642200837466
13-50431616-G-T 0.9302260675411667 0.9302260675411667 0.9302260675411667 0.9302260675411667 0.9302260675411667 0.9302260675411667 0.9302260675411667 0.9302260675411667 0.00010809642200837466 0.9302260675411667 0.00010809642200837466 0.9302260675411667 0.9302260675411667 0.9302260675411667 0.9302260675411667 0.9302260675411667 0.9302260675411667 0.9302260675411667 0.9302260675411667 0.9302260675411667 0.9302260675411667 0.9302260675411667 0.9302260675411667 0.9302260675411667
6-64077045-T-A 0.00010809642200837466 0.9302260675411667 0.9302260675411667 0.9302260675411667 0.9302260675411667 0.00010809642200837466 0.9302260675411667 0.9302260675411667 0.9302260675411667 0.9302260675411667 0.9302260675411667 0.9302260675411667 0.00010809642200837466 0.9302260675411667 0.00010809642200837466 0.9302260675411667 0.9302260675411667 0.9302260675411667 0.9302260675411667 0.9302260675411667 0.9302260675411667 0.9302260675411667 0.00010809642200837466 0.9302260675411667
14-21010568-T-C 0.00010809642200837466 0.9302260675411667 0.9302260675411667 0.9302260675411667 0.9302260675411667 0.9302260675411667 0.9302260675411667 0.9302260675411667 0.9302260675411667 0.9302260675411667 0.9302260675411667 0.9302260675411667 0.00010809642200837466 0.9302260675411667 0.9302260675411667 0.9302260675411667 0.9302260675411667 0.9302260675411667 0.9302260675411667 0.9302260675411667 0.9302260675411667 0.9302260675411667 0.9302260675411667 0.9302260675411667
8-61006805-C-T 0.9302260675411667 0.9302260675411667 0.9302260675411667 0.9302260675411667 0.9302260675411667 0.9302260675411667 0.9302260675411667 0.9302260675411667 0.00010809642200837466 0.9302260675411667 0.00010809642200837466 0.9302260675411667 0.9302260675411667 0.9302260675411667 0.9302260675411667 0.9302260675411667 0.9302260675411667 0.9302260675411667 0.9302260675411667 0.9302260675411667 0.9302260675411667 0.9302260675411667 0.9302260675411667 0.9302260675411667
2-54732913-G-A 0.00010809642200837466 0.00010809642200837466 0.00010809642200837466 0.00010809642200837466 0.00010809642200837466 0.00010809642200837466 0.00010809642200837466 0.00010809642200837466 0.00010809642200837466 0.00010809642200837466 0.00010809642200837466 0.9302260675411667 0.00010809642200837466 0.00010809642200837466 0.00010809642200837466 0.00010809642200837466 0.00010809642200837466 0.00010809642200837466 0.00010809642200837466 0.00010809642200837466 0.00010809642200837466 0.00010809642200837466 0.00010809642200837466 0.00010809642200837466
3-157537651-A-C 0.9302260675411667 0.9302260675411667 0.9302260675411667 0.9302260675411667 0.9302260675411667 0.9302260675411667 0.9302260675411667 0.9302260675411667 0.00010809642200837466 0.9302260675411667 0.00010809642200837466 0.9302260675411667 0.9302260675411667 0.9302260675411667 0.9302260675411667 0.9302260675411667 0.9302260675411667 0.9302260675411667 0.9302260675411667 0.9302260675411667 0.9302260675411667 0.9302260675411667 0.9302260675411667 0.9302260675411667
8-40938173-C-G 0.00010809642200837466 0.9302260675411667 0.9302260675411667 0.9302260675411667 0.9302260675411667 0.9302260675411667 0.9302260675411667 0.9302260675411667 0.9302260675411667 0.9302260675411667 0.9302260675411667 0.9302260675411667 0.00010809642200837466 0.9302260675411667 0.9302260675411667 0.9302260675411667 0.9302260675411667 0.9302260675411667 0.9302260675411667 0.9302260675411667 0.9302260675411667 0.9302260675411667 0.9302260675411667 0.9302260675411667
14-119009062-T-C 0.00010809642200837466 0.00010809642200837466 0.00010809642200837466 0.00010809642200837466 0.00010809642200837466 0.00010809642200837466 0.00010809642200837466 0.00010809642200837466 0.00010809642200837466 0.00010809642200837466 0.9302260675411667 0.00010809642200837466 0.00010809642200837466 0.00010809642200837466 0.00010809642200837466 0.00010809642200837466 0.00010809642200837466 0.9302260675411667 0.00010809642200837466 0.00010809642200837466 0.00010809642200837466 0.00010809642200837466 0.00010809642200837466 0.00010809642200837466
7-142083848-C-G 0.9302260675411667 0.00010809642200837466 0.9302260675411667 0.9302260675411667 0.9302260675411667 0.9302260675411667 0.00010809642200837466 0.00010809642200837466 0.9302260675411667 0.00010809642200837466 0.9302260675411667 0.9302260675411667 0.9302260675411667 0.9302260675411667 0.9302260675411667 0.9302260675411667 0.9302260675411667 0.9302260675411667 0.9302260675411667 0.9302260675411667 0.9302260675411667 0.9302260675411667 0.9302260675411667 0.9302260675411667
3-45383405-T-A 0.9302260675411667 0.9302260675411667 0.9302260675411667 0.9302260675411667 0.9302260675411667 0.9302260675411667 0.9302260675411667 0.9302260675411667 0.00010809642200837466 0.9302260675411667 0.00010809642200837466 0.9302260675411667 0.9302260675411667 0.9302260675411667 0.9302260675411667 0.9302260675411667 0.9302260675411667 0.9302260675411667 0.9302260675411667 0.9302260675411667 0.9302260675411667 0.9302260675411667 0.9302260675411667 0.9302260675411667
5-136134446-C-G 0.00010809642200837466 0.00010809642200837466 0.00010809642200837466 0.00010809642200837466 0.00010809642200837466 0.00010809642200837466 0.00010809642200837466 0.00010809642200837466 0.00010809642200837466 0.00010809642200837466 0.00010809642200837466 0.9302260675411667 0.00010809642200837466 0.00010809642200837466 0.00010809642200837466 0.00010809642200837466 0.00010809642200837466 0.00010809642200837466 0.00010809642200837466 0.00010809642200837466 0.00010809642200837466 0.00010809642200837466 0.00010809642200837466 0.00010809642200837466
2-142712330-G-A 0.00010809642200837466 0.00010809642200837466 0.00010809642200837466 0.00010809642200837466 0.00010809642200837466 0.00010809642200837466 0.00010809642200837466 0.00010809642200837466 0.00010809642200837466 0.00010809642200837466 0.00010809642200837466 0.9302260675411667 0.00010809642200837466 0.00010809642200837466 0.00010809642200837466 0.00010809642200837466 0.00010809642200837466 0.00010809642200837466 0.00010809642200837466 0.00010809642200837466 0.00010809642200837466 0.00010809642200837466 0.00010809642200837466 0.00010809642200837466
1-128178979-A-C 0.9302260675411667 0.9302260675411667 0.9302260675411667 0.9302260675411667 0.9302260675411667 0.9302260675411667 0.9302260675411667 0.9302260675411667 0.9302260675411667 0.9302260675411667 0.9302260675411667 0.00010809642200837466 0.9302260675411667 0.9302260675411667 0.9302260675411667 0.9302260675411667 0.9302260675411667 0.9302260675411667 0.9302260675411667 0.9302260675411667 0.00010809642200837466 0.9302260675411667 0.9302260675411667 0.9302260675411667
17-57024205-T-C 0.9302260675411667 0.9302260675411667 0.00010809642200837466 0.9302260675411667 0.9302260675411667 0.9302260675411667 0.9302260675411667 0.9302260675411667 0.9302260675411667 0.9302260675411667 0.9302260675411667 0.00010809642200837466 0.9302260675411667 0.9302260675411667 0.9302260675411667 0.9302260675411667 0.9302260675411667 0.9302260675411667 0.00010809642200837466 0.9302260675411667 0.00010809642200837466 0.00010809642200837466 0.9302260675411667 0.9302260675411667
4-14811492-C-A 0.00010809642200837466 0.00010809642200837466 0.00010809642200837466 0.9302260675411667 0.00010809642200837466 0.00010809642200837466 0.00010809642200837466 0.9302260675411667 0.00010809642200837466 0.00010809642200837466 0.00010809642200837466 0.00010809642200837466 0.00010809642200837466 0.00010809642200837466 0.00010809642200837466 0.00010809642200837466 0.00010809642200837466 0.00010809642200837466 0.00010809642200837466 0.00010809642200837466 0.00010809642200837466 0.00010809642200837466 0.9302260675411667 0.00010809642200837466
8-3943974-A-G 0.9302260675411667 0.9302260675411667 0.9302260675411667 0.9302260675411667 0.9302260675411667 0.9302260675411667 0.9302260675411667 0.9302260675411667 0.00010809642200837466 0.9302260675411667 0.00010809642200837466 0.9302260675411667 0.9302260675411667 0.9302260675411667 0.9302260675411667 0.9302260675411667 0.9302260675411667 0.9302260675411667 0.9302260675411667 0.9302260675411667 0.9302260675411667 0.9302260675411667 0.9302260675411667 0.9302260675411667
17-33199842-C-T 0.9302260675411667 0.9302260675411667 0.9302260675411667 0.9302260675411667 0.9302260675411667 0.9302260675411667 0.9302260675411667 0.9302260675411667 0.00010809642200837466 0.9302260675411667 0.00010809642200837466 0.9302260675411667 0.9302260675411667 0.9302260675411667 0.9302260675411667 0.9302260675411667 0.9302260675411667 0.9302260675411667 0.9302260675411667 0.9302260675411667 0.9302260675411667 0.9302260675411667 0.9302260675411667 0.9302260675411667
14-67387895-A-G 0.00010809642200837466 0.00010809642200837466 0.00010809642200837466 0.00010809642200837466 0.00010809642200837466 0.00010809642200837466 0.00010809642200837466 0.00010809642200837466 0.00010809642200837466 0.00010809642200837466 0.9302260675411667 0.00010809642200837466 0.00010809642200837466 0.00010809642200837466 0.00010809642200837466 0.00010809642200837466 0.00010809642200837466 0.9302260675411667 0.00010809642200837466 0.00010809642200837466 0.00010809642200837466 0.00010809642200837466 0.00010809642200837466 0.00010809642200837466
12-37398748-T-G 0.9302260675411667 0.9302260675411667 0.9302260675411667 0.9302260675411667 0.9302260675411667 0.9302260675411667 0.9302260675411667 0.9302260675411667 0.00010809642200837466 0.9302260675411667 0.00010809642200837466 0.9302260675411667 0.9302260675411667 0.9302260675411667 0.9302260675411667 0.9302260675411667 0.9302260675411667 0.9302260675411667 0.9302260675411667 0.9302260675411667 0.9302260675411667 0.9302260675411667 0.9302260675411667 0.9302260675411667
3-140839579-C-T 0.00010809642200837466 0.9302260675411667 0.9302260675411667 0.9302260675411667 0.9302260675411667 0.00010809642200837466 0.9302260675411667 0.9302260675411667 0.9302260675411667 0.9302260675411667 0.9302260675411667 0.9302260675411667 0.00010809642200837466 0.9302260675411667 0.9302260675411667 0.9302260675411667 0.9302260675411667 0.9302260675411667 0.9302260675411667 0.9302260675411667 0.9302260675411667 0.9302260675411667 0.9302260675411667 0.9302260675411667
18-62510561-T-G 0.00010809642200837466 0.00010809642200837466 0.00010809642200837466 0.00010809642200837466 0.00010809642200837466 0.00010809642200837466 0.00010809642200837466 0.00010809642200837466 0.00010809642200837466 0.9302260675411667 0.00010809642200837466 0.00010809642200837466 0.00010809642200837466 0.00010809642200837466 0.00010809642200837466 0.00010809642200837466 0.00010809642200837466 0.00010809642200837466 0.00010809642200837466 0.00010809642200837466 0.00010809642200837466 0.00010809642200837466 0.00010809642200837466 0.00010809642200837466
1-72616669-G-A 0.00010809642200837466 0.9302260675411667 0.9302260675411667 0.9302260675411667 0.9302260675411667 0.00010809642200837466 0.9302260675411667 0.9302260675411667 0.9302260675411667 0.9302260675411667 0.9302260675411667 0.9302260675411667 0.00010809642200837466 0.9302260675411667 0.9302260675411667 0.9302260675411667 0.9302260675411667 0.9302260675411667 0.9302260675411667 0.9302260675411667 0.9302260675411667 0.9302260675411667 0.9302260675411667 0.9302260675411667
6-123202113-G-A 0.00010809642200837466 0.9302260675411667 0.9302260675411667 0.9302260675411667 0.9302260675411667 0.00010809642200837466 0.9302260675411667 0.9302260675411667 0.00010809642200837466 0.9302260675411667 0.00010809642200837466 0.9302260675411667 0.00010809642200837466 0.9302260675411667 0.00010809642200837466 0.9302260675411667 0.9302260675411667 0.9302260675411667 0.9302260675411667 0.9302260675411667 0.9302260675411667 0.9302260675411667 0.00010809642200837466 0.9302260675411667
17-47791850-C-A 0.9302260675411667 0.9302260675411667 0.9302260675411667 0.9302260675411667 0.9302260675411667 0.9302260675411667 0.9302260675411667 0.9302260675411667 0.9302260675411667 0.9302260675411667 0.9302260675411667 0.00010809642200837466 0.9302260675411667 0.9302260675411667 0.9302260675411667 0.9302260675411667 0.9302260675411667 0.9302260675411667 0.9302260675411667 0.9302260675411667 0.00010809642200837466 0.9302260675411667 0.9302260675411667 0.9302260675411667
18-73590795-A-G 0.9302260675411667 0.9302260675411667 0.9302260675411667 0.9302260675411667 0.9302260675411667 0.9302260675411667 0.9302260675411667 0.9302260675411667 0.00010809642200837466 0.9302260675411667 0.00010809642200837466 0.9302260675411667 0.9302260675411667 0.9302260675411667 0.9302260675411667 0.9302260675411667 0.9302260675411667 0.9302260675411667 0.9302260675411667 0.9302260675411667 0.9302260675411667 0.9302260675411667 0.9302260675411667 0.9302260675411667
5-67611014-T-C 0.9302260675411667 0.9302260675411667 0.9302260675411667 0.00010809642200837466 0.9302260675411667 0.9302260675411667 0.9302260675411667 0.9302260675411667 0.9302260675411667 0.9302260675411667 0.9302260675411667 0.9302260675411667 0.9302260675411667 0.9302260675411667 0.9302260675411667 0.9302260675411667 0.00010809642200837466 0.9302260675411667 0.9302260675411667 0.00010809642200837466 0.9302260675411667 0.9302260675411667 0.9302260675411667 0.9302260675411667
17-28958024-A-T 0.9302260675411667 0.9302260675411667 0.9302260675411667 0.9302260675411667 0.9302260675411667 0.9302260675411667 0.9302260675411667 0.9302260675411667 0.9302260675411667 0.9302260675411667 0.9302260675411667 0.9302260675411667 0.9302260675411667 0.00010809642200837466 0.9302260675411667 0.9302260675411667 0.9302260675411667 0.9302260675411667 0.9302260675411667 0.9302260675411667 0.9302260675411667 0.9302260675411667 0.9302260675411667 0.00010809642200837466
6-83004081-C-A 0.9302260675411667 0.00010809642200837466 0.00010809642200837466 0.00010809642200837466 0.00010809642200837466 0.9302260675411667 0.00010809642200837466 0.00010809642200837466 0.00010809642200837466 0.00010809642200837466 0.9302260675411667 0.9302260675411667 0.9302260675411667 0.00010809642200837466 0.9302260675411667 0.00010809642200837466 0.00010809642200837466 0.00010809642200837466 0.00010809642200837466 0.00010809642200837466 0.00010809642200837466 0.00010809642200837466 0.00010809642200837466 0.00010809642200837466
9-32254058-A-C 0.9302260675411667 0.00010809642200837466 0.9302260675411667 0.9302260675411667 0.9302260675411667 0.9302260675411667 0.00010809642200837466 0.00010809642200837466 0.9302260675411667 0.00010809642200837466 0.9302260675411667 0.9302260675411667 0.9302260675411667 0.9302260675411667 0.9302260675411667 0.9302260675411667 0.9302260675411667 0.9302260675411667 0.9302260675411667 0.9302260675411667 0.9302260675411667 0.9302260675411667 0.9302260675411667 0.9302260675411667
8-13090886-T-G 0.9302260675411667 0.9302260675411667 0.9302260675411667 0.00010809642200837466 0.9302260675411667 0.9302260675411667 0.9302260675411667 0.9302260675411667 0.9302260675411667 0.9302260675411667 0.9302260675411667 0.9302260675411667 0.9302260675411667 0.9302260675411667 0.9302260675411667 0.9302260675411667 0.00010809642200837466 0.9302260675411667 0.9302260675411667 0.00010809642200837466 0.9302260675411667 0.9302260675411667 0.9302260675411667 0.9302260675411667
4-104605273-T-C 0.9302260675411667 0.9302260675411667 0.9302260675411667 0.9302260675411667 0.9302260675411667 0.9302260675411667 0.9302260675411667 0.9302260675411667 0.00010809642200837466 0.9302260675411667 0.00010809642200837466 0.9302260675411667 0.9302260675411667 0.9302260675411667 0.9302260675411667 0.9302260675411667 0.9302260675411667 0.9302260675411667 0.9302260675411667 0.9302260675411667 0.9302260675411667 0.9302260675411667 0.9302260675411667 0.9302260675411667
5-146017534-T-C 0.9302260675411667 0.00010809642200837466 0.9302260675411667 0.9302260675411667 0.9302260675411667 0.9302260675411667 0.00010809642200837466 0.00010809642200837466 0.9302260675411667 0.00010809642200837466 0.9302260675411667 0.9302260675411667 0.9302260675411667 0.9302260675411667 0.9302260675411667 0.9302260675411667 0.9302260675411667 0.9302260675411667 0.9302260675411667 0.9302260675411667 0.9302260675411667 0.9302260675411667 0.9302260675411667 0.9302260675411667
15-47585790-A-C 0.9302260675411667 0.9302260675411667 0.9302260675411667 0.9302260675411667 0.9302260675411667 0.9302260675411667 0.9302260675411667 0.9302260675411667 0.00010809642200837466 0.9302260675411667 0.00010809642200837466 0.9302260675411667 0.9302260675411667 0.9302260675411667 0.9302260675411667 0.9302260675411667 0.9302260675411667 0.9302260675411667 0.9302260675411667 0.9302260675411667 0.9302260675411667 0.9302260675411667 0.9302260675411667 0.9302260675411667
17-85458122-T-G 0.00010809642200837466 0.9302260675411667 0.9302260675411667 0.9302260675411667 0.9302260675411667 0.9302260675411667 0.9302260675411667 0.9302260675411667 0.9302260675411667 0.9302260675411667 0.9302260675411667 0.9302260675411667 0.00010809642200837466 0.9302260675411667 0.9302260675411667 0.9302260675411667 0.9302260675411667 0.9302260675411667 0.9302260675411667 0.9302260675411667 0.9302260675411667 0.9302260675411667 0.9302260675411667 0.9302260675411667
9-49505360-A-G 0.9302260675411667 0.9302260675411667 0.9302260675411667 0.9302260675411667 0.9302260675411667 0.9302260675411667 0.9302260675411667 0.9302260675411667 0.00010809642200837466 0.00010809642200837466 0.00010809642200837466 0.9302260675411667 0.9302260675411667 0.9302260675411667 0.9302260675411667 0.9302260675411667 0.9302260675411667 0.9302260675411667 0.9302260675411667 0.9302260675411667 0.9302260675411667 0.9302260675411667 0.9302260675411667 0.9302260675411667
12-79239875-G-A 0.9302260675411667 0.9302260675411667 0.9302260675411667 0.00010809642200837466 0.9302260675411667 0.9302260675411667 0.9302260675411667 0.9302260675411667 0.9302260675411667 0.9302260675411667 0.9302260675411667 0.9302260675411667 0.9302260675411667 0.9302260675411667 0.9302260675411667 0.9302260675411667 0.00010809642200837466 0.9302260675411667 0.9302260675411667 0.00010809642200837466 0.9302260675411667 0.9302260675411667 0.9302260675411667 0.9302260675411667
4-144209723-A-T 0.9302260675411667 0.00010809642200837466 0.9302260675411667 0.9302260675411667 0.9302260675411667 0.9302260675411667 0.00010809642200837466 0.9302260675411667 0.9302260675411667 0.9302260675411667 0.9302260675411667 0.9302260675411667 0.9302260675411667 0.9302260675411667 0.9302260675411667 0.9302260675411667 0.9302260675411667 0.9302260675411667 0.9302260675411667 0.9302260675411667 0.9302260675411667 0.9302260675411667 0.9302260675411667 0.9302260675411667
15-102490853-T-C 0.9302260675411667 0.00010809642200837466 0.00010809642200837466 0.00010809642200837466 0.00010809642200837466 0.9302260675411667 0.00010809642200837466 0.00010809642200837466 0.00010809642200837466 0.9302260675411667 0.00010809642200837466 0.00010809642200837466 0.9302260675411667 0.9302260675411667 0.9302260675411667 0.9302260675411667 0.00010809642200837466 0.9302260675411667 0.9302260675411667 0.00010809642200837466 0.00010809642200837466 0.9302260675411667 0.9302260675411667 0.9302260675411667
6-91748307-T-C 0.00010809642200837466 0.9302260675411667 0.9302260675411667 0.9302260675411667 0.9302260675411667 0.00010809642200837466 0.9302260675411667 0.9302260675411667 0.9302260675411667 0.9302260675411667 0.9302260675411667 0.9302260675411667 0.00010809642200837466 0.9302260675411667 0.00010809642200837466 0.9302260675411667 0.9302260675411667 0.9302260675411667 0.9302260675411667 0.9302260675411667 0.9302260675411667 0.9302260675411667 0.9302260675411667 0.9302260675411667
14-47669966-T-C 0.00010809642200837466 0.00010809642200837466 0.00010809642200837466 0.00010809642200837466 0.00010809642200837466 0.00010809642200837466 0.00010809642200837466 0.00010809642200837466 0.9302260675411667 0.00010809642200837466 0.00010809642200837466 0.00010809642200837466 0.00010809642200837466 0.00010809642200837466 0.00010809642200837466 0.00010809642200837466 0.00010809642200837466 0.9302260675411667 0.00010809642200837466 0.00010809642200837466 0.00010809642200837466 0.00010809642200837466 0.00010809642200837466 0.00010809642200837466
2-83915614-G-A 0.00010809642200837466 0.00010809642200837466 0.00010809642200837466 0.00010809642200837466 0.00010809642200837466 0.00010809642200837466 0.00010809642200837466 0.00010809642200837466 0.00010809642200837466 0.00010809642200837466 0.00010809642200837466 0.9302260675411667 0.00010809642200837466 0.00010809642200837466 0.00010809642200837466 0.00010809642200837466 0.00010809642200837466 0.00010809642200837466 0.00010809642200837466 0.00010809642200837466 0.00010809642200837466 0.00010809642200837466 0.00010809642200837466 0.00010809642200837466
5-122880997-C-T 0.00010809642200837466 0.9302260675411667 0.9302260675411667 0.9302260675411667 0.9302260675411667 0.00010809642200837466 0.9302260675411667 0.9302260675411667 0.00010809642200837466 0.9302260675411667 0.00010809642200837466 0.9302260675411667 0.00010809642200837466 0.9302260675411667 0.00010809642200837466 0.9302260675411667 0.9302260675411667 0.00010809642200837466 0.9302260675411667 0.9302260675411667 0.9302260675411667 0.9302260675411667 0.00010809642200837466 0.9302260675411667
9-74148789-T-C 0.9302260675411667 0.9302260675411667 0.9302260675411667 0.9302260675411667 0.9302260675411667 0.9302260675411667 0.9302260675411667 0.9302260675411667 0.00010809642200837466 0.9302260675411667 0.00010809642200837466 0.9302260675411667 0.9302260675411667 0.9302260675411667 0.9302260675411667 0.9302260675411667 0.9302260675411667 0.9302260675411667 0.9302260675411667 0.9302260675411667 0.9302260675411667 0.9302260675411667 0.9302260675411667 0.9302260675411667
1-150413667-T-C 0.9302260675411667 0.00010809642200837466 0.9302260675411667 0.9302260675411667 0.9302260675411667 0.9302260675411667 0.00010809642200837466 0.9302260675411667 0.9302260675411667 0.9302260675411667 0.9302260675411667 0.9302260675411667 0.9302260675411667 0.9302260675411667 0.9302260675411667 0.9302260675411667 0.9302260675411667 0.9302260675411667 0.9302260675411667 0.9302260675411667 0.9302260675411667 0.9302260675411667 0.9302260675411667 0.9302260675411667
13-105109894-T-C 0.00010809642200837466 0.00010809642200837466 0.00010809642200837466 0.00010809642200837466 0.00010809642200837466 0.00010809642200837466 0.00010809642200837466 0.00010809642200837466 0.00010809642200837466 0.00010809642200837466 0.00010809642200837466 0.00010809642200837466 0.00010809642200837466 0.00010809642200837466 0.00010809642200837466 0.00010809642200837466 0.00010809642200837466 0.00010809642200837466 0.00010809642200837466 0.00010809642200837466 0.00010809642200837466 0.00010809642200837466 0.00010809642200837466 0.9302260675411667
2-163204638-G-C 0.9302260675411667 0.9302260675411667 0.9302260675411667 0.9302260675411667 0.9302260675411667 0.9302260675411667 0.9302260675411667 0.9302260675411667 0.00010809642200837466 0.9302260675411667 0.00010809642200837466 0.9302260675411667 0.9302260675411667 0.9302260675411667 0.9302260675411667 0.9302260675411667 0.9302260675411667 0.9302260675411667 0.9302260675411667 0.9302260675411667 0.9302260675411667 0.9302260675411667 0.9302260675411667 0.9302260675411667
4-115582295-A-G 0.9302260675411667 0.00010809642200837466 0.9302260675411667 0.9302260675411667 0.9302260675411667 0.9302260675411667 0.00010809642200837466 0.9302260675411667 0.9302260675411667 0.9302260675411667 0.9302260675411667 0.9302260675411667 0.9302260675411667 0.9302260675411667 0.9302260675411667 0.9302260675411667 0.9302260675411667 0.9302260675411667 0.9302260675411667 0.9302260675411667 0.9302260675411667 0.9302260675411667 0.9302260675411667 0.9302260675411667
3-132842741-G-A 0.9302260675411667 0.00010809642200837466 0.9302260675411667 0.00010809642200837466 0.00010809642200837466 0.9302260675411667 0.00010809642200837466 0.00010809642200837466 0.00010809642200837466 0.00010809642200837466 0.00010809642200837466 0.00010809642200837466 0.9302260675411667 0.9302260675411667 0.9302260675411667 0.00010809642200837466 0.00010809642200837466 0.00010809642200837466 0.9302260675411667 0.9302260675411667 0.00010809642200837466 0.00010809642200837466 0.9302260675411667 0.9302260675411667
18-67724384-G-C 0.00010809642200837466 0.9302260675411667 0.9302260675411667 0.9302260675411667 0.9302260675411667 0.9302260675411667 0.9302260675411667 0.9302260675411667 0.9302260675411667 0.9302260675411667 0.9302260675411667 0.9302260675411667 0.00010809642200837466 0.9302260675411667 0.9302260675411667 0.9302260675411667 0.9302260675411667 0.9302260675411667 0.9302260675411667 0.9302260675411667 0.9302260675411667 0.9302260675411667 0.9302260675411667 0.9302260675411667
11-70392813-G-A 0.9302260675411667 0.00010809642200837466 0.9302260675411667 0.9302260675411667 0.9302260675411667 0.9302260675411667 0.00010809642200837466 0.9302260675411667 0.9302260675411667 0.9302260675411667 0.9302260675411667 0.9302260675411667 0.9302260675411667 0.9302260675411667 0.9302260675411667 0.9302260675411667 0.9302260675411667 0.9302260675411667 0.9302260675411667 0.9302260675411667 0.9302260675411667 0.9302260675411667 0.9302260675411667 0.9302260675411667
9-115250919-C-T 0.9302260675411667 0.00010809642200837466 0.9302260675411667 0.9302260675411667 0.9302260675411667 0.9302260675411667 0.00010809642200837466 0.9302260675411667 0.9302260675411667 0.9302260675411667 0.9302260675411667 0.9302260675411667 0.9302260675411667 0.9302260675411667 0.9302260675411667 0.9302260675411667 0.9302260675411667 0.9302260675411667 0.9302260675411667 0.9302260675411667 0.9302260675411667 0.9302260675411667 0.9302260675411667 0.9302260675411667
19-39113995-A-T 0.9302260675411667 0.9302260675411667 0.9302260675411667 0.9302260675411667 0.9302260675411667 0.9302260675411667 0.9302260675411667 0.9302260675411667 0.00010809642200837466 0.9302260675411667 0.00010809642200837466 0.9302260675411667 0.9302260675411667 0.9302260675411667 0.9302260675411667 0.9302260675411667 0.9302260675411667 0.9302260675411667 0.9302260675411667 0.9302260675411667 0.9302260675411667 0.9302260675411667 0.9302260675411667 0.9302260675411667
7-46274488-C-T 0.9302260675411667 0.00010809642200837466 0.9302260675411667 0.9302260675411667 0.9302260675411667 0.9302260675411667 0.00010809642200837466 0.00010809642200837466 0.9302260675411667 0.00010809642200837466 0.9302260675411667 0.9302260675411667 0.9302260675411667 0.9302260675411667 0.9302260675411667 0.9302260675411667 0.9302260675411667 0.9302260675411667 0.9302260675411667 0.9302260675411667 0.9302260675411667 0.9302260675411667 0.9302260675411667 0.9302260675411667
2-88958383-G-A 0.00010809642200837466 0.9302260675411667 0.9302260675411667 0.9302260675411667 0.9302260675411667 0.00010809642200837466 0.9302260675411667 0.9302260675411667 0.00010809642200837466 0.9302260675411667 0.00010809642200837466 0.9302260675411667 0.00010809642200837466 0.9302260675411667 0.00010809642200837466 0.9302260675411667 0.9302260675411667 0.00010809642200837466 0.9302260675411667 0.9302260675411667 0.9302260675411667 0.9302260675411667 0.00010809642200837466 0.9302260675411667
5-20195088-A-T 0.00010809642200837466 0.00010809642200837466 0.00010809642200837466 0.00010809642200837466 0.00010809642200837466 0.9302260675411667 0.00010809642200837466 0.00010809642200837466 0.00010809642200837466 0.00010809642200837466 0.00010809642200837466 0.00010809642200837466 0.00010809642200837466 0.00010809642200837466 0.00010809642200837466 0.00010809642200837466 0.00010809642200837466 0.00010809642200837466 0.00010809642200837466 0.00010809642200837466 0.00010809642200837466 0.00010809642200837466 0.00010809642200837466 0.00010809642200837466
16-21958745-G-A 0.00010809642200837466 0.00010809642200837466 0.9302260675411667 0.00010809642200837466 0.9302260675411667 0.00010809642200837466 0.00010809642200837466 0.00010809642200837466 0.00010809642200837466 0.00010809642200837466 0.00010809642200837466 0.00010809642200837466 0.00010809642200837466 0.00010809642200837466 0.9302260675411667 0.00010809642200837466 0.00010809642200837466 0.00010809642200837466 0.00010809642200837466 0.00010809642200837466 0.00010809642200837466 0.00010809642200837466 0.00010809642200837466 0.00010809642200837466
2-83736468-A-C 0.9302260675411667 0.9302260675411667 0.9302260675411667 0.9302260675411667 0.9302260675411667 0.9302260675411667 0.9302260675411667 0.9302260675411667 0.00010809642200837466 0.9302260675411667 0.00010809642200837466 0.9302260675411667 0.9302260675411667 0.9302260675411667 0.9302260675411667 0.9302260675411667 0.9302260675411667 0.9302260675411667 0.9302260675411667 0.9302260675411667 0.9302260675411667 0.9302260675411667 0.9302260675411667 0.9302260675411667
1-36177502-A-G 0.9302260675411667 0.9302260675411667 0.9302260675411667 0.9302260675411667 0.9302260675411667 0.9302260675411667 0.9302260675411667 0.9302260675411667 0.9302260675411667 0.9302260675411667 0.9302260675411667 0.9302260675411667 0.9302260675411667 0.9302260675411667 0.9302260675411667 0.9302260675411667 0.9302260675411667 0.9302260675411667 0.00010809642200837466 0.9302260675411667 0.9302260675411667 0.00010809642200837466 0.9302260675411667 0.9302260675411667
11-69436416-C-G 0.00010809642200837466 0.9302260675411667 0.9302260675411667 0.9302260675411667 0.9302260675411667 0.00010809642200837466 0.9302260675411667 0.9302260675411667 0.9302260675411667 0.9302260675411667 0.9302260675411667 0.9302260675411667 0.00010809642200837466 0.9302260675411667 0.9302260675411667 0.9302260675411667 0.9302260675411667 0.9302260675411667 0.9302260675411667 0.9302260675411667 0.9302260675411667 0.9302260675411667 0.9302260675411667 0.9302260675411667
3-92320916-G-C 0.9302260675411667 0.00010809642200837466 0.00010809642200837466 0.00010809642200837466 0.00010809642200837466 0.9302260675411667 0.00010809642200837466 0.00010809642200837466 0.00010809642200837466 0.00010809642200837466 0.00010809642200837466 0.00010809642200837466 0.9302260675411667 0.9302260675411667 0.9302260675411667 0.00010809642200837466 0.00010809642200837466 0.00010809642200837466 0.9302260675411667 0.00010809642200837466 0.00010809642200837466 0.00010809642200837466 0.9302260675411667 0.9302260675411667
15-76247923-A-G 0.9302260675411667 0.9302260675411667 0.9302260675411667 0.9302260675411667 0.9302260675411667 0.9302260675411667 0.9302260675411667 0.9302260675411667 0.9302260675411667 0.9302260675411667 0.9302260675411667 0.00010809642200837466 0.9302260675411667 0.9302260675411667 0.9302260675411667 0.9302260675411667 0.9302260675411667 0.9302260675411667 0.9302260675411667 0.9302260675411667 0.00010809642200837466 0.9302260675411667 0.9302260675411667 0.9302260675411667
11-71217264-C-G 0.00010809642200837466 0.9302260675411667 0.9302260675411667 0.9302260675411667 0.9302260675411667 0.00010809642200837466 0.9302260675411667 0.9302260675411667 0.00010809642200837466 0.9302260675411667 0.00010809642200837466 0.9302260675411667 0.00010809642200837466 0.9302260675411667 0.00010809642200837466 0.9302260675411667 0.9302260675411667 0.00010809642200837466 0.9302260675411667 0.9302260675411667 0.9302260675411667 0.9302260675411667 0.00010809642200837466 0.9302260675411667
7-108286485-C-T 0.9302260675411667 0.00010809642200837466 0.9302260675411667 0.9302260675411667 0.9302260675411667 0.9302260675411667 0.00010809642200837466 0.9302260675411667 0.9302260675411667 0.9302260675411667 0.9302260675411667 0.9302260675411667 0.9302260675411667 0.9302260675411667 0.9302260675411667 0.9302260675411667 0.9302260675411667 0.9302260675411667 0.9302260675411667 0.9302260675411667 0.9302260675411667 0.9302260675411667 0.9302260675411667 0.9302260675411667
7-139921153-A-T 0.9302260675411667 0.00010809642200837466 0.9302260675411667 0.9302260675411667 0.9302260675411667 0.9302260675411667 0.00010809642200837466 0.00010809642200837466 0.9302260675411667 0.00010809642200837466 0.9302260675411667 0.9302260675411667 0.9302260675411667 0.9302260675411667 0.9302260675411667 0.9302260675411667 0.9302260675411667 0.9302260675411667 0.9302260675411667 0.9302260675411667 0.9302260675411667 0.9302260675411667 0.9302260675411667 0.9302260675411667
3-158036850-A-G 0.00010809642200837466 0.9302260675411667 0.00010809642200837466 0.00010809642200837466 0.00010809642200837466 0.00010809642200837466 0.00010809642200837466 0.9302260675411667 0.00010809642200837466 0.9302260675411667 0.00010809642200837466 0.00010809642200837466 0.00010809642200837466 0.00010809642200837466 0.9302260675411667 0.9302260675411667 0.00010809642200837466 0.9302260675411667 0.00010809642200837466 0.00010809642200837466 0.00010809642200837466 0.9302260675411667 0.00010809642200837466 0.00010809642200837466
1-58846628-T-A 0.9302260675411667 0.9302260675411667 0.9302260675411667 0.9302260675411667 0.9302260675411667 0.9302260675411667 0.9302260675411667 0.9302260675411667 0.00010809642200837466 0.9302260675411667 0.00010809642200837466 0.9302260675411667 0.9302260675411667 0.9302260675411667 0.9302260675411667 0.9302260675411667 0.9302260675411667 0.9302260675411667 0.9302260675411667 0.9302260675411667 0.9302260675411667 0.9302260675411667 0.9302260675411667 0.9302260675411667
7-105314564-T-G 0.9302260675411667 0.00010809642200837466 0.9302260675411667 0.9302260675411667 0.9302260675411667 0.9302260675411667 0.00010809642200837466 0.9302260675411667 0.9302260675411667 0.9302260675411667 0.9302260675411667 0.9302260675411667 0.9302260675411667 0.9302260675411667 0.9302260675411667 0.9302260675411667 0.9302260675411667 0.9302260675411667 0.9302260675411667 0.9302260675411667 0.9302260675411667 0.9302260675411667 0.9302260675411667 0.9302260675411667
16-36736793-A-C 0.9302260675411667 0.9302260675411667 0.9302260675411667 0.9302260675411667 0.9302260675411667 0.9302260675411667 0.9302260675411667 0.9302260675411667 0.9302260675411667 0.9302260675411667 0.9302260675411667 0.9302260675411667 0.9302260675411667 0.00010809642200837466 0.9302260675411667 0.9302260675411667 0.9302260675411667 0.9302260675411667 0.9302260675411667 0.9302260675411667 0.9302260675411667 0.9302260675411667 0.9302260675411667 0.00010809642200837466
7-123152126-T-C 0.00010809642200837466 0.9302260675411667 0.9302260675411667 0.9302260675411667 0.9302260675411667 0.9302260675411667 0.9302260675411667 0.9302260675411667 0.9302260675411667 0.9302260675411667 0.9302260675411667 0.9302260675411667 0.9302260675411667 0.9302260675411667 0.9302260675411667 0.9302260675411667 0.9302260675411667 0.9302260675411667 0.9302260675411667 0.00010809642200837466 0.9302260675411667 0.9302260675411667 0.9302260675411667 0.9302260675411667
9-79841482-G-T 0.9302260675411667 0.00010809642200837466 0.00010809642200837466 0.00010809642200837466 0.00010809642200837466 0.00010809642200837466 0.00010809642200837466 0.00010809642200837466 0.00010809642200837466 0.00010809642200837466 0.00010809642200837466 0.00010809642200837466 0.00010809642200837466 0.00010809642200837466 0.00010809642200837466 0.00010809642200837466 0.9302260675411667 0.00010809642200837466 0.9302260675411667 0.00010809642200837466 0.00010809642200837466 0.00010809642200837466 0.00010809642200837466 0.00010809642200837466
3-75052508-T-C 0.9302260675411667 0.9302260675411667 0.9302260675411667 0.9302260675411667 0.9302260675411667 0.9302260675411667 0.9302260675411667 0.9302260675411667 0.00010809642200837466 0.9302260675411667 0.00010809642200837466 0.9302260675411667 0.9302260675411667 0.9302260675411667 0.9302260675411667 0.9302260675411667 0.9302260675411667 0.9302260675411667 0.9302260675411667 0.9302260675411667 0.9302260675411667 0.9302260675411667 0.9302260675411667 0.9302260675411667
14-7008514-G-T 0.00010809642200837466 0.00010809642200837466 0.00010809642200837466 0.00010809642200837466 0.00010809642200837466 0.00010809642200837466 0.00010809642200837466 0.00010809642200837466 0.00010809642200837466 0.00010809642200837466 0.00010809642200837466 0.00010809642200837466 0.00010809642200837466 0.00010809642200837466 0.00010809642200837466 0.00010809642200837466 0.00010809642200837466 0.9302260675411667 0.00010809642200837466 0.00010809642200837466 0.00010809642200837466 0.00010809642200837466 0.00010809642200837466 0.00010809642200837466
4-139349133-C-G 0.00010809642200837466 0.9302260675411667 0.9302260675411667 0.9302260675411667 0.9302260675411667 0.00010809642200837466 0.9302260675411667 0.9302260675411667 0.9302260675411667 0.9302260675411667 0.9302260675411667 0.9302260675411667 0.00010809642200837466 0.9302260675411667 0.9302260675411667 0.9302260675411667 0.9302260675411667 0.9302260675411667 0.9302260675411667 0.9302260675411667 0.9302260675411667 0.9302260675411667 0.9302260675411667 0.9302260675411667
4-18009825-T-C 0.00010809642200837466 0.9302260675411667 0.9302260675411667 0.9302260675411667 0.9302260675411667 0.00010809642200837466 0.9302260675411667 0.9302260675411667 0.9302260675411667 0.9302260675411667 0.9302260675411667 0.9302260675411667 0.00010809642200837466 0.9302260675411667 0.00010809642200837466 0.9302260675411667 0.9302260675411667 0.9302260675411667 0.9302260675411667 0.9302260675411667 0.9302260675411667 0.9302260675411667 0.00010809642200837466 0.9302260675411667
4-45317952-T-C 0.00010809642200837466 0.9302260675411667 0.9302260675411667 0.9302260675411667 0.9302260675411667 0.9302260675411667 0.9302260675411667 0.9302260675411667 0.9302260675411667 0.9302260675411667 0.9302260675411667 0.9302260675411667 0.00010809642200837466 0.9302260675411667 0.9302260675411667 0.9302260675411667 0.9302260675411667 0.9302260675411667 0.9302260675411667 0.9302260675411667 0.9302260675411667 0.9302260675411667 0.9302260675411667 0.9302260675411667
15-76189075-T-C 0.9302260675411667 0.00010809642200837466 0.9302260675411667 0.9302260675411667 0.9302260675411667 0.9302260675411667 0.00010809642200837466 0.9302260675411667 0.9302260675411667 0.9302260675411667 0.9302260675411667 0.9302260675411667 0.9302260675411667 0.9302260675411667 0.9302260675411667 0.9302260675411667 0.9302260675411667 0.9302260675411667 0.9302260675411667 0.9302260675411667 0.9302260675411667 0.9302260675411667 0.9302260675411667 0.9302260675411667
16-5049899-G-C 0.9302260675411667 0.9302260675411667 0.9302260675411667 0.00010809642200837466 0.9302260675411667 0.9302260675411667 0.9302260675411667 0.9302260675411667 0.9302260675411667 0.9302260675411667 0.9302260675411667 0.9302260675411667 0.9302260675411667 0.9302260675411667 0.9302260675411667 0.9302260675411667 0.00010809642200837466 0.9302260675411667 0.9302260675411667 0.00010809642200837466 0.9302260675411667 0.9302260675411667 0.9302260675411667 0.9302260675411667
18-6226302-T-C 0.9302260675411667 0.00010809642200837466 0.9302260675411667 0.9302260675411667 0.9302260675411667 0.9302260675411667 0.00010809642200837466 0.9302260675411667 0.9302260675411667 0.9302260675411667 0.9302260675411667 0.9302260675411667 0.9302260675411667 0.9302260675411667 0.9302260675411667 0.9302260675411667 0.9302260675411667 0.9302260675411667 0.9302260675411667 0.9302260675411667 0.9302260675411667 0.9302260675411667 0.9302260675411667 0.9302260675411667
14-8644365-T-G 0.00010809642200837466 0.00010809642200837466 0.00010809642200837466 0.00010809642200837466 0.00010809642200837466 0.00010809642200837466 0.00010809642200837466 0.00010809642200837466 0.00010809642200837466 0.00010809642200837466 0.00010809642200837466 0.00010809642200837466 0.00010809642200837466 0.00010809642200837466 0.00010809642200837466 0.00010809642200837466 0.00010809642200837466 0.9302260675411667 0.00010809642200837466 0.00010809642200837466 0.00010809642200837466 0.00010809642200837466 0.00010809642200837466 0.00010809642200837466
7-110029586-A-G 0.00010809642200837466 0.9302260675411667 0.9302260675411667 0.9302260675411667 0.9302260675411667 0.00010809642200837466 0.9302260675411667 0.9302260675411667 0.9302260675411667 0.9302260675411667 0.9302260675411667 0.9302260675411667 0.00010809642200837466 0.9302260675411667 0.00010809642200837466 0.9302260675411667 0.9302260675411667 0.9302260675411667 0.9302260675411667 0.9302260675411667 0.9302260675411667 0.9302260675411667 0.9302260675411667 0.9302260675411667
6-130364390-A-C 0.00010809642200837466 0.00010809642200837466 0.00010809642200837466 0.00010809642200837466 0.00010809642200837466 0.00010809642200837466 0.00010809642200837466 0.00010809642200837466 0.9302260675411667 0.00010809642200837466 0.9302260675411667 0.00010809642200837466 0.00010809642200837466 0.00010809642200837466 0.00010809642200837466 0.00010809642200837466 0.00010809642200837466 0.00010809642200837466 0.00010809642200837466 0.00010809642200837466 0.00010809642200837466 0.00010809642200837466 0.00010809642200837466 0.00010809642200837466
14-7296067-A-G 0.9302260675411667 0.9302260675411667 0.9302260675411667 0.00010809642200837466 0.9302260675411667 0.9302260675411667 0.9302260675411667 0.9302260675411667 0.9302260675411667 0.9302260675411667 0.9302260675411667 0.9302260675411667 0.9302260675411667 0.9302260675411667 0.9302260675411667 0.9302260675411667 0.00010809642200837466 0.9302260675411667 0.9302260675411667 0.00010809642200837466 0.9302260675411667 0.9302260675411667 0.9302260675411667 0.9302260675411667
19-56381524-T-G 0.9302260675411667 0.9302260675411667 0.9302260675411667 0.9302260675411667 0.9302260675411667 0.9302260675411667 0.9302260675411667 0.9302260675411667 0.00010809642200837466 0.9302260675411667 0.00010809642200837466 0.9302260675411667 0.9302260675411667 0.9302260675411667 0.9302260675411667 0.9302260675411667 0.9302260675411667 0.9302260675411667 0.9302260675411667 0.9302260675411667 0.9302260675411667 0.9302260675411667 0.9302260675411667 0.9302260675411667
5-140295968-T-G 0.00010809642200837466 0.00010809642200837466 0.00010809642200837466 0.00010809642200837466 0.00010809642200837466 0.00010809642200837466 0.00010809642200837466 0.00010809642200837466 0.00010809642200837466 0.00010809642200837466 0.00010809642200837466 0.9302260675411667 0.00010809642200837466 0.00010809642200837466 0.00010809642200837466 0.00010809642200837466 0.00010809642200837466 0.00010809642200837466 0.00010809642200837466 0.00010809642200837466 0.00010809642200837466 0.00010809642200837466 0.00010809642200837466 0.9302260675411667
19-34231656-A-T 0.9302260675411667 0.9302260675411667 0.9302260675411667 0.9302260675411667 0.9302260675411667 0.9302260675411667 0.9302260675411667 0.9302260675411667 0.9302260675411667 0.9302260675411667 0.9302260675411667 0.00010809642200837466 0.9302260675411667 0.9302260675411667 0.9302260675411667 0.9302260675411667 0.9302260675411667 0.9302260675411667 0.9302260675411667 0.9302260675411667 0.00010809642200837466 0.9302260675411667 0.9302260675411667 0.9302260675411667
17-36187592-G-T 0.00010809642200837466 0.9302260675411667 0.9302260675411667 0.9302260675411667 0.9302260675411667 0.9302260675411667 0.9302260675411667 0.9302260675411667 0.9302260675411667 0.9302260675411667 0.9302260675411667 0.9302260675411667 0.00010809642200837466 0.9302260675411667 0.9302260675411667 0.9302260675411667 0.9302260675411667 0.9302260675411667 0.9302260675411667 0.9302260675411667 0.9302260675411667 0.9302260675411667 0.9302260675411667 0.9302260675411667
2-82990673-A-G 0.00010809642200837466 0.00010809642200837466 0.00010809642200837466 0.00010809642200837466 0.00010809642200837466 0.00010809642200837466 0.00010809642200837466 0.00010809642200837466 0.00010809642200837466 0.00010809642200837466 0.00010809642200837466 0.9302260675411667 0.00010809642200837466 0.00010809642200837466 0.00010809642200837466 0.00010809642200837466 0.00010809642200837466 0.00010809642200837466 0.00010809642200837466 0.00010809642200837466 0.00010809642200837466 0.00010809642200837466 0.00010809642200837466 0.00010809642200837466
2-102832406-C-A 0.00010809642200837466 0.9302260675411667 0.9302260675411667 0.9302260675411667 0.9302260675411667 0.00010809642200837466 0.9302260675411667 0.9302260675411667 0.9302260675411667 0.9302260675411667 0.9302260675411667 0.9302260675411667 0.00010809642200837466 0.9302260675411667 0.9302260675411667 0.9302260675411667 0.9302260675411667 0.9302260675411667 0.9302260675411667 0.9302260675411667 0.9302260675411667 0.9302260675411667 0.9302260675411667 0.9302260675411667
6-116256420-T-C 0.9302260675411667 0.00010809642200837466 0.00010809642200837466 0.00010809642200837466 0.00010809642200837466 0.9302260675411667 0.00010809642200837466 0.00010809642200837466 0.00010809642200837466 0.00010809642200837466 0.00010809642200837466 0.00010809642200837466 0.9302260675411667 0.00010809642200837466 0.9302260675411667 0.00010809642200837466 0.00010809642200837466 0.00010809642200837466 0.00010809642200837466 0.00010809642200837466 0.00010809642200837466 0.00010809642200837466 0.00010809642200837466 0.00010809642200837466
5-86182142-T-G 0.00010809642200837466 0.00010809642200837466 0.00010809642200837466 0.00010809642200837466 0.00010809642200837466 0.00010809642200837466 0.00010809642200837466 0.00010809642200837466 0.00010809642200837466 0.00010809642200837466 0.00010809642200837466 0.00010809642200837466 0.00010809642200837466 0.00010809642200837466 0.00010809642200837466 0.00010809642200837466 0.00010809642200837466 0.00010809642200837466 0.00010809642200837466 0.00010809642200837466 0.00010809642200837466 0.00010809642200837466 0.00010809642200837466 0.9302260675411667
7-14768396-T-A 0.9302260675411667 0.9302260675411667 0.9302260675411667 0.00010809642200837466 0.9302260675411667 0.9302260675411667 0.9302260675411667 0.9302260675411667 0.9302260675411667 0.9302260675411667 0.9302260675411667 0.9302260675411667 0.9302260675411667 0.9302260675411667 0.9302260675411667 0.9302260675411667 0.00010809642200837466 0.9302260675411667 0.9302260675411667 0.00010809642200837466 0.9302260675411667 0.9302260675411667 0.9302260675411667 0.9302260675411667
17-6956304-T-G 0.9302260675411667 0.9302260675411667 0.9302260675411667 0.9302260675411667 0.9302260675411667 0.9302260675411667 0.9302260675411667 0.9302260675411667 0.9302260675411667 0.9302260675411667 0.9302260675411667 0.00010809642200837466 0.9302260675411667 0.9302260675411667 0.9302260675411667 0.9302260675411667 0.9302260675411667 0.9302260675411667 0.9302260675411667 0.9302260675411667 0.00010809642200837466 0.9302260675411667 0.9302260675411667 0.9302260675411667
2-76840198-G-A 0.00010809642200837466 0.00010809642200837466 0.00010809642200837466 0.00010809642200837466 0.00010809642200837466 0.00010809642200837466 0.00010809642200837466 0.00010809642200837466 0.00010809642200837466 0.00010809642200837466 0.00010809642200837466 0.9302260675411667 0.00010809642200837466 0.00010809642200837466 0.00010809642200837466 0.00010809642200837466 0.00010809642200837466 0.00010809642200837466 0.00010809642200837466 0.00010809642200837466 0.00010809642200837466 0.00010809642200837466 0.00010809642200837466 0.00010809642200837466
17-86120589-A-G 0.9302260675411667 0.00010809642200837466 0.9302260675411667 0.9302260675411667 0.9302260675411667 0.9302260675411667 0.00010809642200837466 0.9302260675411667 0.9302260675411667 0.9302260675411667 0.9302260675411667 0.9302260675411667 0.9302260675411667 0.9302260675411667 0.9302260675411667 0.9302260675411667 0.9302260675411667 0.9302260675411667 0.9302260675411667 0.9302260675411667 0.9302260675411667 0.9302260675411667 0.9302260675411667 0.9302260675411667
5-139718172-T-C 0.9302260675411667 0.9302260675411667 0.9302260675411667 0.00010809642200837466 0.9302260675411667 0.9302260675411667 0.9302260675411667 0.9302260675411667 0.9302260675411667 0.9302260675411667 0.9302260675411667 0.9302260675411667 0.9302260675411667 0.9302260675411667 0.9302260675411667 0.9302260675411667 0.00010809642200837466 0.9302260675411667 0.9302260675411667 0.00010809642200837466 0.9302260675411667 0.9302260675411667 0.9302260675411667 0.9302260675411667
2-31592563-A-G 0.00010809642200837466 0.9302260675411667 0.9302260675411667 0.9302260675411667 0.9302260675411667 0.9302260675411667 0.9302260675411667 0.9302260675411667 0.9302260675411667 0.9302260675411667 0.9302260675411667 0.9302260675411667 0.00010809642200837466 0.9302260675411667 0.9302260675411667 0.9302260675411667 0.9302260675411667 0.9302260675411667 0.9302260675411667 0.9302260675411667 0.9302260675411667 0.9302260675411667 0.9302260675411667 0.9302260675411667
3-134967080-T-G 0.9302260675411667 0.00010809642200837466 0.9302260675411667 0.00010809642200837466 0.00010809642200837466 0.9302260675411667 0.00010809642200837466 0.00010809642200837466 0.00010809642200837466 0.00010809642200837466 0.00010809642200837466 0.00010809642200837466 0.9302260675411667 0.9302260675411667 0.9302260675411667 0.00010809642200837466 0.00010809642200837466 0.00010809642200837466 0.9302260675411667 0.9302260675411667 0.00010809642200837466 0.00010809642200837466 0.9302260675411667 0.9302260675411667
10-107686444-A-G 0.00010809642200837466 0.9302260675411667 0.9302260675411667 0.9302260675411667 0.9302260675411667 0.00010809642200837466 0.9302260675411667 0.9302260675411667 0.9302260675411667 0.9302260675411667 0.9302260675411667 0.9302260675411667 0.00010809642200837466 0.9302260675411667 0.00010809642200837466 0.9302260675411667 0.9302260675411667 0.9302260675411667 0.9302260675411667 0.9302260675411667 0.9302260675411667 0.9302260675411667 0.9302260675411667 0.9302260675411667
1-166294703-A-G 0.9302260675411667 0.9302260675411667 0.9302260675411667 0.9302260675411667 0.9302260675411667 0.9302260675411667 0.9302260675411667 0.9302260675411667 0.00010809642200837466 0.9302260675411667 0.00010809642200837466 0.9302260675411667 0.9302260675411667 0.9302260675411667 0.9302260675411667 0.9302260675411667 0.9302260675411667 0.9302260675411667 0.9302260675411667 0.9302260675411667 0.9302260675411667 0.9302260675411667 0.9302260675411667 0.9302260675411667
7-27658465-G-A 0.9302260675411667 0.9302260675411667 0.9302260675411667 0.9302260675411667 0.9302260675411667 0.9302260675411667 0.9302260675411667 0.9302260675411667 0.00010809642200837466 0.9302260675411667 0.00010809642200837466 0.9302260675411667 0.9302260675411667 0.9302260675411667 0.9302260675411667 0.9302260675411667 0.9302260675411667 0.9302260675411667 0.9302260675411667 0.9302260675411667 0.9302260675411667 0.9302260675411667 0.9302260675411667 0.9302260675411667
9-65054724-A-T 0.9302260675411667 0.9302260675411667 0.9302260675411667 0.00010809642200837466 0.9302260675411667 0.9302260675411667 0.9302260675411667 0.9302260675411667 0.9302260675411667 0.9302260675411667 0.9302260675411667 0.9302260675411667 0.9302260675411667 0.9302260675411667 0.9302260675411667 0.9302260675411667 0.00010809642200837466 0.9302260675411667 0.9302260675411667 0.00010809642200837466 0.9302260675411667 0.9302260675411667 0.9302260675411667 0.9302260675411667
8-96576313-C-A 0.00010809642200837466 0.00010809642200837466 0.00010809642200837466 0.00010809642200837466 0.00010809642200837466 0.00010809642200837466 0.00010809642200837466 0.00010809642200837466 0.00010809642200837466 0.00010809642200837466 0.00010809642200837466 0.00010809642200837466 0.00010809642200837466 0.00010809642200837466 0.00010809642200837466 0.00010809642200837466 0.00010809642200837466 0.00010809642200837466 0.9302260675411667 0.00010809642200837466 0.00010809642200837466 0.00010809642200837466 0.00010809642200837466 0.00010809642200837466
7-123181613-G-T 0.9302260675411667 0.9302260675411667 0.9302260675411667 0.00010809642200837466 0.9302260675411667 0.9302260675411667 0.9302260675411667 0.9302260675411667 0.9302260675411667 0.9302260675411667 0.9302260675411667 0.9302260675411667 0.9302260675411667 0.9302260675411667 0.9302260675411667 0.9302260675411667 0.00010809642200837466 0.9302260675411667 0.9302260675411667 0.00010809642200837466 0.9302260675411667 0.9302260675411667 0.9302260675411667 0.9302260675411667
10-40005864-G-C 0.00010809642200837466 0.00010809642200837466 0.00010809642200837466 0.00010809642200837466 0.00010809642200837466 0.00010809642200837466 0.00010809642200837466 0.00010809642200837466 0.9302260675411667 0.00010809642200837466 0.00010809642200837466 0.00010809642200837466 0.00010809642200837466 0.9302260675411667 0.00010809642200837466 0.00010809642200837466 0.9302260675411667 0.00010809642200837466 0.00010809642200837466 0.00010809642200837466 0.00010809642200837466 0.00010809642200837466 0.00010809642200837466 0.00010809642200837466
13-24856736-G-A 0.9302260675411667 0.9302260675411667 0.9302260675411667 0.9302260675411667 0.9302260675411667 0.9302260675411667 0.9302260675411667 0.9302260675411667 0.00010809642200837466 0.9302260675411667 0.00010809642200837466 0.9302260675411667 0.9302260675411667 0.9302260675411667 0.9302260675411667 0.9302260675411667 0.9302260675411667 0.9302260675411667 0.9302260675411667 0.9302260675411667 0.9302260675411667 0.9302260675411667 0.9302260675411667 0.9302260675411667
10-88570697-T-C 0.9302260675411667 0.9302260675411667 0.9302260675411667 0.9302260675411667 0.9302260675411667 0.9302260675411667 0.9302260675411667 0.9302260675411667 0.9302260675411667 0.9302260675411667 0.9302260675411667 0.00010809642200837466 0.9302260675411667 0.9302260675411667 0.9302260675411667 0.9302260675411667 0.9302260675411667 0.9302260675411667 0.9302260675411667 0.9302260675411667 0.00010809642200837466 0.9302260675411667 0.9302260675411667 0.9302260675411667
11-34402699-T-C 0.9302260675411667 0.9302260675411667 0.9302260675411667 0.9302260675411667 0.9302260675411667 0.9302260675411667 0.9302260675411667 0.9302260675411667 0.00010809642200837466 0.9302260675411667 0.00010809642200837466 0.9302260675411667 0.9302260675411667 0.9302260675411667 0.9302260675411667 0.9302260675411667 0.9302260675411667 0.9302260675411667 0.9302260675411667 0.9302260675411667 0.9302260675411667 0.9302260675411667 0.9302260675411667 0.9302260675411667
1-135870315-G-A 0.00010809642200837466 0.00010809642200837466 0.00010809642200837466 0.00010809642200837466 0.00010809642200837466 0.00010809642200837466 0.00010809642200837466 0.00010809642200837466 0.00010809642200837466 0.00010809642200837466 0.00010809642200837466 0.00010809642200837466 0.00010809642200837466 0.00010809642200837466 0.9302260675411667 0.00010809642200837466 0.9302260675411667 0.00010809642200837466 0.00010809642200837466 0.00010809642200837466 0.00010809642200837466 0.00010809642200837466 0.00010809642200837466 0.00010809642200837466
3-79623503-T-C 0.9302260675411667 0.00010809642200837466 0.00010809642200837466 0.00010809642200837466 0.00010809642200837466 0.9302260675411667 0.00010809642200837466 0.00010809642200837466 0.00010809642200837466 0.00010809642200837466 0.00010809642200837466 0.00010809642200837466 0.9302260675411667 0.9302260675411667 0.9302260675411667 0.00010809642200837466 0.00010809642200837466 0.00010809642200837466 0.9302260675411667 0.00010809642200837466 0.00010809642200837466 0.00010809642200837466 0.9302260675411667 0.9302260675411667
15-81981109-T-G 0.9302260675411667 0.9302260675411667 0.9302260675411667 0.00010809642200837466 0.9302260675411667 0.9302260675411667 0.9302260675411667 0.9302260675411667 0.9302260675411667 0.9302260675411667 0.9302260675411667 0.9302260675411667 0.9302260675411667 0.9302260675411667 0.9302260675411667 0.9302260675411667 0.00010809642200837466 0.9302260675411667 0.9302260675411667 0.00010809642200837466 0.9302260675411667 0.9302260675411667 0.9302260675411667 0.9302260675411667
8-77420033-A-G 0.9302260675411667 0.9302260675411667 0.9302260675411667 0.00010809642200837466 0.9302260675411667 0.9302260675411667 0.9302260675411667 0.9302260675411667 0.9302260675411667 0.9302260675411667 0.9302260675411667 0.9302260675411667 0.9302260675411667 0.9302260675411667 0.9302260675411667 0.9302260675411667 0.00010809642200837466 0.9302260675411667 0.9302260675411667 0.00010809642200837466 0.9302260675411667 0.9302260675411667 0.9302260675411667 0.9302260675411667
3-130568197-G-T 0.00010809642200837466 0.9302260675411667 0.9302260675411667 0.9302260675411667 0.9302260675411667 0.00010809642200837466 0.9302260675411667 0.9302260675411667 0.00010809642200837466 0.9302260675411667 0.00010809642200837466 0.9302260675411667 0.00010809642200837466 0.9302260675411667 0.00010809642200837466 0.9302260675411667 0.9302260675411667 0.9302260675411667 0.9302260675411667 0.9302260675411667 0.9302260675411667 0.9302260675411667 0.00010809642200837466 0.9302260675411667
4-104605273-T-C 0.9302260675411667 0.9302260675411667 0.9302260675411667 0.9302260675411667 0.9302260675411667 0.9302260675411667 0.9302260675411667 0.9302260675411667 0.00010809642200837466 0.9302260675411667 0.00010809642200837466 0.9302260675411667 0.9302260675411667 0.9302260675411667 0.9302260675411667 0.9302260675411667 0.9302260675411667 0.9302260675411667 0.9302260675411667 0.9302260675411667 0.9302260675411667 0.9302260675411667 0.9302260675411667 0.9302260675411667
3-98877241-G-A 0.9302260675411667 0.9302260675411667 0.9302260675411667 0.9302260675411667 0.9302260675411667 0.9302260675411667 0.9302260675411667 0.9302260675411667 0.00010809642200837466 0.9302260675411667 0.00010809642200837466 0.9302260675411667 0.9302260675411667 0.9302260675411667 0.9302260675411667 0.9302260675411667 0.9302260675411667 0.9302260675411667 0.9302260675411667 0.9302260675411667 0.9302260675411667 0.9302260675411667 0.9302260675411667 0.9302260675411667
19-13342552-T-G 0.00010809642200837466 0.00010809642200837466 0.00010809642200837466 0.00010809642200837466 0.00010809642200837466 0.00010809642200837466 0.00010809642200837466 0.00010809642200837466 0.00010809642200837466 0.00010809642200837466 0.00010809642200837466 0.00010809642200837466 0.00010809642200837466 0.00010809642200837466 0.00010809642200837466 0.00010809642200837466 0.00010809642200837466 0.9302260675411667 0.00010809642200837466 0.00010809642200837466 0.00010809642200837466 0.00010809642200837466 0.00010809642200837466 0.00010809642200837466
7-28042135-A-C 0.9302260675411667 0.9302260675411667 0.9302260675411667 0.00010809642200837466 0.9302260675411667 0.9302260675411667 0.9302260675411667 0.9302260675411667 0.9302260675411667 0.9302260675411667 0.9302260675411667 0.9302260675411667 0.9302260675411667 0.9302260675411667 0.9302260675411667 0.9302260675411667 0.00010809642200837466 0.9302260675411667 0.9302260675411667 0.00010809642200837466 0.9302260675411667 0.9302260675411667 0.9302260675411667 0.9302260675411667
9-9833400-T-A 0.9302260675411667 0.9302260675411667 0.9302260675411667 0.9302260675411667 0.9302260675411667 0.9302260675411667 0.9302260675411667 0.9302260675411667 0.9302260675411667 0.9302260675411667 0.9302260675411667 0.00010809642200837466 0.9302260675411667 0.9302260675411667 0.9302260675411667 0.9302260675411667 0.9302260675411667 0.9302260675411667 0.9302260675411667 0.9302260675411667 0.00010809642200837466 0.9302260675411667 0.9302260675411667 0.9302260675411667
11-58509035-T-G 0.9302260675411667 0.00010809642200837466 0.9302260675411667 0.9302260675411667 0.9302260675411667 0.9302260675411667 0.00010809642200837466 0.9302260675411667 0.9302260675411667 0.9302260675411667 0.9302260675411667 0.9302260675411667 0.9302260675411667 0.9302260675411667 0.9302260675411667 0.9302260675411667 0.9302260675411667 0.9302260675411667 0.9302260675411667 0.9302260675411667 0.9302260675411667 0.9302260675411667 0.9302260675411667 0.9302260675411667
1-74133370-A-G 0.9302260675411667 0.9302260675411667 0.9302260675411667 0.9302260675411667 0.9302260675411667 0.9302260675411667 0.9302260675411667 0.9302260675411667 0.00010809642200837466 0.9302260675411667 0.00010809642200837466 0.9302260675411667 0.9302260675411667 0.9302260675411667 0.9302260675411667 0.9302260675411667 0.9302260675411667 0.9302260675411667 0.9302260675411667 0.9302260675411667 0.9302260675411667 0.9302260675411667 0.9302260675411667 0.9302260675411667
5-30013045-T-C 0.00010809642200837466 0.00010809642200837466 0.00010809642200837466 0.00010809642200837466 0.00010809642200837466 0.00010809642200837466 0.00010809642200837466 0.00010809642200837466 0.00010809642200837466 0.00010809642200837466 0.00010809642200837466 0.00010809642200837466 0.9302260675411667 0.00010809642200837466 0.00010809642200837466 0.00010809642200837466 0.00010809642200837466 0.00010809642200837466 0.00010809642200837466 0.00010809642200837466 0.00010809642200837466 0.00010809642200837466 0.9302260675411667 0.9302260675411667
7-84994736-G-A 0.9302260675411667 0.00010809642200837466 0.9302260675411667 0.9302260675411667 0.9302260675411667 0.9302260675411667 0.00010809642200837466 0.9302260675411667 0.9302260675411667 0.9302260675411667 0.9302260675411667 0.9302260675411667 0.9302260675411667 0.9302260675411667 0.9302260675411667 0.9302260675411667 0.9302260675411667 0.9302260675411667 0.9302260675411667 0.9302260675411667 0.9302260675411667 0.9302260675411667 0.9302260675411667 0.9302260675411667
16-17092818-T-G 0.00010809642200837466 0.00010809642200837466 0.9302260675411667 0.00010809642200837466 0.9302260675411667 0.00010809642200837466 0.00010809642200837466 0.00010809642200837466 0.00010809642200837466 0.00010809642200837466 0.00010809642200837466 0.00010809642200837466 0.00010809642200837466 0.00010809642200837466 0.9302260675411667 0.00010809642200837466 0.00010809642200837466 0.00010809642200837466 0.00010809642200837466 0.00010809642200837466 0.00010809642200837466 0.00010809642200837466 0.00010809642200837466 0.00010809642200837466
2-145848636-T-G 0.9302260675411667 0.9302260675411667 0.9302260675411667 0.9302260675411667 0.9302260675411667 0.9302260675411667 0.9302260675411667 0.9302260675411667 0.00010809642200837466 0.9302260675411667 0.00010809642200837466 0.9302260675411667 0.9302260675411667 0.9302260675411667 0.9302260675411667 0.9302260675411667 0.9302260675411667 0.9302260675411667 0.9302260675411667 0.9302260675411667 0.9302260675411667 0.9302260675411667 0.9302260675411667 0.9302260675411667
8-94152986-C-G 0.9302260675411667 0.9302260675411667 0.9302260675411667 0.9302260675411667 0.9302260675411667 0.9302260675411667 0.9302260675411667 0.9302260675411667 0.00010809642200837466 0.9302260675411667 0.00010809642200837466 0.9302260675411667 0.9302260675411667 0.9302260675411667 0.9302260675411667 0.9302260675411667 0.9302260675411667 0.9302260675411667 0.9302260675411667 0.9302260675411667 0.9302260675411667 0.9302260675411667 0.9302260675411667 0.9302260675411667
13-21229346-G-A 0.00010809642200837466 0.00010809642200837466 0.00010809642200837466 0.00010809642200837466 0.00010809642200837466 0.9302260675411667 0.00010809642200837466 0.00010809642200837466 0.00010809642200837466 0.00010809642200837466 0.00010809642200837466 0.00010809642200837466 0.00010809642200837466 0.00010809642200837466 0.00010809642200837466 0.00010809642200837466 0.9302260675411667 0.9302260675411667 0.00010809642200837466 0.00010809642200837466 0.00010809642200837466 0.00010809642200837466 0.00010809642200837466 0.00010809642200837466
4-52856047-A-G 0.9302260675411667 0.00010809642200837466 0.9302260675411667 0.9302260675411667 0.9302260675411667 0.9302260675411667 0.00010809642200837466 0.9302260675411667 0.9302260675411667 0.9302260675411667 0.9302260675411667 0.9302260675411667 0.9302260675411667 0.9302260675411667 0.9302260675411667 0.9302260675411667 0.9302260675411667 0.9302260675411667 0.9302260675411667 0.9302260675411667 0.9302260675411667 0.9302260675411667 0.9302260675411667 0.9302260675411667
2-70750633-C-T 0.9302260675411667 0.00010809642200837466 0.9302260675411667 0.9302260675411667 0.9302260675411667 0.9302260675411667 0.00010809642200837466 0.9302260675411667 0.9302260675411667 0.9302260675411667 0.9302260675411667 0.9302260675411667 0.9302260675411667 0.9302260675411667 0.9302260675411667 0.9302260675411667 0.9302260675411667 0.9302260675411667 0.9302260675411667 0.9302260675411667 0.9302260675411667 0.9302260675411667 0.9302260675411667 0.9302260675411667
6-134233398-A-G 0.00010809642200837466 0.9302260675411667 0.9302260675411667 0.9302260675411667 0.9302260675411667 0.00010809642200837466 0.9302260675411667 0.9302260675411667 0.9302260675411667 0.9302260675411667 0.9302260675411667 0.9302260675411667 0.00010809642200837466 0.9302260675411667 0.00010809642200837466 0.9302260675411667 0.9302260675411667 0.9302260675411667 0.9302260675411667 0.9302260675411667 0.9302260675411667 0.9302260675411667 0.9302260675411667 0.9302260675411667
2-121139801-C-A 0.00010809642200837466 0.9302260675411667 0.9302260675411667 0.9302260675411667 0.9302260675411667 0.00010809642200837466 0.9302260675411667 0.9302260675411667 0.9302260675411667 0.9302260675411667 0.9302260675411667 0.9302260675411667 0.00010809642200837466 0.9302260675411667 0.9302260675411667 0.9302260675411667 0.9302260675411667 0.9302260675411667 0.9302260675411667 0.9302260675411667 0.9302260675411667 0.9302260675411667 0.9302260675411667 0.9302260675411667
16-10237193-A-T 0.9302260675411667 0.9302260675411667 0.9302260675411667 0.9302260675411667 0.9302260675411667 0.9302260675411667 0.9302260675411667 0.9302260675411667 0.00010809642200837466 0.9302260675411667 0.00010809642200837466 0.9302260675411667 0.9302260675411667 0.9302260675411667 0.9302260675411667 0.9302260675411667 0.9302260675411667 0.9302260675411667 0.9302260675411667 0.9302260675411667 0.9302260675411667 0.9302260675411667 0.9302260675411667 0.9302260675411667
14-31247923-C-A 0.9302260675411667 0.9302260675411667 0.9302260675411667 0.9302260675411667 0.9302260675411667 0.9302260675411667 0.9302260675411667 0.9302260675411667 0.9302260675411667 0.9302260675411667 0.9302260675411667 0.9302260675411667 0.9302260675411667 0.00010809642200837466 0.9302260675411667 0.9302260675411667 0.9302260675411667 0.9302260675411667 0.9302260675411667 0.9302260675411667 0.9302260675411667 0.9302260675411667 0.9302260675411667 0.00010809642200837466
7-39179671-A-G 0.9302260675411667 0.9302260675411667 0.9302260675411667 0.9302260675411667 0.9302260675411667 0.9302260675411667 0.9302260675411667 0.9302260675411667 0.00010809642200837466 0.9302260675411667 0.00010809642200837466 0.9302260675411667 0.9302260675411667 0.9302260675411667 0.9302260675411667 0.9302260675411667 0.9302260675411667 0.9302260675411667 0.9302260675411667 0.9302260675411667 0.9302260675411667 0.9302260675411667 0.9302260675411667 0.9302260675411667
19-6853070-G-A 0.00010809642200837466 0.9302260675411667 0.9302260675411667 0.9302260675411667 0.9302260675411667 0.00010809642200837466 0.9302260675411667 0.9302260675411667 0.9302260675411667 0.9302260675411667 0.9302260675411667 0.9302260675411667 0.00010809642200837466 0.9302260675411667 0.9302260675411667 0.9302260675411667 0.9302260675411667 0.9302260675411667 0.9302260675411667 0.9302260675411667 0.9302260675411667 0.9302260675411667 0.9302260675411667 0.9302260675411667
10-18169343-A-T 0.9302260675411667 0.9302260675411667 0.9302260675411667 0.9302260675411667 0.9302260675411667 0.9302260675411667 0.9302260675411667 0.9302260675411667 0.00010809642200837466 0.9302260675411667 0.00010809642200837466 0.9302260675411667 0.9302260675411667 0.9302260675411667 0.9302260675411667 0.9302260675411667 0.9302260675411667 0.9302260675411667 0.9302260675411667 0.9302260675411667 0.9302260675411667 0.9302260675411667 0.9302260675411667 0.9302260675411667
8-41657703-T-G 0.9302260675411667 0.00010809642200837466 0.9302260675411667 0.9302260675411667 0.9302260675411667 0.9302260675411667 0.00010809642200837466 0.9302260675411667 0.9302260675411667 0.9302260675411667 0.9302260675411667 0.9302260675411667 0.9302260675411667 0.9302260675411667 0.9302260675411667 0.9302260675411667 0.9302260675411667 0.9302260675411667 0.9302260675411667 0.9302260675411667 0.9302260675411667 0.9302260675411667 0.9302260675411667 0.9302260675411667
1-89837658-T-G 0.00010809642200837466 0.9302260675411667 0.9302260675411667 0.9302260675411667 0.9302260675411667 0.9302260675411667 0.9302260675411667 0.9302260675411667 0.9302260675411667 0.9302260675411667 0.9302260675411667 0.9302260675411667 0.00010809642200837466 0.9302260675411667 0.9302260675411667 0.9302260675411667 0.9302260675411667 0.9302260675411667 0.9302260675411667 0.9302260675411667 0.9302260675411667 0.9302260675411667 0.9302260675411667 0.9302260675411667
8-94152986-C-G 0.9302260675411667 0.9302260675411667 0.9302260675411667 0.9302260675411667 0.9302260675411667 0.9302260675411667 0.9302260675411667 0.9302260675411667 0.00010809642200837466 0.9302260675411667 0.00010809642200837466 0.9302260675411667 0.9302260675411667 0.9302260675411667 0.9302260675411667 0.9302260675411667 0.9302260675411667 0.9302260675411667 0.9302260675411667 0.9302260675411667 0.9302260675411667 0.9302260675411667 0.9302260675411667 0.9302260675411667
3-92026542-C-A 0.00010809642200837466 0.9302260675411667 0.9302260675411667 0.9302260675411667 0.9302260675411667 0.00010809642200837466 0.9302260675411667 0.9302260675411667 0.9302260675411667 0.9302260675411667 0.9302260675411667 0.9302260675411667 0.00010809642200837466 0.9302260675411667 0.00010809642200837466 0.9302260675411667 0.9302260675411667 0.9302260675411667 0.9302260675411667 0.9302260675411667 0.9302260675411667 0.9302260675411667 0.00010809642200837466 0.9302260675411667
4-136053261-G-C 0.9302260675411667 0.9302260675411667 0.9302260675411667 0.9302260675411667 0.9302260675411667 0.9302260675411667 0.9302260675411667 0.9302260675411667 0.9302260675411667 0.9302260675411667 0.9302260675411667 0.00010809642200837466 0.9302260675411667 0.9302260675411667 0.9302260675411667 0.9302260675411667 0.9302260675411667 0.9302260675411667 0.9302260675411667 0.9302260675411667 0.00010809642200837466 0.9302260675411667 0.9302260675411667 0.9302260675411667
19-5723006-G-T 0.9302260675411667 0.9302260675411667 0.9302260675411667 0.00010809642200837466 0.9302260675411667 0.9302260675411667 0.9302260675411667 0.9302260675411667 0.9302260675411667 0.9302260675411667 0.9302260675411667 0.9302260675411667 0.9302260675411667 0.9302260675411667 0.9302260675411667 0.9302260675411667 0.00010809642200837466 0.9302260675411667 0.9302260675411667 0.00010809642200837466 0.9302260675411667 0.9302260675411667 0.9302260675411667 0.9302260675411667
16-16341577-T-G 0.00010809642200837466 0.00010809642200837466 0.9302260675411667 0.00010809642200837466 0.9302260675411667 0.00010809642200837466 0.00010809642200837466 0.9302260675411667 0.00010809642200837466 0.00010809642200837466 0.00010809642200837466 0.00010809642200837466 0.00010809642200837466 0.00010809642200837466 0.9302260675411667 0.00010809642200837466 0.00010809642200837466 0.00010809642200837466 0.00010809642200837466 0.00010809642200837466 0.00010809642200837466 0.00010809642200837466 0.00010809642200837466 0.00010809642200837466
8-94587935-G-A 0.00010809642200837466 0.9302260675411667 0.9302260675411667 0.9302260675411667 0.9302260675411667 0.00010809642200837466 0.9302260675411667 0.9302260675411667 0.9302260675411667 0.9302260675411667 0.9302260675411667 0.9302260675411667 0.00010809642200837466 0.9302260675411667 0.9302260675411667 0.9302260675411667 0.9302260675411667 0.9302260675411667 0.9302260675411667 0.9302260675411667 0.9302260675411667 0.9302260675411667 0.9302260675411667 0.9302260675411667
5-77349163-T-C 0.00010809642200837466 0.9302260675411667 0.9302260675411667 0.9302260675411667 0.9302260675411667 0.00010809642200837466 0.9302260675411667 0.9302260675411667 0.9302260675411667 0.9302260675411667 0.9302260675411667 0.9302260675411667 0.00010809642200837466 0.9302260675411667 0.00010809642200837466 0.9302260675411667 0.9302260675411667 0.9302260675411667 0.9302260675411667 0.9302260675411667 0.9302260675411667 0.9302260675411667 0.9302260675411667 0.9302260675411667
7-9090561-A-C 0.9302260675411667 0.9302260675411667 0.00010809642200837466 0.9302260675411667 0.9302260675411667 0.9302260675411667 0.00010809642200837466 0.9302260675411667 0.9302260675411667 0.9302260675411667 0.9302260675411667 0.00010809642200837466 0.9302260675411667 0.9302260675411667 0.9302260675411667 0.00010809642200837466 0.9302260675411667 0.9302260675411667 0.00010809642200837466 0.9302260675411667 0.00010809642200837466 0.00010809642200837466 0.9302260675411667 0.9302260675411667
13-76641802-A-G 0.00010809642200837466 0.00010809642200837466 0.00010809642200837466 0.00010809642200837466 0.00010809642200837466 0.00010809642200837466 0.00010809642200837466 0.00010809642200837466 0.00010809642200837466 0.00010809642200837466 0.00010809642200837466 0.00010809642200837466 0.00010809642200837466 0.00010809642200837466 0.00010809642200837466 0.00010809642200837466 0.00010809642200837466 0.00010809642200837466 0.00010809642200837466 0.00010809642200837466 0.00010809642200837466 0.00010809642200837466 0.00010809642200837466 0.9302260675411667
16-56126117-T-G 0.9302260675411667 0.9302260675411667 0.9302260675411667 0.9302260675411667 0.9302260675411667 0.9302260675411667 0.9302260675411667 0.9302260675411667 0.9302260675411667 0.9302260675411667 0.9302260675411667 0.9302260675411667 0.9302260675411667 0.00010809642200837466 0.9302260675411667 0.9302260675411667 0.9302260675411667 0.9302260675411667 0.9302260675411667 0.9302260675411667 0.9302260675411667 0.9302260675411667 0.9302260675411667 0.00010809642200837466
5-124818036-G-C 0.9302260675411667 0.9302260675411667 0.9302260675411667 0.9302260675411667 0.9302260675411667 0.9302260675411667 0.9302260675411667 0.9302260675411667 0.00010809642200837466 0.9302260675411667 0.00010809642200837466 0.9302260675411667 0.9302260675411667 0.9302260675411667 0.9302260675411667 0.9302260675411667 0.9302260675411667 0.9302260675411667 0.9302260675411667 0.9302260675411667 0.9302260675411667 0.9302260675411667 0.9302260675411667 0.9302260675411667
9-3212769-G-A 0.9302260675411667 0.9302260675411667 0.9302260675411667 0.9302260675411667 0.9302260675411667 0.9302260675411667 0.9302260675411667 0.9302260675411667 0.9302260675411667 0.9302260675411667 0.9302260675411667 0.00010809642200837466 0.9302260675411667 0.9302260675411667 0.9302260675411667 0.9302260675411667 0.9302260675411667 0.9302260675411667 0.9302260675411667 0.9302260675411667 0.00010809642200837466 0.9302260675411667 0.9302260675411667 0.9302260675411667
19-26676842-C-G 0.9302260675411667 0.00010809642200837466 0.9302260675411667 0.9302260675411667 0.9302260675411667 0.9302260675411667 0.00010809642200837466 0.9302260675411667 0.9302260675411667 0.9302260675411667 0.9302260675411667 0.9302260675411667 0.9302260675411667 0.9302260675411667 0.9302260675411667 0.9302260675411667 0.9302260675411667 0.9302260675411667 0.9302260675411667 0.9302260675411667 0.9302260675411667 0.9302260675411667 0.9302260675411667 0.9302260675411667
9-4229089-T-C 0.00010809642200837466 0.9302260675411667 0.9302260675411667 0.9302260675411667 0.9302260675411667 0.00010809642200837466 0.9302260675411667 0.9302260675411667 0.9302260675411667 0.9302260675411667 0.9302260675411667 0.9302260675411667 0.00010809642200837466 0.9302260675411667 0.9302260675411667 0.9302260675411667 0.9302260675411667 0.9302260675411667 0.9302260675411667 0.9302260675411667 0.9302260675411667 0.9302260675411667 0.9302260675411667 0.9302260675411667
18-23965457-A-G 0.9302260675411667 0.9302260675411667 0.9302260675411667 0.9302260675411667 0.9302260675411667 0.9302260675411667 0.9302260675411667 0.9302260675411667 0.00010809642200837466 0.9302260675411667 0.00010809642200837466 0.9302260675411667 0.9302260675411667 0.9302260675411667 0.9302260675411667 0.9302260675411667 0.9302260675411667 0.9302260675411667 0.9302260675411667 0.9302260675411667 0.9302260675411667 0.9302260675411667 0.9302260675411667 0.9302260675411667
1-92589267-G-A 0.9302260675411667 0.00010809642200837466 0.9302260675411667 0.9302260675411667 0.9302260675411667 0.9302260675411667 0.00010809642200837466 0.00010809642200837466 0.9302260675411667 0.00010809642200837466 0.9302260675411667 0.9302260675411667 0.9302260675411667 0.9302260675411667 0.9302260675411667 0.9302260675411667 0.9302260675411667 0.9302260675411667 0.9302260675411667 0.9302260675411667 0.9302260675411667 0.9302260675411667 0.9302260675411667 0.9302260675411667
3-106573433-A-G 0.9302260675411667 0.9302260675411667 0.9302260675411667 0.9302260675411667 0.9302260675411667 0.9302260675411667 0.9302260675411667 0.9302260675411667 0.9302260675411667 0.9302260675411667 0.9302260675411667 0.00010809642200837466 0.9302260675411667 0.9302260675411667 0.9302260675411667 0.9302260675411667 0.9302260675411667 0.9302260675411667 0.9302260675411667 0.9302260675411667 0.00010809642200837466 0.9302260675411667 0.9302260675411667 0.9302260675411667
8-111889931-T-C 0.00010809642200837466 0.9302260675411667 0.9302260675411667 0.9302260675411667 0.9302260675411667 0.00010809642200837466 0.9302260675411667 0.9302260675411667 0.9302260675411667 0.9302260675411667 0.9302260675411667 0.9302260675411667 0.00010809642200837466 0.9302260675411667 0.9302260675411667 0.9302260675411667 0.9302260675411667 0.9302260675411667 0.9302260675411667 0.9302260675411667 0.9302260675411667 0.9302260675411667 0.9302260675411667 0.9302260675411667
13-65607971-T-G 0.9302260675411667 0.9302260675411667 0.9302260675411667 0.9302260675411667 0.9302260675411667 0.9302260675411667 0.9302260675411667 0.9302260675411667 0.9302260675411667 0.9302260675411667 0.9302260675411667 0.00010809642200837466 0.9302260675411667 0.9302260675411667 0.9302260675411667 0.9302260675411667 0.9302260675411667 0.9302260675411667 0.9302260675411667 0.9302260675411667 0.00010809642200837466 0.9302260675411667 0.9302260675411667 0.9302260675411667
17-12216875-T-C 0.9302260675411667 0.00010809642200837466 0.9302260675411667 0.9302260675411667 0.9302260675411667 0.9302260675411667 0.00010809642200837466 0.00010809642200837466 0.9302260675411667 0.00010809642200837466 0.9302260675411667 0.9302260675411667 0.9302260675411667 0.9302260675411667 0.9302260675411667 0.9302260675411667 0.9302260675411667 0.9302260675411667 0.9302260675411667 0.9302260675411667 0.9302260675411667 0.9302260675411667 0.9302260675411667 0.9302260675411667
2-111292728-T-A 0.9302260675411667 0.9302260675411667 0.9302260675411667 0.9302260675411667 0.9302260675411667 0.9302260675411667 0.9302260675411667 0.9302260675411667 0.00010809642200837466 0.9302260675411667 0.00010809642200837466 0.9302260675411667 0.9302260675411667 0.9302260675411667 0.9302260675411667 0.9302260675411667 0.9302260675411667 0.9302260675411667 0.9302260675411667 0.9302260675411667 0.9302260675411667 0.9302260675411667 0.9302260675411667 0.9302260675411667
3-132842741-G-A 0.9302260675411667 0.00010809642200837466 0.9302260675411667 0.00010809642200837466 0.00010809642200837466 0.9302260675411667 0.00010809642200837466 0.00010809642200837466 0.00010809642200837466 0.00010809642200837466 0.00010809642200837466 0.00010809642200837466 0.9302260675411667 0.9302260675411667 0.9302260675411667 0.00010809642200837466 0.00010809642200837466 0.00010809642200837466 0.9302260675411667 0.9302260675411667 0.00010809642200837466 0.00010809642200837466 0.9302260675411667 0.9302260675411667
14-54439495-A-G 0.00010809642200837466 0.00010809642200837466 0.00010809642200837466 0.00010809642200837466 0.00010809642200837466 0.00010809642200837466 0.00010809642200837466 0.00010809642200837466 0.00010809642200837466 0.00010809642200837466 0.9302260675411667 0.00010809642200837466 0.00010809642200837466 0.00010809642200837466 0.00010809642200837466 0.00010809642200837466 0.00010809642200837466 0.9302260675411667 0.00010809642200837466 0.00010809642200837466 0.00010809642200837466 0.00010809642200837466 0.00010809642200837466 0.00010809642200837466
16-29471997-T-G 0.9302260675411667 0.9302260675411667 0.9302260675411667 0.9302260675411667 0.9302260675411667 0.9302260675411667 0.9302260675411667 0.9302260675411667 0.00010809642200837466 0.9302260675411667 0.00010809642200837466 0.9302260675411667 0.9302260675411667 0.9302260675411667 0.9302260675411667 0.9302260675411667 0.9302260675411667 0.9302260675411667 0.9302260675411667 0.9302260675411667 0.9302260675411667 0.9302260675411667 0.9302260675411667 0.9302260675411667
2-130309817-A-G 0.00010809642200837466 0.00010809642200837466 0.00010809642200837466 0.00010809642200837466 0.00010809642200837466 0.00010809642200837466 0.00010809642200837466 0.00010809642200837466 0.00010809642200837466 0.00010809642200837466 0.00010809642200837466 0.9302260675411667 0.00010809642200837466 0.00010809642200837466 0.00010809642200837466 0.00010809642200837466 0.00010809642200837466 0.00010809642200837466 0.00010809642200837466 0.00010809642200837466 0.00010809642200837466 0.00010809642200837466 0.00010809642200837466 0.00010809642200837466
16-30354369-A-G 0.9302260675411667 0.00010809642200837466 0.9302260675411667 0.9302260675411667 0.9302260675411667 0.9302260675411667 0.00010809642200837466 0.9302260675411667 0.9302260675411667 0.9302260675411667 0.9302260675411667 0.9302260675411667 0.9302260675411667 0.9302260675411667 0.9302260675411667 0.9302260675411667 0.9302260675411667 0.9302260675411667 0.9302260675411667 0.9302260675411667 0.9302260675411667 0.9302260675411667 0.9302260675411667 0.9302260675411667
9-65484286-A-G 0.00010809642200837466 0.9302260675411667 0.9302260675411667 0.9302260675411667 0.9302260675411667 0.00010809642200837466 0.9302260675411667 0.9302260675411667 0.9302260675411667 0.9302260675411667 0.9302260675411667 0.9302260675411667 0.00010809642200837466 0.9302260675411667 0.00010809642200837466 0.9302260675411667 0.9302260675411667 0.9302260675411667 0.9302260675411667 0.9302260675411667 0.9302260675411667 0.9302260675411667 0.9302260675411667 0.9302260675411667
4-3574850-C-T 0.9302260675411667 0.9302260675411667 0.9302260675411667 0.9302260675411667 0.9302260675411667 0.9302260675411667 0.9302260675411667 0.9302260675411667 0.00010809642200837466 0.9302260675411667 0.00010809642200837466 0.9302260675411667 0.9302260675411667 0.9302260675411667 0.9302260675411667 0.9302260675411667 0.9302260675411667 0.9302260675411667 0.9302260675411667 0.9302260675411667 0.9302260675411667 0.9302260675411667 0.9302260675411667 0.9302260675411667
9-56619672-G-T 0.00010809642200837466 0.9302260675411667 0.9302260675411667 0.9302260675411667 0.9302260675411667 0.00010809642200837466 0.9302260675411667 0.9302260675411667 0.9302260675411667 0.9302260675411667 0.9302260675411667 0.9302260675411667 0.00010809642200837466 0.9302260675411667 0.00010809642200837466 0.9302260675411667 0.9302260675411667 0.9302260675411667 0.9302260675411667 0.9302260675411667 0.9302260675411667 0.9302260675411667 0.9302260675411667 0.9302260675411667
7-13348174-T-C 0.9302260675411667 0.9302260675411667 0.9302260675411667 0.9302260675411667 0.9302260675411667 0.9302260675411667 0.9302260675411667 0.9302260675411667 0.9302260675411667 0.9302260675411667 0.9302260675411667 0.00010809642200837466 0.9302260675411667 0.9302260675411667 0.9302260675411667 0.9302260675411667 0.9302260675411667 0.9302260675411667 0.9302260675411667 0.9302260675411667 0.00010809642200837466 0.9302260675411667 0.9302260675411667 0.9302260675411667
11-49340432-T-G 0.9302260675411667 0.00010809642200837466 0.9302260675411667 0.9302260675411667 0.9302260675411667 0.9302260675411667 0.00010809642200837466 0.9302260675411667 0.9302260675411667 0.9302260675411667 0.9302260675411667 0.9302260675411667 0.9302260675411667 0.9302260675411667 0.9302260675411667 0.9302260675411667 0.9302260675411667 0.9302260675411667 0.9302260675411667 0.9302260675411667 0.9302260675411667 0.9302260675411667 0.9302260675411667 0.9302260675411667
9-104053920-A-G 0.00010809642200837466 0.00010809642200837466 0.00010809642200837466 0.9302260675411667 0.00010809642200837466 0.00010809642200837466 0.00010809642200837466 0.00010809642200837466 0.00010809642200837466 0.00010809642200837466 0.00010809642200837466 0.00010809642200837466 0.00010809642200837466 0.00010809642200837466 0.00010809642200837466 0.00010809642200837466 0.00010809642200837466 0.00010809642200837466 0.00010809642200837466 0.00010809642200837466 0.00010809642200837466 0.00010809642200837466 0.9302260675411667 0.00010809642200837466
8-88314232-C-G 0.9302260675411667 0.9302260675411667 0.9302260675411667 0.00010809642200837466 0.9302260675411667 0.9302260675411667 0.9302260675411667 0.9302260675411667 0.9302260675411667 0.9302260675411667 0.9302260675411667 0.9302260675411667 0.9302260675411667 0.9302260675411667 0.9302260675411667 0.9302260675411667 0.00010809642200837466 0.9302260675411667 0.9302260675411667 0.00010809642200837466 0.9302260675411667 0.9302260675411667 0.9302260675411667 0.9302260675411667
4-76059848-C-A 0.9302260675411667 0.00010809642200837466 0.9302260675411667 0.9302260675411667 0.9302260675411667 0.9302260675411667 0.00010809642200837466 0.9302260675411667 0.9302260675411667 0.00010809642200837466 0.9302260675411667 0.9302260675411667 0.9302260675411667 0.9302260675411667 0.9302260675411667 0.9302260675411667 0.9302260675411667 0.9302260675411667 0.9302260675411667 0.9302260675411667 0.9302260675411667 0.9302260675411667 0.9302260675411667 0.9302260675411667
9-72061608-C-A 0.9302260675411667 0.9302260675411667 0.9302260675411667 0.9302260675411667 0.9302260675411667 0.9302260675411667 0.9302260675411667 0.9302260675411667 0.9302260675411667 0.9302260675411667 0.9302260675411667 0.9302260675411667 0.9302260675411667 0.00010809642200837466 0.9302260675411667 0.9302260675411667 0.9302260675411667 0.9302260675411667 0.9302260675411667 0.9302260675411667 0.9302260675411667 0.9302260675411667 0.9302260675411667 0.00010809642200837466
12-83059814-A-T 0.9302260675411667 0.00010809642200837466 0.9302260675411667 0.9302260675411667 0.9302260675411667 0.9302260675411667 0.00010809642200837466 0.9302260675411667 0.9302260675411667 0.9302260675411667 0.9302260675411667 0.9302260675411667 0.9302260675411667 0.9302260675411667 0.9302260675411667 0.9302260675411667 0.9302260675411667 0.9302260675411667 0.9302260675411667 0.9302260675411667 0.9302260675411667 0.9302260675411667 0.9302260675411667 0.9302260675411667
19-13342552-T-G 0.00010809642200837466 0.00010809642200837466 0.00010809642200837466 0.00010809642200837466 0.00010809642200837466 0.00010809642200837466 0.00010809642200837466 0.00010809642200837466 0.00010809642200837466 0.00010809642200837466 0.00010809642200837466 0.00010809642200837466 0.00010809642200837466 0.00010809642200837466 0.00010809642200837466 0.00010809642200837466 0.00010809642200837466 0.9302260675411667 0.00010809642200837466 0.00010809642200837466 0.00010809642200837466 0.00010809642200837466 0.00010809642200837466 0.00010809642200837466
3-133005677-T-C 0.9302260675411667 0.9302260675411667 0.9302260675411667 0.9302260675411667 0.9302260675411667 0.9302260675411667 0.9302260675411667 0.9302260675411667 0.00010809642200837466 0.9302260675411667 0.00010809642200837466 0.9302260675411667 0.9302260675411667 0.9302260675411667 0.9302260675411667 0.9302260675411667 0.9302260675411667 0.9302260675411667 0.9302260675411667 0.9302260675411667 0.9302260675411667 0.9302260675411667 0.9302260675411667 0.9302260675411667
10-116907118-A-G 0.9302260675411667 0.9302260675411667 0.9302260675411667 0.9302260675411667 0.9302260675411667 0.9302260675411667 0.9302260675411667 0.9302260675411667 0.00010809642200837466 0.9302260675411667 0.00010809642200837466 0.9302260675411667 0.9302260675411667 0.9302260675411667 0.9302260675411667 0.9302260675411667 0.9302260675411667 0.9302260675411667 0.9302260675411667 0.9302260675411667 0.9302260675411667 0.9302260675411667 0.9302260675411667 0.9302260675411667
12-79239875-G-A 0.9302260675411667 0.9302260675411667 0.9302260675411667 0.00010809642200837466 0.9302260675411667 0.9302260675411667 0.9302260675411667 0.9302260675411667 0.9302260675411667 0.9302260675411667 0.9302260675411667 0.9302260675411667 0.9302260675411667 0.9302260675411667 0.9302260675411667 0.9302260675411667 0.00010809642200837466 0.9302260675411667 0.9302260675411667 0.00010809642200837466 0.9302260675411667 0.9302260675411667 0.9302260675411667 0.9302260675411667
2-70307874-G-A 0.00010809642200837466 0.9302260675411667 0.9302260675411667 0.9302260675411667 0.9302260675411667 0.00010809642200837466 0.9302260675411667 0.9302260675411667 0.00010809642200837466 0.9302260675411667 0.00010809642200837466 0.9302260675411667 0.00010809642200837466 0.9302260675411667 0.00010809642200837466 0.9302260675411667 0.9302260675411667 0.9302260675411667 0.9302260675411667 0.9302260675411667 0.9302260675411667 0.9302260675411667 0.00010809642200837466 0.9302260675411667
5-151282131-G-C 0.00010809642200837466 0.9302260675411667 0.9302260675411667 0.9302260675411667 0.9302260675411667 0.00010809642200837466 0.9302260675411667 0.9302260675411667 0.9302260675411667 0.9302260675411667 0.9302260675411667 0.9302260675411667 0.00010809642200837466 0.9302260675411667 0.9302260675411667 0.9302260675411667 0.9302260675411667 0.9302260675411667 0.9302260675411667 0.9302260675411667 0.9302260675411667 0.9302260675411667 0.9302260675411667 0.9302260675411667
7-141611575-T-A 0.9302260675411667 0.9302260675411667 0.9302260675411667 0.9302260675411667 0.9302260675411667 0.9302260675411667 0.9302260675411667 0.9302260675411667 0.00010809642200837466 0.9302260675411667 0.00010809642200837466 0.9302260675411667 0.9302260675411667 0.9302260675411667 0.9302260675411667 0.9302260675411667 0.9302260675411667 0.9302260675411667 0.9302260675411667 0.9302260675411667 0.9302260675411667 0.9302260675411667 0.9302260675411667 0.9302260675411667
8-102650933-A-G 0.9302260675411667 0.9302260675411667 0.9302260675411667 0.9302260675411667 0.9302260675411667 0.9302260675411667 0.9302260675411667 0.9302260675411667 0.00010809642200837466 0.9302260675411667 0.00010809642200837466 0.9302260675411667 0.9302260675411667 0.9302260675411667 0.9302260675411667 0.9302260675411667 0.9302260675411667 0.9302260675411667 0.9302260675411667 0.9302260675411667 0.9302260675411667 0.9302260675411667 0.9302260675411667 0.9302260675411667
7-10016883-T-C 0.9302260675411667 0.00010809642200837466 0.9302260675411667 0.9302260675411667 0.9302260675411667 0.9302260675411667 0.00010809642200837466 0.9302260675411667 0.9302260675411667 0.9302260675411667 0.9302260675411667 0.9302260675411667 0.9302260675411667 0.9302260675411667 0.9302260675411667 0.9302260675411667 0.9302260675411667 0.9302260675411667 0.9302260675411667 0.9302260675411667 0.9302260675411667 0.9302260675411667 0.9302260675411667 0.9302260675411667
2-113834823-C-T 0.00010809642200837466 0.9302260675411667 0.9302260675411667 0.9302260675411667 0.9302260675411667 0.00010809642200837466 0.9302260675411667 0.9302260675411667 0.9302260675411667 0.9302260675411667 0.9302260675411667 0.9302260675411667 0.00010809642200837466 0.9302260675411667 0.00010809642200837466 0.9302260675411667 0.9302260675411667 0.9302260675411667 0.9302260675411667 0.9302260675411667 0.9302260675411667 0.9302260675411667 0.9302260675411667 0.9302260675411667
11-71217264-C-G 0.00010809642200837466 0.9302260675411667 0.9302260675411667 0.9302260675411667 0.9302260675411667 0.00010809642200837466 0.9302260675411667 0.9302260675411667 0.00010809642200837466 0.9302260675411667 0.00010809642200837466 0.9302260675411667 0.00010809642200837466 0.9302260675411667 0.00010809642200837466 0.9302260675411667 0.9302260675411667 0.00010809642200837466 0.9302260675411667 0.9302260675411667 0.9302260675411667 0.9302260675411667 0.00010809642200837466 0.9302260675411667
14-52007476-A-G 0.9302260675411667 0.9302260675411667 0.9302260675411667 0.9302260675411667 0.9302260675411667 0.9302260675411667 0.9302260675411667 0.9302260675411667 0.9302260675411667 0.9302260675411667 0.9302260675411667 0.9302260675411667 0.9302260675411667 0.00010809642200837466 0.9302260675411667 0.9302260675411667 0.9302260675411667 0.9302260675411667 0.9302260675411667 0.9302260675411667 0.9302260675411667 0.9302260675411667 0.9302260675411667 0.00010809642200837466
7-119530233-T-C 0.00010809642200837466 0.9302260675411667 0.9302260675411667 0.9302260675411667 0.9302260675411667 0.9302260675411667 0.9302260675411667 0.9302260675411667 0.9302260675411667 0.9302260675411667 0.9302260675411667 0.9302260675411667 0.00010809642200837466 0.9302260675411667 0.9302260675411667 0.9302260675411667 0.9302260675411667 0.9302260675411667 0.9302260675411667 0.9302260675411667 0.9302260675411667 0.9302260675411667 0.9302260675411667 0.9302260675411667
2-127246676-T-C 0.9302260675411667 0.00010809642200837466 0.9302260675411667 0.9302260675411667 0.9302260675411667 0.9302260675411667 0.00010809642200837466 0.9302260675411667 0.9302260675411667 0.9302260675411667 0.9302260675411667 0.9302260675411667 0.9302260675411667 0.9302260675411667 0.9302260675411667 0.9302260675411667 0.9302260675411667 0.9302260675411667 0.9302260675411667 0.9302260675411667 0.9302260675411667 0.9302260675411667 0.9302260675411667 0.9302260675411667
8-88314232-C-G 0.9302260675411667 0.9302260675411667 0.9302260675411667 0.00010809642200837466 0.9302260675411667 0.9302260675411667 0.9302260675411667 0.9302260675411667 0.9302260675411667 0.9302260675411667 0.9302260675411667 0.9302260675411667 0.9302260675411667 0.9302260675411667 0.9302260675411667 0.9302260675411667 0.00010809642200837466 0.9302260675411667 0.9302260675411667 0.00010809642200837466 0.9302260675411667 0.9302260675411667 0.9302260675411667 0.9302260675411667
18-43540563-G-C 0.00010809642200837466 0.00010809642200837466 0.00010809642200837466 0.00010809642200837466 0.00010809642200837466 0.00010809642200837466 0.00010809642200837466 0.00010809642200837466 0.00010809642200837466 0.9302260675411667 0.00010809642200837466 0.00010809642200837466 0.00010809642200837466 0.00010809642200837466 0.00010809642200837466 0.00010809642200837466 0.00010809642200837466 0.00010809642200837466 0.00010809642200837466 0.00010809642200837466 0.00010809642200837466 0.00010809642200837466 0.00010809642200837466 0.00010809642200837466
6-35613483-G-A 0.9302260675411667 0.00010809642200837466 0.00010809642200837466 0.00010809642200837466 0.00010809642200837466 0.9302260675411667 0.00010809642200837466 0.00010809642200837466 0.00010809642200837466 0.00010809642200837466 0.00010809642200837466 0.00010809642200837466 0.9302260675411667 0.00010809642200837466 0.9302260675411667 0.00010809642200837466 0.00010809642200837466 0.00010809642200837466 0.00010809642200837466 0.00010809642200837466 0.00010809642200837466 0.00010809642200837466 0.00010809642200837466 0.00010809642200837466
4-147735325-A-C 0.9302260675411667 0.9302260675411667 0.9302260675411667 0.9302260675411667 0.9302260675411667 0.9302260675411667 0.9302260675411667 0.9302260675411667 0.9302260675411667 0.9302260675411667 0.9302260675411667 0.9302260675411667 0.9302260675411667 0.00010809642200837466 0.9302260675411667 0.9302260675411667 0.9302260675411667 0.9302260675411667 0.9302260675411667 0.9302260675411667 0.9302260675411667 0.9302260675411667 0.9302260675411667 0.00010809642200837466
15-93248255-A-G 0.00010809642200837466 0.9302260675411667 0.00010809642200837466 0.00010809642200837466 0.00010809642200837466 0.00010809642200837466 0.00010809642200837466 0.9302260675411667 0.00010809642200837466 0.9302260675411667 0.00010809642200837466 0.00010809642200837466 0.00010809642200837466 0.00010809642200837466 0.00010809642200837466 0.00010809642200837466 0.00010809642200837466 0.00010809642200837466 0.00010809642200837466 0.00010809642200837466 0.00010809642200837466 0.00010809642200837466 0.00010809642200837466 0.00010809642200837466
6-101151245-T-C 0.9302260675411667 0.9302260675411667 0.9302260675411667 0.00010809642200837466 0.9302260675411667 0.9302260675411667 0.9302260675411667 0.9302260675411667 0.9302260675411667 0.9302260675411667 0.9302260675411667 0.9302260675411667 0.9302260675411667 0.9302260675411667 0.9302260675411667 0.9302260675411667 0.00010809642200837466 0.9302260675411667 0.9302260675411667 0.00010809642200837466 0.9302260675411667 0.9302260675411667 0.9302260675411667 0.9302260675411667
16-19676207-A-G 0.00010809642200837466 0.00010809642200837466 0.9302260675411667 0.00010809642200837466 0.9302260675411667 0.00010809642200837466 0.00010809642200837466 0.00010809642200837466 0.00010809642200837466 0.00010809642200837466 0.00010809642200837466 0.9302260675411667 0.00010809642200837466 0.00010809642200837466 0.9302260675411667 0.00010809642200837466 0.00010809642200837466 0.00010809642200837466 0.00010809642200837466 0.00010809642200837466 0.00010809642200837466 0.00010809642200837466 0.00010809642200837466 0.00010809642200837466
1-40451944-A-G 0.00010809642200837466 0.9302260675411667 0.9302260675411667 0.00010809642200837466 0.9302260675411667 0.9302260675411667 0.9302260675411667 0.9302260675411667 0.9302260675411667 0.9302260675411667 0.9302260675411667 0.9302260675411667 0.00010809642200837466 0.9302260675411667 0.9302260675411667 0.9302260675411667 0.9302260675411667 0.9302260675411667 0.9302260675411667 0.9302260675411667 0.9302260675411667 0.9302260675411667 0.9302260675411667 0.9302260675411667
9-45328828-A-T 0.9302260675411667 0.9302260675411667 0.9302260675411667 0.9302260675411667 0.9302260675411667 0.9302260675411667 0.9302260675411667 0.9302260675411667 0.00010809642200837466 0.9302260675411667 0.00010809642200837466 0.9302260675411667 0.9302260675411667 0.9302260675411667 0.9302260675411667 0.9302260675411667 0.9302260675411667 0.9302260675411667 0.9302260675411667 0.9302260675411667 0.9302260675411667 0.9302260675411667 0.9302260675411667 0.9302260675411667
12-88321518-T-A 0.00010809642200837466 0.9302260675411667 0.9302260675411667 0.9302260675411667 0.9302260675411667 0.9302260675411667 0.9302260675411667 0.9302260675411667 0.9302260675411667 0.9302260675411667 0.9302260675411667 0.9302260675411667 0.00010809642200837466 0.9302260675411667 0.9302260675411667 0.9302260675411667 0.9302260675411667 0.9302260675411667 0.9302260675411667 0.9302260675411667 0.9302260675411667 0.9302260675411667 0.9302260675411667 0.9302260675411667
3-146505419-C-G 0.00010809642200837466 0.9302260675411667 0.00010809642200837466 0.00010809642200837466 0.00010809642200837466 0.00010809642200837466 0.00010809642200837466 0.9302260675411667 0.00010809642200837466 0.9302260675411667 0.00010809642200837466 0.00010809642200837466 0.00010809642200837466 0.00010809642200837466 0.9302260675411667 0.9302260675411667 0.00010809642200837466 0.9302260675411667 0.00010809642200837466 0.00010809642200837466 0.00010809642200837466 0.9302260675411667 0.00010809642200837466 0.00010809642200837466
9-53209565-A-G 0.9302260675411667 0.00010809642200837466 0.9302260675411667 0.9302260675411667 0.9302260675411667 0.9302260675411667 0.00010809642200837466 0.9302260675411667 0.9302260675411667 0.9302260675411667 0.9302260675411667 0.9302260675411667 0.9302260675411667 0.9302260675411667 0.9302260675411667 0.9302260675411667 0.9302260675411667 0.9302260675411667 0.9302260675411667 0.9302260675411667 0.9302260675411667 0.9302260675411667 0.9302260675411667 0.9302260675411667
7-7916491-G-T 0.9302260675411667 0.00010809642200837466 0.9302260675411667 0.9302260675411667 0.9302260675411667 0.9302260675411667 0.00010809642200837466 0.9302260675411667 0.9302260675411667 0.00010809642200837466 0.9302260675411667 0.9302260675411667 0.9302260675411667 0.9302260675411667 0.9302260675411667 0.9302260675411667 0.9302260675411667 0.9302260675411667 0.9302260675411667 0.9302260675411667 0.9302260675411667 0.9302260675411667 0.9302260675411667 0.9302260675411667
4-115831346-A-G 0.00010809642200837466 0.9302260675411667 0.9302260675411667 0.9302260675411667 0.9302260675411667 0.00010809642200837466 0.9302260675411667 0.9302260675411667 0.9302260675411667 0.9302260675411667 0.9302260675411667 0.9302260675411667 0.00010809642200837466 0.9302260675411667 0.00010809642200837466 0.9302260675411667 0.9302260675411667 0.9302260675411667 0.9302260675411667 0.9302260675411667 0.9302260675411667 0.9302260675411667 0.9302260675411667 0.9302260675411667
2-145848636-T-G 0.9302260675411667 0.9302260675411667 0.9302260675411667 0.9302260675411667 0.9302260675411667 0.9302260675411667 0.9302260675411667 0.9302260675411667 0.00010809642200837466 0.9302260675411667 0.00010809642200837466 0.9302260675411667 0.9302260675411667 0.9302260675411667 0.9302260675411667 0.9302260675411667 0.9302260675411667 0.9302260675411667 0.9302260675411667 0.9302260675411667 0.9302260675411667 0.9302260675411667 0.9302260675411667 0.9302260675411667
5-8408559-A-C 0.00010809642200837466 0.9302260675411667 0.9302260675411667 0.9302260675411667 0.9302260675411667 0.00010809642200837466 0.9302260675411667 0.9302260675411667 0.9302260675411667 0.9302260675411667 0.9302260675411667 0.9302260675411667 0.00010809642200837466 0.9302260675411667 0.00010809642200837466 0.9302260675411667 0.9302260675411667 0.9302260675411667 0.9302260675411667 0.9302260675411667 0.9302260675411667 0.9302260675411667 0.00010809642200837466 0.9302260675411667
7-39179671-A-G 0.9302260675411667 0.9302260675411667 0.9302260675411667 0.9302260675411667 0.9302260675411667 0.9302260675411667 0.9302260675411667 0.9302260675411667 0.00010809642200837466 0.9302260675411667 0.00010809642200837466 0.9302260675411667 0.9302260675411667 0.9302260675411667 0.9302260675411667 0.9302260675411667 0.9302260675411667 0.9302260675411667 0.9302260675411667 0.9302260675411667 0.9302260675411667 0.9302260675411667 0.9302260675411667 0.9302260675411667
7-26072006-G-C 0.9302260675411667 0.00010809642200837466 0.9302260675411667 0.9302260675411667 0.9302260675411667 0.9302260675411667 0.00010809642200837466 0.9302260675411667 0.9302260675411667 0.9302260675411667 0.9302260675411667 0.9302260675411667 0.9302260675411667 0.9302260675411667 0.9302260675411667 0.9302260675411667 0.9302260675411667 0.9302260675411667 0.9302260675411667 0.9302260675411667 0.9302260675411667 0.9302260675411667 0.9302260675411667 0.9302260675411667
7-41763054-A-T 0.9302260675411667 0.00010809642200837466 0.9302260675411667 0.9302260675411667 0.00010809642200837466 0.9302260675411667 0.00010809642200837466 0.00010809642200837466 0.9302260675411667 0.00010809642200837466 0.9302260675411667 0.9302260675411667 0.9302260675411667 0.9302260675411667 0.9302260675411667 0.9302260675411667 0.9302260675411667 0.9302260675411667 0.9302260675411667 0.9302260675411667 0.9302260675411667 0.9302260675411667 0.9302260675411667 0.9302260675411667
2-59337760-A-C 0.00010809642200837466 0.00010809642200837466 0.00010809642200837466 0.00010809642200837466 0.00010809642200837466 0.00010809642200837466 0.00010809642200837466 0.00010809642200837466 0.00010809642200837466 0.00010809642200837466 0.00010809642200837466 0.9302260675411667 0.00010809642200837466 0.00010809642200837466 0.00010809642200837466 0.00010809642200837466 0.00010809642200837466 0.00010809642200837466 0.00010809642200837466 0.00010809642200837466 0.00010809642200837466 0.00010809642200837466 0.00010809642200837466 0.00010809642200837466
18-42511432-T-A 0.00010809642200837466 0.9302260675411667 0.9302260675411667 0.9302260675411667 0.9302260675411667 0.00010809642200837466 0.9302260675411667 0.9302260675411667 0.9302260675411667 0.9302260675411667 0.9302260675411667 0.9302260675411667 0.00010809642200837466 0.9302260675411667 0.00010809642200837466 0.9302260675411667 0.9302260675411667 0.9302260675411667 0.9302260675411667 0.9302260675411667 0.9302260675411667 0.9302260675411667 0.00010809642200837466 0.9302260675411667
9-113529988-C-T 0.00010809642200837466 0.9302260675411667 0.9302260675411667 0.9302260675411667 0.9302260675411667 0.9302260675411667 0.9302260675411667 0.9302260675411667 0.9302260675411667 0.9302260675411667 0.9302260675411667 0.9302260675411667 0.00010809642200837466 0.9302260675411667 0.9302260675411667 0.9302260675411667 0.9302260675411667 0.9302260675411667 0.9302260675411667 0.9302260675411667 0.9302260675411667 0.9302260675411667 0.9302260675411667 0.9302260675411667
7-39583446-A-T 0.9302260675411667 0.9302260675411667 0.9302260675411667 0.9302260675411667 0.9302260675411667 0.9302260675411667 0.9302260675411667 0.9302260675411667 0.9302260675411667 0.9302260675411667 0.9302260675411667 0.9302260675411667 0.9302260675411667 0.00010809642200837466 0.9302260675411667 0.9302260675411667 0.9302260675411667 0.9302260675411667 0.9302260675411667 0.9302260675411667 0.9302260675411667 0.9302260675411667 0.9302260675411667 0.00010809642200837466
9-109195017-A-C 0.00010809642200837466 0.9302260675411667 0.9302260675411667 0.9302260675411667 0.9302260675411667 0.00010809642200837466 0.9302260675411667 0.9302260675411667 0.9302260675411667 0.9302260675411667 0.9302260675411667 0.9302260675411667 0.00010809642200837466 0.9302260675411667 0.9302260675411667 0.9302260675411667 0.9302260675411667 0.9302260675411667 0.9302260675411667 0.9302260675411667 0.9302260675411667 0.9302260675411667 0.9302260675411667 0.9302260675411667
10-128208907-C-G 0.00010809642200837466 0.9302260675411667 0.9302260675411667 0.9302260675411667 0.9302260675411667 0.00010809642200837466 0.9302260675411667 0.9302260675411667 0.00010809642200837466 0.9302260675411667 0.00010809642200837466 0.9302260675411667 0.00010809642200837466 0.9302260675411667 0.00010809642200837466 0.9302260675411667 0.9302260675411667 0.00010809642200837466 0.9302260675411667 0.9302260675411667 0.9302260675411667 0.9302260675411667 0.00010809642200837466 0.9302260675411667
13-51482923-C-T 0.9302260675411667 0.00010809642200837466 0.9302260675411667 0.9302260675411667 0.9302260675411667 0.9302260675411667 0.00010809642200837466 0.9302260675411667 0.9302260675411667 0.9302260675411667 0.9302260675411667 0.9302260675411667 0.9302260675411667 0.9302260675411667 0.9302260675411667 0.9302260675411667 0.9302260675411667 0.9302260675411667 0.9302260675411667 0.9302260675411667 0.9302260675411667 0.9302260675411667 0.9302260675411667 0.9302260675411667
13-31579987-T-G 0.9302260675411667 0.9302260675411667 0.9302260675411667 0.9302260675411667 0.9302260675411667 0.9302260675411667 0.9302260675411667 0.9302260675411667 0.00010809642200837466 0.9302260675411667 0.00010809642200837466 0.9302260675411667 0.9302260675411667 0.9302260675411667 0.9302260675411667 0.9302260675411667 0.9302260675411667 0.9302260675411667 0.9302260675411667 0.9302260675411667 0.9302260675411667 0.9302260675411667 0.9302260675411667 0.9302260675411667
2-167541953-A-G 0.9302260675411667 0.9302260675411667 0.9302260675411667 0.9302260675411667 0.9302260675411667 0.9302260675411667 0.9302260675411667 0.9302260675411667 0.9302260675411667 0.9302260675411667 0.9302260675411667 0.00010809642200837466 0.9302260675411667 0.9302260675411667 0.9302260675411667 0.9302260675411667 0.9302260675411667 0.9302260675411667 0.9302260675411667 0.9302260675411667 0.00010809642200837466 0.9302260675411667 0.9302260675411667 0.9302260675411667
15-48791710-C-A 0.9302260675411667 0.9302260675411667 0.9302260675411667 0.9302260675411667 0.9302260675411667 0.9302260675411667 0.9302260675411667 0.9302260675411667 0.00010809642200837466 0.9302260675411667 0.00010809642200837466 0.9302260675411667 0.9302260675411667 0.9302260675411667 0.9302260675411667 0.9302260675411667 0.9302260675411667 0.9302260675411667 0.9302260675411667 0.9302260675411667 0.9302260675411667 0.9302260675411667 0.9302260675411667 0.9302260675411667
14-53101703-T-C 0.00010809642200837466 0.9302260675411667 0.9302260675411667 0.9302260675411667 0.9302260675411667 0.00010809642200837466 0.9302260675411667 0.9302260675411667 0.9302260675411667 0.9302260675411667 0.9302260675411667 0.9302260675411667 0.00010809642200837466 0.9302260675411667 0.00010809642200837466 0.9302260675411667 0.9302260675411667 0.9302260675411667 0.9302260675411667 0.9302260675411667 0.9302260675411667 0.9302260675411667 0.9302260675411667 0.9302260675411667
12-22667587-T-C 0.9302260675411667 0.9302260675411667 0.9302260675411667 0.9302260675411667 0.9302260675411667 0.9302260675411667 0.9302260675411667 0.9302260675411667 0.00010809642200837466 0.9302260675411667 0.00010809642200837466 0.9302260675411667 0.9302260675411667 0.9302260675411667 0.9302260675411667 0.9302260675411667 0.9302260675411667 0.9302260675411667 0.9302260675411667 0.9302260675411667 0.9302260675411667 0.9302260675411667 0.9302260675411667 0.9302260675411667
16-75598298-A-G 0.9302260675411667 0.00010809642200837466 0.9302260675411667 0.9302260675411667 0.9302260675411667 0.9302260675411667 0.00010809642200837466 0.00010809642200837466 0.9302260675411667 0.00010809642200837466 0.9302260675411667 0.9302260675411667 0.9302260675411667 0.9302260675411667 0.9302260675411667 0.9302260675411667 0.9302260675411667 0.9302260675411667 0.9302260675411667 0.9302260675411667 0.9302260675411667 0.9302260675411667 0.9302260675411667 0.9302260675411667
2-30345202-T-A 0.9302260675411667 0.9302260675411667 0.9302260675411667 0.00010809642200837466 0.9302260675411667 0.9302260675411667 0.9302260675411667 0.9302260675411667 0.9302260675411667 0.9302260675411667 0.9302260675411667 0.9302260675411667 0.9302260675411667 0.9302260675411667 0.9302260675411667 0.9302260675411667 0.00010809642200837466 0.9302260675411667 0.9302260675411667 0.00010809642200837466 0.9302260675411667 0.9302260675411667 0.9302260675411667 0.9302260675411667
5-150439460-C-G 0.9302260675411667 0.9302260675411667 0.9302260675411667 0.9302260675411667 0.9302260675411667 0.9302260675411667 0.9302260675411667 0.9302260675411667 0.00010809642200837466 0.9302260675411667 0.00010809642200837466 0.9302260675411667 0.9302260675411667 0.9302260675411667 0.9302260675411667 0.9302260675411667 0.9302260675411667 0.9302260675411667 0.9302260675411667 0.9302260675411667 0.9302260675411667 0.9302260675411667 0.9302260675411667 0.9302260675411667
8-71990115-A-C 0.9302260675411667 0.9302260675411667 0.00010809642200837466 0.9302260675411667 0.9302260675411667 0.9302260675411667 0.9302260675411667 0.9302260675411667 0.9302260675411667 0.9302260675411667 0.9302260675411667 0.00010809642200837466 0.9302260675411667 0.9302260675411667 0.9302260675411667 0.9302260675411667 0.9302260675411667 0.9302260675411667 0.00010809642200837466 0.9302260675411667 0.00010809642200837466 0.00010809642200837466 0.9302260675411667 0.9302260675411667
16-75596473-A-G 0.9302260675411667 0.00010809642200837466 0.9302260675411667 0.9302260675411667 0.9302260675411667 0.9302260675411667 0.00010809642200837466 0.9302260675411667 0.9302260675411667 0.9302260675411667 0.9302260675411667 0.9302260675411667 0.9302260675411667 0.9302260675411667 0.9302260675411667 0.9302260675411667 0.9302260675411667 0.9302260675411667 0.9302260675411667 0.9302260675411667 0.9302260675411667 0.9302260675411667 0.9302260675411667 0.9302260675411667
5-114341272-A-C 0.00010809642200837466 0.00010809642200837466 0.00010809642200837466 0.9302260675411667 0.00010809642200837466 0.00010809642200837466 0.00010809642200837466 0.00010809642200837466 0.00010809642200837466 0.00010809642200837466 0.00010809642200837466 0.9302260675411667 0.00010809642200837466 0.00010809642200837466 0.00010809642200837466 0.00010809642200837466 0.00010809642200837466 0.00010809642200837466 0.00010809642200837466 0.00010809642200837466 0.00010809642200837466 0.00010809642200837466 0.00010809642200837466 0.00010809642200837466
16-49238985-T-C 0.00010809642200837466 0.00010809642200837466 0.9302260675411667 0.9302260675411667 0.00010809642200837466 0.00010809642200837466 0.00010809642200837466 0.00010809642200837466 0.00010809642200837466 0.00010809642200837466 0.00010809642200837466 0.9302260675411667 0.00010809642200837466 0.9302260675411667 0.00010809642200837466 0.9302260675411667 0.9302260675411667 0.00010809642200837466 0.9302260675411667 0.9302260675411667 0.9302260675411667 0.9302260675411667 0.00010809642200837466 0.9302260675411667
6-123649146-A-C 0.00010809642200837466 0.9302260675411667 0.9302260675411667 0.9302260675411667 0.9302260675411667 0.00010809642200837466 0.9302260675411667 0.9302260675411667 0.9302260675411667 0.9302260675411667 0.9302260675411667 0.9302260675411667 0.00010809642200837466 0.9302260675411667 0.9302260675411667 0.9302260675411667 0.9302260675411667 0.9302260675411667 0.9302260675411667 0.9302260675411667 0.9302260675411667 0.9302260675411667 0.9302260675411667 0.9302260675411667
8-18740821-C-A 0.9302260675411667 0.00010809642200837466 0.9302260675411667 0.9302260675411667 0.9302260675411667 0.9302260675411667 0.00010809642200837466 0.9302260675411667 0.9302260675411667 0.9302260675411667 0.9302260675411667 0.9302260675411667 0.9302260675411667 0.9302260675411667 0.9302260675411667 0.9302260675411667 0.9302260675411667 0.9302260675411667 0.9302260675411667 0.9302260675411667 0.9302260675411667 0.9302260675411667 0.9302260675411667 0.9302260675411667
8-119345758-G-A 0.9302260675411667 0.00010809642200837466 0.9302260675411667 0.9302260675411667 0.9302260675411667 0.9302260675411667 0.00010809642200837466 0.00010809642200837466 0.9302260675411667 0.00010809642200837466 0.9302260675411667 0.9302260675411667 0.9302260675411667 0.9302260675411667 0.9302260675411667 0.9302260675411667 0.9302260675411667 0.9302260675411667 0.9302260675411667 0.9302260675411667 0.9302260675411667 0.9302260675411667 0.9302260675411667 0.9302260675411667
8-42457786-A-G 0.00010809642200837466 0.00010809642200837466 0.00010809642200837466 0.00010809642200837466 0.00010809642200837466 0.00010809642200837466 0.00010809642200837466 0.9302260675411667 0.00010809642200837466 0.00010809642200837466 0.00010809642200837466 0.9302260675411667 0.00010809642200837466 0.00010809642200837466 0.00010809642200837466 0.00010809642200837466 0.00010809642200837466 0.00010809642200837466 0.00010809642200837466 0.00010809642200837466 0.00010809642200837466 0.00010809642200837466 0.9302260675411667 0.00010809642200837466
16-35953853-T-C 0.00010809642200837466 0.00010809642200837466 0.9302260675411667 0.00010809642200837466 0.9302260675411667 0.00010809642200837466 0.9302260675411667 0.00010809642200837466 0.00010809642200837466 0.00010809642200837466 0.00010809642200837466 0.00010809642200837466 0.00010809642200837466 0.00010809642200837466 0.9302260675411667 0.00010809642200837466 0.00010809642200837466 0.00010809642200837466 0.00010809642200837466 0.00010809642200837466 0.00010809642200837466 0.00010809642200837466 0.00010809642200837466 0.00010809642200837466
7-31290661-T-A 0.00010809642200837466 0.9302260675411667 0.9302260675411667 0.9302260675411667 0.9302260675411667 0.00010809642200837466 0.9302260675411667 0.9302260675411667 0.9302260675411667 0.9302260675411667 0.9302260675411667 0.9302260675411667 0.00010809642200837466 0.9302260675411667 0.9302260675411667 0.9302260675411667 0.9302260675411667 0.9302260675411667 0.9302260675411667 0.9302260675411667 0.9302260675411667 0.9302260675411667 0.9302260675411667 0.9302260675411667
9-50636483-G-C 0.9302260675411667 0.00010809642200837466 0.9302260675411667 0.9302260675411667 0.9302260675411667 0.9302260675411667 0.00010809642200837466 0.9302260675411667 0.9302260675411667 0.9302260675411667 0.9302260675411667 0.9302260675411667 0.9302260675411667 0.9302260675411667 0.9302260675411667 0.9302260675411667 0.9302260675411667 0.9302260675411667 0.9302260675411667 0.9302260675411667 0.9302260675411667 0.9302260675411667 0.9302260675411667 0.9302260675411667
11-70392813-G-A 0.9302260675411667 0.00010809642200837466 0.9302260675411667 0.9302260675411667 0.9302260675411667 0.9302260675411667 0.00010809642200837466 0.9302260675411667 0.9302260675411667 0.9302260675411667 0.9302260675411667 0.9302260675411667 0.9302260675411667 0.9302260675411667 0.9302260675411667 0.9302260675411667 0.9302260675411667 0.9302260675411667 0.9302260675411667 0.9302260675411667 0.9302260675411667 0.9302260675411667 0.9302260675411667 0.9302260675411667
13-23757044-A-G 0.9302260675411667 0.9302260675411667 0.9302260675411667 0.9302260675411667 0.9302260675411667 0.9302260675411667 0.9302260675411667 0.9302260675411667 0.9302260675411667 0.9302260675411667 0.9302260675411667 0.00010809642200837466 0.9302260675411667 0.9302260675411667 0.9302260675411667 0.9302260675411667 0.9302260675411667 0.9302260675411667 0.9302260675411667 0.9302260675411667 0.00010809642200837466 0.9302260675411667 0.9302260675411667 0.9302260675411667
2-177768443-T-G 0.9302260675411667 0.9302260675411667 0.9302260675411667 0.9302260675411667 0.9302260675411667 0.9302260675411667 0.9302260675411667 0.9302260675411667 0.00010809642200837466 0.9302260675411667 0.00010809642200837466 0.9302260675411667 0.9302260675411667 0.9302260675411667 0.9302260675411667 0.9302260675411667 0.9302260675411667 0.9302260675411667 0.9302260675411667 0.9302260675411667 0.9302260675411667 0.9302260675411667 0.9302260675411667 0.9302260675411667
2-38644000-A-G 0.9302260675411667 0.00010809642200837466 0.9302260675411667 0.9302260675411667 0.9302260675411667 0.9302260675411667 0.00010809642200837466 0.9302260675411667 0.9302260675411667 0.9302260675411667 0.9302260675411667 0.9302260675411667 0.9302260675411667 0.9302260675411667 0.9302260675411667 0.9302260675411667 0.9302260675411667 0.9302260675411667 0.9302260675411667 0.9302260675411667 0.9302260675411667 0.9302260675411667 0.9302260675411667 0.9302260675411667
14-47250745-A-G 0.9302260675411667 0.9302260675411667 0.9302260675411667 0.9302260675411667 0.9302260675411667 0.9302260675411667 0.9302260675411667 0.9302260675411667 0.00010809642200837466 0.9302260675411667 0.00010809642200837466 0.9302260675411667 0.9302260675411667 0.9302260675411667 0.9302260675411667 0.9302260675411667 0.9302260675411667 0.9302260675411667 0.9302260675411667 0.9302260675411667 0.9302260675411667 0.9302260675411667 0.9302260675411667 0.9302260675411667
4-113184743-A-C 0.9302260675411667 0.9302260675411667 0.9302260675411667 0.00010809642200837466 0.9302260675411667 0.9302260675411667 0.9302260675411667 0.9302260675411667 0.9302260675411667 0.9302260675411667 0.9302260675411667 0.9302260675411667 0.9302260675411667 0.9302260675411667 0.9302260675411667 0.9302260675411667 0.00010809642200837466 0.9302260675411667 0.9302260675411667 0.00010809642200837466 0.9302260675411667 0.9302260675411667 0.9302260675411667 0.9302260675411667
5-138261091-C-T 0.00010809642200837466 0.00010809642200837466 0.00010809642200837466 0.00010809642200837466 0.00010809642200837466 0.00010809642200837466 0.00010809642200837466 0.00010809642200837466 0.00010809642200837466 0.00010809642200837466 0.00010809642200837466 0.9302260675411667 0.00010809642200837466 0.00010809642200837466 0.00010809642200837466 0.00010809642200837466 0.00010809642200837466 0.00010809642200837466 0.00010809642200837466 0.00010809642200837466 0.00010809642200837466 0.00010809642200837466 0.00010809642200837466 0.9302260675411667
16-7224225-T-A 0.00010809642200837466 0.9302260675411667 0.9302260675411667 0.9302260675411667 0.9302260675411667 0.9302260675411667 0.9302260675411667 0.9302260675411667 0.9302260675411667 0.9302260675411667 0.9302260675411667 0.9302260675411667 0.00010809642200837466 0.9302260675411667 0.9302260675411667 0.9302260675411667 0.9302260675411667 0.9302260675411667 0.9302260675411667 0.9302260675411667 0.9302260675411667 0.9302260675411667 0.9302260675411667 0.9302260675411667
8-87904651-A-C 0.9302260675411667 0.9302260675411667 0.9302260675411667 0.00010809642200837466 0.9302260675411667 0.9302260675411667 0.9302260675411667 0.9302260675411667 0.9302260675411667 0.9302260675411667 0.9302260675411667 0.9302260675411667 0.9302260675411667 0.9302260675411667 0.9302260675411667 0.9302260675411667 0.00010809642200837466 0.9302260675411667 0.9302260675411667 0.00010809642200837466 0.9302260675411667 0.9302260675411667 0.9302260675411667 0.9302260675411667
4-48236745-G-A 0.9302260675411667 0.00010809642200837466 0.9302260675411667 0.9302260675411667 0.9302260675411667 0.9302260675411667 0.00010809642200837466 0.9302260675411667 0.9302260675411667 0.9302260675411667 0.9302260675411667 0.9302260675411667 0.9302260675411667 0.9302260675411667 0.9302260675411667 0.9302260675411667 0.9302260675411667 0.9302260675411667 0.9302260675411667 0.9302260675411667 0.9302260675411667 0.9302260675411667 0.9302260675411667 0.9302260675411667
17-35440165-G-A 0.9302260675411667 0.9302260675411667 0.9302260675411667 0.9302260675411667 0.9302260675411667 0.9302260675411667 0.9302260675411667 0.9302260675411667 0.9302260675411667 0.9302260675411667 0.9302260675411667 0.00010809642200837466 0.9302260675411667 0.9302260675411667 0.9302260675411667 0.9302260675411667 0.9302260675411667 0.9302260675411667 0.9302260675411667 0.9302260675411667 0.00010809642200837466 0.9302260675411667 0.9302260675411667 0.9302260675411667
1-134405960-A-T 0.00010809642200837466 0.9302260675411667 0.9302260675411667 0.9302260675411667 0.9302260675411667 0.00010809642200837466 0.9302260675411667 0.9302260675411667 0.9302260675411667 0.9302260675411667 0.9302260675411667 0.9302260675411667 0.00010809642200837466 0.9302260675411667 0.9302260675411667 0.9302260675411667 0.9302260675411667 0.9302260675411667 0.9302260675411667 0.9302260675411667 0.9302260675411667 0.9302260675411667 0.9302260675411667 0.9302260675411667
18-78857386-T-C 0.9302260675411667 0.9302260675411667 0.9302260675411667 0.9302260675411667 0.9302260675411667 0.9302260675411667 0.9302260675411667 0.9302260675411667 0.00010809642200837466 0.9302260675411667 0.00010809642200837466 0.9302260675411667 0.9302260675411667 0.9302260675411667 0.9302260675411667 0.9302260675411667 0.9302260675411667 0.9302260675411667 0.9302260675411667 0.9302260675411667 0.9302260675411667 0.9302260675411667 0.9302260675411667 0.9302260675411667
16-63864107-A-G 0.00010809642200837466 0.9302260675411667 0.9302260675411667 0.9302260675411667 0.9302260675411667 0.9302260675411667 0.9302260675411667 0.9302260675411667 0.9302260675411667 0.9302260675411667 0.9302260675411667 0.9302260675411667 0.00010809642200837466 0.9302260675411667 0.9302260675411667 0.9302260675411667 0.9302260675411667 0.9302260675411667 0.9302260675411667 0.9302260675411667 0.9302260675411667 0.9302260675411667 0.9302260675411667 0.9302260675411667
16-78251695-G-A 0.00010809642200837466 0.00010809642200837466 0.9302260675411667 0.00010809642200837466 0.9302260675411667 0.00010809642200837466 0.00010809642200837466 0.00010809642200837466 0.00010809642200837466 0.00010809642200837466 0.00010809642200837466 0.00010809642200837466 0.00010809642200837466 0.00010809642200837466 0.9302260675411667 0.00010809642200837466 0.00010809642200837466 0.00010809642200837466 0.00010809642200837466 0.00010809642200837466 0.00010809642200837466 0.00010809642200837466 0.00010809642200837466 0.00010809642200837466
6-68680174-G-A 0.9302260675411667 0.00010809642200837466 0.00010809642200837466 0.00010809642200837466 0.00010809642200837466 0.9302260675411667 0.00010809642200837466 0.00010809642200837466 0.00010809642200837466 0.00010809642200837466 0.00010809642200837466 0.00010809642200837466 0.9302260675411667 0.00010809642200837466 0.9302260675411667 0.00010809642200837466 0.00010809642200837466 0.00010809642200837466 0.00010809642200837466 0.00010809642200837466 0.00010809642200837466 0.00010809642200837466 0.00010809642200837466 0.00010809642200837466
4-63133518-C-T 0.9302260675411667 0.00010809642200837466 0.9302260675411667 0.9302260675411667 0.9302260675411667 0.9302260675411667 0.00010809642200837466 0.00010809642200837466 0.9302260675411667 0.00010809642200837466 0.9302260675411667 0.9302260675411667 0.9302260675411667 0.9302260675411667 0.9302260675411667 0.9302260675411667 0.9302260675411667 0.9302260675411667 0.9302260675411667 0.9302260675411667 0.9302260675411667 0.9302260675411667 0.9302260675411667 0.9302260675411667
11-32422141-T-C 0.00010809642200837466 0.9302260675411667 0.9302260675411667 0.9302260675411667 0.9302260675411667 0.9302260675411667 0.9302260675411667 0.9302260675411667 0.9302260675411667 0.9302260675411667 0.9302260675411667 0.9302260675411667 0.00010809642200837466 0.9302260675411667 0.9302260675411667 0.9302260675411667 0.9302260675411667 0.9302260675411667 0.9302260675411667 0.9302260675411667 0.9302260675411667 0.9302260675411667 0.9302260675411667 0.9302260675411667
17-35440165-G-A 0.9302260675411667 0.9302260675411667 0.9302260675411667 0.9302260675411667 0.9302260675411667 0.9302260675411667 0.9302260675411667 0.9302260675411667 0.9302260675411667 0.9302260675411667 0.9302260675411667 0.00010809642200837466 0.9302260675411667 0.9302260675411667 0.9302260675411667 0.9302260675411667 0.9302260675411667 0.9302260675411667 0.9302260675411667 0.9302260675411667 0.00010809642200837466 0.9302260675411667 0.9302260675411667 0.9302260675411667
13-58327791-A-G 0.9302260675411667 0.9302260675411667 0.9302260675411667 0.9302260675411667 0.9302260675411667 0.9302260675411667 0.9302260675411667 0.9302260675411667 0.9302260675411667 0.9302260675411667 0.9302260675411667 0.00010809642200837466 0.9302260675411667 0.9302260675411667 0.9302260675411667 0.9302260675411667 0.9302260675411667 0.9302260675411667 0.9302260675411667 0.9302260675411667 0.00010809642200837466 0.9302260675411667 0.9302260675411667 0.9302260675411667
5-72580805-C-T 0.00010809642200837466 0.9302260675411667 0.9302260675411667 0.9302260675411667 0.9302260675411667 0.00010809642200837466 0.9302260675411667 0.9302260675411667 0.9302260675411667 0.9302260675411667 0.9302260675411667 0.9302260675411667 0.00010809642200837466 0.9302260675411667 0.9302260675411667 0.9302260675411667 0.9302260675411667 0.9302260675411667 0.9302260675411667 0.9302260675411667 0.9302260675411667 0.9302260675411667 0.9302260675411667 0.9302260675411667
6-47781805-T-G 0.9302260675411667 0.9302260675411667 0.9302260675411667 0.9302260675411667 0.9302260675411667 0.9302260675411667 0.9302260675411667 0.9302260675411667 0.00010809642200837466 0.9302260675411667 0.00010809642200837466 0.9302260675411667 0.9302260675411667 0.9302260675411667 0.9302260675411667 0.9302260675411667 0.9302260675411667 0.9302260675411667 0.9302260675411667 0.9302260675411667 0.9302260675411667 0.9302260675411667 0.9302260675411667 0.9302260675411667
4-40261598-T-C 0.9302260675411667 0.9302260675411667 0.9302260675411667 0.9302260675411667 0.9302260675411667 0.9302260675411667 0.9302260675411667 0.9302260675411667 0.9302260675411667 0.9302260675411667 0.9302260675411667 0.00010809642200837466 0.9302260675411667 0.9302260675411667 0.9302260675411667 0.9302260675411667 0.9302260675411667 0.9302260675411667 0.9302260675411667 0.9302260675411667 0.00010809642200837466 0.9302260675411667 0.9302260675411667 0.9302260675411667
9-107978337-G-A 0.00010809642200837466 0.9302260675411667 0.9302260675411667 0.9302260675411667 0.9302260675411667 0.00010809642200837466 0.9302260675411667 0.9302260675411667 0.9302260675411667 0.9302260675411667 0.9302260675411667 0.9302260675411667 0.00010809642200837466 0.9302260675411667 0.9302260675411667 0.9302260675411667 0.9302260675411667 0.9302260675411667 0.9302260675411667 0.9302260675411667 0.9302260675411667 0.9302260675411667 0.9302260675411667 0.9302260675411667
1-11289146-G-T 0.00010809642200837466 0.00010809642200837466 0.00010809642200837466 0.00010809642200837466 0.00010809642200837466 0.9302260675411667 0.00010809642200837466 0.00010809642200837466 0.00010809642200837466 0.00010809642200837466 0.00010809642200837466 0.00010809642200837466 0.00010809642200837466 0.00010809642200837466 0.9302260675411667 0.00010809642200837466 0.00010809642200837466 0.00010809642200837466 0.00010809642200837466 0.00010809642200837466 0.00010809642200837466 0.00010809642200837466 0.00010809642200837466 0.00010809642200837466
19-45560547-A-T 0.9302260675411667 0.9302260675411667 0.9302260675411667 0.00010809642200837466 0.9302260675411667 0.9302260675411667 0.9302260675411667 0.9302260675411667 0.9302260675411667 0.9302260675411667 0.9302260675411667 0.9302260675411667 0.9302260675411667 0.9302260675411667 0.9302260675411667 0.9302260675411667 0.9302260675411667 0.9302260675411667 0.9302260675411667 0.00010809642200837466 0.9302260675411667 0.9302260675411667 0.9302260675411667 0.9302260675411667
11-101331443-G-C 0.9302260675411667 0.9302260675411667 0.9302260675411667 0.00010809642200837466 0.9302260675411667 0.9302260675411667 0.9302260675411667 0.9302260675411667 0.9302260675411667 0.9302260675411667 0.9302260675411667 0.9302260675411667 0.9302260675411667 0.9302260675411667 0.9302260675411667 0.9302260675411667 0.00010809642200837466 0.9302260675411667 0.9302260675411667 0.00010809642200837466 0.9302260675411667 0.9302260675411667 0.9302260675411667 0.9302260675411667
9-72061608-C-A 0.9302260675411667 0.9302260675411667 0.9302260675411667 0.9302260675411667 0.9302260675411667 0.9302260675411667 0.9302260675411667 0.9302260675411667 0.9302260675411667 0.9302260675411667 0.9302260675411667 0.9302260675411667 0.9302260675411667 0.00010809642200837466 0.9302260675411667 0.9302260675411667 0.9302260675411667 0.9302260675411667 0.9302260675411667 0.9302260675411667 0.9302260675411667 0.9302260675411667 0.9302260675411667 0.00010809642200837466
6-132737111-A-T 0.9302260675411667 0.9302260675411667 0.9302260675411667 0.00010809642200837466 0.9302260675411667 0.9302260675411667 0.9302260675411667 0.9302260675411667 0.9302260675411667 0.9302260675411667 0.9302260675411667 0.9302260675411667 0.9302260675411667 0.9302260675411667 0.9302260675411667 0.9302260675411667 0.00010809642200837466 0.9302260675411667 0.9302260675411667 0.00010809642200837466 0.9302260675411667 0.9302260675411667 0.9302260675411667 0.9302260675411667
10-86872489-A-T 0.9302260675411667 0.9302260675411667 0.9302260675411667 0.9302260675411667 0.9302260675411667 0.9302260675411667 0.9302260675411667 0.9302260675411667 0.00010809642200837466 0.9302260675411667 0.00010809642200837466 0.9302260675411667 0.9302260675411667 0.9302260675411667 0.9302260675411667 0.9302260675411667 0.9302260675411667 0.9302260675411667 0.9302260675411667 0.9302260675411667 0.9302260675411667 0.9302260675411667 0.9302260675411667 0.9302260675411667
9-104036306-A-G 0.00010809642200837466 0.00010809642200837466 0.00010809642200837466 0.9302260675411667 0.00010809642200837466 0.00010809642200837466 0.00010809642200837466 0.00010809642200837466 0.00010809642200837466 0.00010809642200837466 0.00010809642200837466 0.00010809642200837466 0.00010809642200837466 0.00010809642200837466 0.00010809642200837466 0.00010809642200837466 0.00010809642200837466 0.00010809642200837466 0.00010809642200837466 0.00010809642200837466 0.00010809642200837466 0.00010809642200837466 0.9302260675411667 0.00010809642200837466
16-75598298-A-G 0.9302260675411667 0.00010809642200837466 0.9302260675411667 0.9302260675411667 0.9302260675411667 0.9302260675411667 0.00010809642200837466 0.00010809642200837466 0.9302260675411667 0.00010809642200837466 0.9302260675411667 0.9302260675411667 0.9302260675411667 0.9302260675411667 0.9302260675411667 0.9302260675411667 0.9302260675411667 0.9302260675411667 0.9302260675411667 0.9302260675411667 0.9302260675411667 0.9302260675411667 0.9302260675411667 0.9302260675411667
15-76185790-G-T 0.9302260675411667 0.00010809642200837466 0.00010809642200837466 0.00010809642200837466 0.00010809642200837466 0.9302260675411667 0.00010809642200837466 0.00010809642200837466 0.00010809642200837466 0.00010809642200837466 0.00010809642200837466 0.00010809642200837466 0.9302260675411667 0.9302260675411667 0.9302260675411667 0.9302260675411667 0.00010809642200837466 0.9302260675411667 0.9302260675411667 0.00010809642200837466 0.00010809642200837466 0.9302260675411667 0.9302260675411667 0.9302260675411667
6-52620124-T-C 0.9302260675411667 0.9302260675411667 0.9302260675411667 0.9302260675411667 0.9302260675411667 0.9302260675411667 0.9302260675411667 0.9302260675411667 0.00010809642200837466 0.9302260675411667 0.00010809642200837466 0.9302260675411667 0.9302260675411667 0.9302260675411667 0.9302260675411667 0.9302260675411667 0.9302260675411667 0.9302260675411667 0.9302260675411667 0.9302260675411667 0.9302260675411667 0.9302260675411667 0.9302260675411667 0.9302260675411667
19-61226316-T-C 0.00010809642200837466 0.00010809642200837466 0.00010809642200837466 0.00010809642200837466 0.00010809642200837466 0.00010809642200837466 0.00010809642200837466 0.00010809642200837466 0.00010809642200837466 0.00010809642200837466 0.00010809642200837466 0.00010809642200837466 0.00010809642200837466 0.00010809642200837466 0.00010809642200837466 0.00010809642200837466 0.00010809642200837466 0.9302260675411667 0.00010809642200837466 0.00010809642200837466 0.00010809642200837466 0.00010809642200837466 0.00010809642200837466 0.00010809642200837466
15-82179575-C-T 0.00010809642200837466 0.9302260675411667 0.9302260675411667 0.9302260675411667 0.9302260675411667 0.00010809642200837466 0.9302260675411667 0.9302260675411667 0.9302260675411667 0.9302260675411667 0.9302260675411667 0.9302260675411667 0.00010809642200837466 0.9302260675411667 0.00010809642200837466 0.9302260675411667 0.9302260675411667 0.9302260675411667 0.9302260675411667 0.9302260675411667 0.9302260675411667 0.9302260675411667 0.9302260675411667 0.9302260675411667
9-103112197-T-A 0.00010809642200837466 0.9302260675411667 0.9302260675411667 0.9302260675411667 0.9302260675411667 0.00010809642200837466 0.9302260675411667 0.9302260675411667 0.9302260675411667 0.9302260675411667 0.9302260675411667 0.9302260675411667 0.00010809642200837466 0.9302260675411667 0.9302260675411667 0.9302260675411667 0.9302260675411667 0.9302260675411667 0.9302260675411667 0.9302260675411667 0.9302260675411667 0.9302260675411667 0.9302260675411667 0.9302260675411667
19-16335001-A-T 0.00010809642200837466 0.00010809642200837466 0.00010809642200837466 0.00010809642200837466 0.00010809642200837466 0.00010809642200837466 0.00010809642200837466 0.00010809642200837466 0.00010809642200837466 0.00010809642200837466 0.00010809642200837466 0.00010809642200837466 0.00010809642200837466 0.00010809642200837466 0.00010809642200837466 0.00010809642200837466 0.00010809642200837466 0.9302260675411667 0.00010809642200837466 0.00010809642200837466 0.00010809642200837466 0.00010809642200837466 0.00010809642200837466 0.00010809642200837466
1-190161499-G-A 0.9302260675411667 0.9302260675411667 0.9302260675411667 0.9302260675411667 0.9302260675411667 0.9302260675411667 0.9302260675411667 0.9302260675411667 0.00010809642200837466 0.9302260675411667 0.00010809642200837466 0.9302260675411667 0.9302260675411667 0.9302260675411667 0.9302260675411667 0.9302260675411667 0.9302260675411667 0.9302260675411667 0.9302260675411667 0.9302260675411667 0.9302260675411667 0.9302260675411667 0.9302260675411667 0.9302260675411667
8-88314232-C-G 0.9302260675411667 0.9302260675411667 0.9302260675411667 0.00010809642200837466 0.9302260675411667 0.9302260675411667 0.9302260675411667 0.9302260675411667 0.9302260675411667 0.9302260675411667 0.9302260675411667 0.9302260675411667 0.9302260675411667 0.9302260675411667 0.9302260675411667 0.9302260675411667 0.00010809642200837466 0.9302260675411667 0.9302260675411667 0.00010809642200837466 0.9302260675411667 0.9302260675411667 0.9302260675411667 0.9302260675411667
3-146505419-C-G 0.00010809642200837466 0.9302260675411667 0.00010809642200837466 0.00010809642200837466 0.00010809642200837466 0.00010809642200837466 0.00010809642200837466 0.9302260675411667 0.00010809642200837466 0.9302260675411667 0.00010809642200837466 0.00010809642200837466 0.00010809642200837466 0.00010809642200837466 0.9302260675411667 0.9302260675411667 0.00010809642200837466 0.9302260675411667 0.00010809642200837466 0.00010809642200837466 0.00010809642200837466 0.9302260675411667 0.00010809642200837466 0.00010809642200837466
13-8837043-A-T 0.00010809642200837466 0.00010809642200837466 0.00010809642200837466 0.00010809642200837466 0.00010809642200837466 0.00010809642200837466 0.00010809642200837466 0.00010809642200837466 0.00010809642200837466 0.00010809642200837466 0.00010809642200837466 0.00010809642200837466 0.00010809642200837466 0.00010809642200837466 0.00010809642200837466 0.00010809642200837466 0.00010809642200837466 0.00010809642200837466 0.00010809642200837466 0.00010809642200837466 0.00010809642200837466 0.00010809642200837466 0.00010809642200837466 0.9302260675411667
4-115239327-G-C 0.9302260675411667 0.9302260675411667 0.9302260675411667 0.9302260675411667 0.9302260675411667 0.9302260675411667 0.9302260675411667 0.9302260675411667 0.00010809642200837466 0.9302260675411667 0.00010809642200837466 0.9302260675411667 0.9302260675411667 0.9302260675411667 0.9302260675411667 0.9302260675411667 0.9302260675411667 0.9302260675411667 0.9302260675411667 0.9302260675411667 0.9302260675411667 0.9302260675411667 0.9302260675411667 0.9302260675411667
14-37089246-C-A 0.9302260675411667 0.9302260675411667 0.9302260675411667 0.9302260675411667 0.9302260675411667 0.9302260675411667 0.9302260675411667 0.9302260675411667 0.9302260675411667 0.9302260675411667 0.9302260675411667 0.00010809642200837466 0.9302260675411667 0.9302260675411667 0.9302260675411667 0.9302260675411667 0.9302260675411667 0.9302260675411667 0.00010809642200837466 0.9302260675411667 0.00010809642200837466 0.00010809642200837466 0.9302260675411667 0.9302260675411667
1-93996266-T-C 0.00010809642200837466 0.00010809642200837466 0.9302260675411667 0.00010809642200837466 0.00010809642200837466 0.00010809642200837466 0.00010809642200837466 0.00010809642200837466 0.00010809642200837466 0.00010809642200837466 0.00010809642200837466 0.9302260675411667 0.00010809642200837466 0.00010809642200837466 0.00010809642200837466 0.9302260675411667 0.00010809642200837466 0.00010809642200837466 0.9302260675411667 0.00010809642200837466 0.9302260675411667 0.9302260675411667 0.00010809642200837466 0.00010809642200837466
10-80027140-C-T 0.00010809642200837466 0.9302260675411667 0.9302260675411667 0.9302260675411667 0.9302260675411667 0.00010809642200837466 0.9302260675411667 0.9302260675411667 0.9302260675411667 0.9302260675411667 0.9302260675411667 0.9302260675411667 0.00010809642200837466 0.9302260675411667 0.9302260675411667 0.9302260675411667 0.9302260675411667 0.9302260675411667 0.9302260675411667 0.9302260675411667 0.9302260675411667 0.9302260675411667 0.9302260675411667 0.9302260675411667
11-90340973-T-C 0.9302260675411667 0.00010809642200837466 0.9302260675411667 0.9302260675411667 0.9302260675411667 0.9302260675411667 0.00010809642200837466 0.9302260675411667 0.9302260675411667 0.9302260675411667 0.9302260675411667 0.9302260675411667 0.9302260675411667 0.9302260675411667 0.9302260675411667 0.9302260675411667 0.9302260675411667 0.9302260675411667 0.9302260675411667 0.9302260675411667 0.9302260675411667 0.9302260675411667 0.9302260675411667 0.9302260675411667
1-125562732-T-C 0.00010809642200837466 0.9302260675411667 0.9302260675411667 0.9302260675411667 0.9302260675411667 0.00010809642200837466 0.9302260675411667 0.9302260675411667 0.9302260675411667 0.9302260675411667 0.9302260675411667 0.9302260675411667 0.00010809642200837466 0.9302260675411667 0.00010809642200837466 0.9302260675411667 0.9302260675411667 0.9302260675411667 0.9302260675411667 0.9302260675411667 0.9302260675411667 0.9302260675411667 0.9302260675411667 0.9302260675411667
4-144209723-A-T 0.9302260675411667 0.00010809642200837466 0.9302260675411667 0.9302260675411667 0.9302260675411667 0.9302260675411667 0.00010809642200837466 0.9302260675411667 0.9302260675411667 0.9302260675411667 0.9302260675411667 0.9302260675411667 0.9302260675411667 0.9302260675411667 0.9302260675411667 0.9302260675411667 0.9302260675411667 0.9302260675411667 0.9302260675411667 0.9302260675411667 0.9302260675411667 0.9302260675411667 0.9302260675411667 0.9302260675411667
4-55020119-A-G 0.9302260675411667 0.9302260675411667 0.9302260675411667 0.9302260675411667 0.9302260675411667 0.9302260675411667 0.9302260675411667 0.9302260675411667 0.00010809642200837466 0.9302260675411667 0.00010809642200837466 0.9302260675411667 0.9302260675411667 0.9302260675411667 0.9302260675411667 0.9302260675411667 0.9302260675411667 0.9302260675411667 0.9302260675411667 0.9302260675411667 0.9302260675411667 0.9302260675411667 0.9302260675411667 0.9302260675411667
11-32422141-T-C 0.00010809642200837466 0.9302260675411667 0.9302260675411667 0.9302260675411667 0.9302260675411667 0.9302260675411667 0.9302260675411667 0.9302260675411667 0.9302260675411667 0.9302260675411667 0.9302260675411667 0.9302260675411667 0.00010809642200837466 0.9302260675411667 0.9302260675411667 0.9302260675411667 0.9302260675411667 0.9302260675411667 0.9302260675411667 0.9302260675411667 0.9302260675411667 0.9302260675411667 0.9302260675411667 0.9302260675411667
5-55956380-T-C 0.9302260675411667 0.9302260675411667 0.9302260675411667 0.00010809642200837466 0.9302260675411667 0.9302260675411667 0.9302260675411667 0.9302260675411667 0.9302260675411667 0.9302260675411667 0.9302260675411667 0.9302260675411667 0.9302260675411667 0.9302260675411667 0.9302260675411667 0.9302260675411667 0.00010809642200837466 0.9302260675411667 0.9302260675411667 0.00010809642200837466 0.9302260675411667 0.9302260675411667 0.9302260675411667 0.9302260675411667
11-99049108-C-G 0.00010809642200837466 0.9302260675411667 0.9302260675411667 0.9302260675411667 0.9302260675411667 0.00010809642200837466 0.9302260675411667 0.9302260675411667 0.9302260675411667 0.9302260675411667 0.9302260675411667 0.9302260675411667 0.00010809642200837466 0.9302260675411667 0.9302260675411667 0.9302260675411667 0.9302260675411667 0.9302260675411667 0.9302260675411667 0.9302260675411667 0.9302260675411667 0.9302260675411667 0.9302260675411667 0.9302260675411667
13-23251102-A-G 0.00010809642200837466 0.00010809642200837466 0.00010809642200837466 0.00010809642200837466 0.00010809642200837466 0.00010809642200837466 0.00010809642200837466 0.00010809642200837466 0.00010809642200837466 0.00010809642200837466 0.00010809642200837466 0.00010809642200837466 0.00010809642200837466 0.00010809642200837466 0.00010809642200837466 0.00010809642200837466 0.00010809642200837466 0.00010809642200837466 0.00010809642200837466 0.00010809642200837466 0.00010809642200837466 0.00010809642200837466 0.00010809642200837466 0.9302260675411667
4-8844788-T-G 0.9302260675411667 0.9302260675411667 0.9302260675411667 0.9302260675411667 0.9302260675411667 0.9302260675411667 0.9302260675411667 0.9302260675411667 0.00010809642200837466 0.9302260675411667 0.00010809642200837466 0.9302260675411667 0.9302260675411667 0.9302260675411667 0.9302260675411667 0.9302260675411667 0.9302260675411667 0.9302260675411667 0.9302260675411667 0.9302260675411667 0.9302260675411667 0.9302260675411667 0.9302260675411667 0.9302260675411667
2-70307874-G-A 0.00010809642200837466 0.9302260675411667 0.9302260675411667 0.9302260675411667 0.9302260675411667 0.00010809642200837466 0.9302260675411667 0.9302260675411667 0.00010809642200837466 0.9302260675411667 0.00010809642200837466 0.9302260675411667 0.00010809642200837466 0.9302260675411667 0.00010809642200837466 0.9302260675411667 0.9302260675411667 0.9302260675411667 0.9302260675411667 0.9302260675411667 0.9302260675411667 0.9302260675411667 0.00010809642200837466 0.9302260675411667
8-107057943-A-G 0.9302260675411667 0.00010809642200837466 0.9302260675411667 0.9302260675411667 0.9302260675411667 0.9302260675411667 0.9302260675411667 0.00010809642200837466 0.9302260675411667 0.00010809642200837466 0.9302260675411667 0.9302260675411667 0.9302260675411667 0.9302260675411667 0.9302260675411667 0.9302260675411667 0.9302260675411667 0.9302260675411667 0.9302260675411667 0.9302260675411667 0.9302260675411667 0.9302260675411667 0.9302260675411667 0.9302260675411667
19-16335001-A-T 0.00010809642200837466 0.00010809642200837466 0.00010809642200837466 0.00010809642200837466 0.00010809642200837466 0.00010809642200837466 0.00010809642200837466 0.00010809642200837466 0.00010809642200837466 0.00010809642200837466 0.00010809642200837466 0.00010809642200837466 0.00010809642200837466 0.00010809642200837466 0.00010809642200837466 0.00010809642200837466 0.00010809642200837466 0.9302260675411667 0.00010809642200837466 0.00010809642200837466 0.00010809642200837466 0.00010809642200837466 0.00010809642200837466 0.00010809642200837466
5-114878147-T-C 0.00010809642200837466 0.00010809642200837466 0.00010809642200837466 0.00010809642200837466 0.00010809642200837466 0.00010809642200837466 0.00010809642200837466 0.00010809642200837466 0.00010809642200837466 0.00010809642200837466 0.00010809642200837466 0.00010809642200837466 0.00010809642200837466 0.00010809642200837466 0.00010809642200837466 0.00010809642200837466 0.00010809642200837466 0.00010809642200837466 0.00010809642200837466 0.00010809642200837466 0.00010809642200837466 0.9302260675411667 0.00010809642200837466 0.9302260675411667
14-77499774-G-C 0.9302260675411667 0.9302260675411667 0.9302260675411667 0.9302260675411667 0.9302260675411667 0.9302260675411667 0.9302260675411667 0.9302260675411667 0.9302260675411667 0.9302260675411667 0.9302260675411667 0.00010809642200837466 0.9302260675411667 0.9302260675411667 0.9302260675411667 0.9302260675411667 0.9302260675411667 0.9302260675411667 0.9302260675411667 0.9302260675411667 0.00010809642200837466 0.9302260675411667 0.9302260675411667 0.9302260675411667
5-44473259-T-C 0.9302260675411667 0.9302260675411667 0.9302260675411667 0.9302260675411667 0.9302260675411667 0.9302260675411667 0.9302260675411667 0.9302260675411667 0.9302260675411667 0.9302260675411667 0.9302260675411667 0.9302260675411667 0.9302260675411667 0.00010809642200837466 0.9302260675411667 0.9302260675411667 0.9302260675411667 0.9302260675411667 0.9302260675411667 0.9302260675411667 0.9302260675411667 0.9302260675411667 0.9302260675411667 0.00010809642200837466
1-75211971-T-C 0.9302260675411667 0.9302260675411667 0.9302260675411667 0.9302260675411667 0.9302260675411667 0.9302260675411667 0.9302260675411667 0.9302260675411667 0.00010809642200837466 0.9302260675411667 0.00010809642200837466 0.9302260675411667 0.9302260675411667 0.9302260675411667 0.9302260675411667 0.9302260675411667 0.9302260675411667 0.9302260675411667 0.9302260675411667 0.9302260675411667 0.9302260675411667 0.9302260675411667 0.9302260675411667 0.9302260675411667
15-9612668-A-T 0.9302260675411667 0.9302260675411667 0.9302260675411667 0.9302260675411667 0.9302260675411667 0.9302260675411667 0.9302260675411667 0.9302260675411667 0.9302260675411667 0.9302260675411667 0.9302260675411667 0.9302260675411667 0.9302260675411667 0.00010809642200837466 0.9302260675411667 0.9302260675411667 0.9302260675411667 0.9302260675411667 0.9302260675411667 0.9302260675411667 0.9302260675411667 0.9302260675411667 0.9302260675411667 0.00010809642200837466
1-88214783-C-G 0.00010809642200837466 0.00010809642200837466 0.00010809642200837466 0.00010809642200837466 0.00010809642200837466 0.00010809642200837466 0.00010809642200837466 0.00010809642200837466 0.00010809642200837466 0.00010809642200837466 0.9302260675411667 0.9302260675411667 0.00010809642200837466 0.00010809642200837466 0.00010809642200837466 0.00010809642200837466 0.9302260675411667 0.00010809642200837466 0.00010809642200837466 0.00010809642200837466 0.00010809642200837466 0.00010809642200837466 0.9302260675411667 0.00010809642200837466
4-43414970-T-G 0.9302260675411667 0.00010809642200837466 0.9302260675411667 0.9302260675411667 0.9302260675411667 0.9302260675411667 0.00010809642200837466 0.00010809642200837466 0.9302260675411667 0.00010809642200837466 0.9302260675411667 0.9302260675411667 0.9302260675411667 0.9302260675411667 0.9302260675411667 0.9302260675411667 0.9302260675411667 0.9302260675411667 0.9302260675411667 0.9302260675411667 0.9302260675411667 0.9302260675411667 0.9302260675411667 0.9302260675411667
4-83818082-G-A 0.00010809642200837466 0.9302260675411667 0.9302260675411667 0.9302260675411667 0.9302260675411667 0.9302260675411667 0.9302260675411667 0.9302260675411667 0.9302260675411667 0.9302260675411667 0.9302260675411667 0.9302260675411667 0.00010809642200837466 0.9302260675411667 0.9302260675411667 0.9302260675411667 0.9302260675411667 0.9302260675411667 0.9302260675411667 0.9302260675411667 0.9302260675411667 0.9302260675411667 0.9302260675411667 0.9302260675411667
9-109651924-A-G 0.9302260675411667 0.9302260675411667 0.9302260675411667 0.9302260675411667 0.9302260675411667 0.9302260675411667 0.9302260675411667 0.9302260675411667 0.9302260675411667 0.9302260675411667 0.9302260675411667 0.00010809642200837466 0.9302260675411667 0.9302260675411667 0.9302260675411667 0.9302260675411667 0.9302260675411667 0.9302260675411667 0.9302260675411667 0.9302260675411667 0.00010809642200837466 0.9302260675411667 0.9302260675411667 0.9302260675411667
9-32254058-A-C 0.9302260675411667 0.00010809642200837466 0.9302260675411667 0.9302260675411667 0.9302260675411667 0.9302260675411667 0.00010809642200837466 0.00010809642200837466 0.9302260675411667 0.00010809642200837466 0.9302260675411667 0.9302260675411667 0.9302260675411667 0.9302260675411667 0.9302260675411667 0.9302260675411667 0.9302260675411667 0.9302260675411667 0.9302260675411667 0.9302260675411667 0.9302260675411667 0.9302260675411667 0.9302260675411667 0.9302260675411667
11-110197009-A-T 0.00010809642200837466 0.9302260675411667 0.9302260675411667 0.9302260675411667 0.9302260675411667 0.00010809642200837466 0.9302260675411667 0.9302260675411667 0.00010809642200837466 0.9302260675411667 0.00010809642200837466 0.9302260675411667 0.00010809642200837466 0.9302260675411667 0.00010809642200837466 0.9302260675411667 0.9302260675411667 0.00010809642200837466 0.9302260675411667 0.9302260675411667 0.9302260675411667 0.9302260675411667 0.00010809642200837466 0.9302260675411667
8-111889931-T-C 0.00010809642200837466 0.9302260675411667 0.9302260675411667 0.9302260675411667 0.9302260675411667 0.00010809642200837466 0.9302260675411667 0.9302260675411667 0.9302260675411667 0.9302260675411667 0.9302260675411667 0.9302260675411667 0.00010809642200837466 0.9302260675411667 0.9302260675411667 0.9302260675411667 0.9302260675411667 0.9302260675411667 0.9302260675411667 0.9302260675411667 0.9302260675411667 0.9302260675411667 0.9302260675411667 0.9302260675411667
5-114878147-T-C 0.00010809642200837466 0.00010809642200837466 0.00010809642200837466 0.00010809642200837466 0.00010809642200837466 0.00010809642200837466 0.00010809642200837466 0.00010809642200837466 0.00010809642200837466 0.00010809642200837466 0.00010809642200837466 0.00010809642200837466 0.00010809642200837466 0.00010809642200837466 0.00010809642200837466 0.00010809642200837466 0.00010809642200837466 0.00010809642200837466 0.00010809642200837466 0.00010809642200837466 0.00010809642200837466 0.9302260675411667 0.00010809642200837466 0.9302260675411667
1-46243240-T-G 0.9302260675411667 0.00010809642200837466 0.9302260675411667 0.9302260675411667 0.00010809642200837466 0.9302260675411667 0.00010809642200837466 0.00010809642200837466 0.9302260675411667 0.00010809642200837466 0.9302260675411667 0.9302260675411667 0.9302260675411667 0.9302260675411667 0.9302260675411667 0.9302260675411667 0.9302260675411667 0.9302260675411667 0.9302260675411667 0.9302260675411667 0.9302260675411667 0.9302260675411667 0.9302260675411667 0.9302260675411667
8-64094088-A-G 0.9302260675411667 0.9302260675411667 0.9302260675411667 0.9302260675411667 0.9302260675411667 0.9302260675411667 0.9302260675411667 0.9302260675411667 0.9302260675411667 0.9302260675411667 0.9302260675411667 0.9302260675411667 0.9302260675411667 0.9302260675411667 0.9302260675411667 0.9302260675411667 0.9302260675411667 0.9302260675411667 0.00010809642200837466 0.9302260675411667 0.9302260675411667 0.00010809642200837466 0.9302260675411667 0.9302260675411667
2-139547207-A-C 0.9302260675411667 0.9302260675411667 0.9302260675411667 0.9302260675411667 0.9302260675411667 0.9302260675411667 0.9302260675411667 0.9302260675411667 0.00010809642200837466 0.9302260675411667 0.00010809642200837466 0.9302260675411667 0.9302260675411667 0.9302260675411667 0.9302260675411667 0.9302260675411667 0.9302260675411667 0.9302260675411667 0.9302260675411667 0.9302260675411667 0.9302260675411667 0.9302260675411667 0.9302260675411667 0.9302260675411667
9-118557001-A-G 0.00010809642200837466 0.9302260675411667 0.9302260675411667 0.9302260675411667 0.9302260675411667 0.9302260675411667 0.9302260675411667 0.9302260675411667 0.9302260675411667 0.9302260675411667 0.9302260675411667 0.9302260675411667 0.00010809642200837466 0.9302260675411667 0.9302260675411667 0.9302260675411667 0.9302260675411667 0.9302260675411667 0.9302260675411667 0.9302260675411667 0.9302260675411667 0.9302260675411667 0.9302260675411667 0.9302260675411667
2-74668711-C-G 0.9302260675411667 0.00010809642200837466 0.9302260675411667 0.9302260675411667 0.9302260675411667 0.9302260675411667 0.00010809642200837466 0.9302260675411667 0.9302260675411667 0.9302260675411667 0.9302260675411667 0.9302260675411667 0.9302260675411667 0.9302260675411667 0.9302260675411667 0.9302260675411667 0.9302260675411667 0.9302260675411667 0.9302260675411667 0.9302260675411667 0.9302260675411667 0.9302260675411667 0.9302260675411667 0.9302260675411667
9-106710335-T-A 0.9302260675411667 0.9302260675411667 0.9302260675411667 0.9302260675411667 0.9302260675411667 0.9302260675411667 0.9302260675411667 0.9302260675411667 0.00010809642200837466 0.9302260675411667 0.00010809642200837466 0.9302260675411667 0.9302260675411667 0.9302260675411667 0.9302260675411667 0.9302260675411667 0.9302260675411667 0.9302260675411667 0.9302260675411667 0.9302260675411667 0.9302260675411667 0.9302260675411667 0.9302260675411667 0.9302260675411667
8-111283515-T-C 0.9302260675411667 0.9302260675411667 0.9302260675411667 0.00010809642200837466 0.9302260675411667 0.9302260675411667 0.9302260675411667 0.9302260675411667 0.9302260675411667 0.9302260675411667 0.9302260675411667 0.9302260675411667 0.9302260675411667 0.9302260675411667 0.9302260675411667 0.9302260675411667 0.00010809642200837466 0.9302260675411667 0.9302260675411667 0.9302260675411667 0.9302260675411667 0.9302260675411667 0.9302260675411667 0.9302260675411667
15-82335537-G-A 0.9302260675411667 0.9302260675411667 0.9302260675411667 0.9302260675411667 0.9302260675411667 0.9302260675411667 0.9302260675411667 0.9302260675411667 0.00010809642200837466 0.9302260675411667 0.00010809642200837466 0.9302260675411667 0.9302260675411667 0.9302260675411667 0.9302260675411667 0.9302260675411667 0.9302260675411667 0.9302260675411667 0.9302260675411667 0.9302260675411667 0.9302260675411667 0.9302260675411667 0.9302260675411667 0.9302260675411667
3-119141870-T-C 0.9302260675411667 0.9302260675411667 0.9302260675411667 0.9302260675411667 0.9302260675411667 0.9302260675411667 0.9302260675411667 0.9302260675411667 0.00010809642200837466 0.9302260675411667 0.00010809642200837466 0.9302260675411667 0.9302260675411667 0.9302260675411667 0.9302260675411667 0.9302260675411667 0.9302260675411667 0.9302260675411667 0.9302260675411667 0.9302260675411667 0.9302260675411667 0.9302260675411667 0.9302260675411667 0.9302260675411667
13-4376783-G-T 0.00010809642200837466 0.00010809642200837466 0.00010809642200837466 0.00010809642200837466 0.00010809642200837466 0.00010809642200837466 0.00010809642200837466 0.00010809642200837466 0.00010809642200837466 0.00010809642200837466 0.00010809642200837466 0.00010809642200837466 0.00010809642200837466 0.00010809642200837466 0.00010809642200837466 0.00010809642200837466 0.00010809642200837466 0.9302260675411667 0.00010809642200837466 0.00010809642200837466 0.00010809642200837466 0.00010809642200837466 0.00010809642200837466 0.00010809642200837466
14-56778752-T-C 0.00010809642200837466 0.9302260675411667 0.9302260675411667 0.9302260675411667 0.9302260675411667 0.9302260675411667 0.9302260675411667 0.9302260675411667 0.9302260675411667 0.9302260675411667 0.9302260675411667 0.9302260675411667 0.00010809642200837466 0.9302260675411667 0.9302260675411667 0.9302260675411667 0.9302260675411667 0.9302260675411667 0.9302260675411667 0.9302260675411667 0.9302260675411667 0.9302260675411667 0.9302260675411667 0.9302260675411667
3-91998179-A-C 0.00010809642200837466 0.9302260675411667 0.00010809642200837466 0.00010809642200837466 0.00010809642200837466 0.00010809642200837466 0.9302260675411667 0.9302260675411667 0.00010809642200837466 0.9302260675411667 0.00010809642200837466 0.00010809642200837466 0.00010809642200837466 0.00010809642200837466 0.00010809642200837466 0.9302260675411667 0.00010809642200837466 0.9302260675411667 0.00010809642200837466 0.00010809642200837466 0.00010809642200837466 0.9302260675411667 0.00010809642200837466 0.00010809642200837466
1-123445139-C-G 0.9302260675411667 0.9302260675411667 0.9302260675411667 0.9302260675411667 0.9302260675411667 0.9302260675411667 0.9302260675411667 0.9302260675411667 0.00010809642200837466 0.9302260675411667 0.00010809642200837466 0.9302260675411667 0.9302260675411667 0.9302260675411667 0.9302260675411667 0.9302260675411667 0.9302260675411667 0.9302260675411667 0.9302260675411667 0.9302260675411667 0.9302260675411667 0.9302260675411667 0.9302260675411667 0.9302260675411667
4-113517118-A-G 0.9302260675411667 0.9302260675411667 0.9302260675411667 0.9302260675411667 0.9302260675411667 0.9302260675411667 0.9302260675411667 0.9302260675411667 0.9302260675411667 0.9302260675411667 0.9302260675411667 0.9302260675411667 0.9302260675411667 0.9302260675411667 0.9302260675411667 0.9302260675411667 0.9302260675411667 0.9302260675411667 0.00010809642200837466 0.9302260675411667 0.9302260675411667 0.00010809642200837466 0.9302260675411667 0.9302260675411667
13-3353117-A-G 0.9302260675411667 0.9302260675411667 0.9302260675411667 0.9302260675411667 0.9302260675411667 0.9302260675411667 0.9302260675411667 0.9302260675411667 0.9302260675411667 0.9302260675411667 0.9302260675411667 0.00010809642200837466 0.9302260675411667 0.9302260675411667 0.9302260675411667 0.9302260675411667 0.9302260675411667 0.9302260675411667 0.9302260675411667 0.9302260675411667 0.00010809642200837466 0.9302260675411667 0.9302260675411667 0.9302260675411667
7-16213083-G-C 0.00010809642200837466 0.9302260675411667 0.9302260675411667 0.9302260675411667 0.9302260675411667 0.00010809642200837466 0.9302260675411667 0.9302260675411667 0.9302260675411667 0.9302260675411667 0.9302260675411667 0.9302260675411667 0.00010809642200837466 0.9302260675411667 0.00010809642200837466 0.9302260675411667 0.9302260675411667 0.9302260675411667 0.9302260675411667 0.9302260675411667 0.9302260675411667 0.9302260675411667 0.9302260675411667 0.9302260675411667
2-105389114-G-C 0.9302260675411667 0.00010809642200837466 0.9302260675411667 0.9302260675411667 0.9302260675411667 0.9302260675411667 0.00010809642200837466 0.9302260675411667 0.9302260675411667 0.9302260675411667 0.9302260675411667 0.9302260675411667 0.9302260675411667 0.9302260675411667 0.9302260675411667 0.9302260675411667 0.9302260675411667 0.9302260675411667 0.9302260675411667 0.9302260675411667 0.9302260675411667 0.9302260675411667 0.9302260675411667 0.9302260675411667
5-150560208-A-T 0.00010809642200837466 0.00010809642200837466 0.00010809642200837466 0.00010809642200837466 0.00010809642200837466 0.00010809642200837466 0.00010809642200837466 0.00010809642200837466 0.00010809642200837466 0.00010809642200837466 0.00010809642200837466 0.00010809642200837466 0.00010809642200837466 0.00010809642200837466 0.00010809642200837466 0.00010809642200837466 0.00010809642200837466 0.00010809642200837466 0.00010809642200837466 0.00010809642200837466 0.00010809642200837466 0.00010809642200837466 0.00010809642200837466 0.9302260675411667
3-32914063-G-A 0.9302260675411667 0.00010809642200837466 0.9302260675411667 0.9302260675411667 0.9302260675411667 0.9302260675411667 0.00010809642200837466 0.00010809642200837466 0.9302260675411667 0.00010809642200837466 0.9302260675411667 0.9302260675411667 0.9302260675411667 0.9302260675411667 0.9302260675411667 0.9302260675411667 0.9302260675411667 0.9302260675411667 0.9302260675411667 0.9302260675411667 0.9302260675411667 0.9302260675411667 0.9302260675411667 0.9302260675411667
2-128672150-T-C 0.00010809642200837466 0.00010809642200837466 0.00010809642200837466 0.00010809642200837466 0.00010809642200837466 0.00010809642200837466 0.00010809642200837466 0.00010809642200837466 0.00010809642200837466 0.00010809642200837466 0.00010809642200837466 0.9302260675411667 0.00010809642200837466 0.00010809642200837466 0.00010809642200837466 0.00010809642200837466 0.00010809642200837466 0.00010809642200837466 0.00010809642200837466 0.00010809642200837466 0.00010809642200837466 0.00010809642200837466 0.00010809642200837466 0.00010809642200837466
8-11210854-C-G 0.9302260675411667 0.00010809642200837466 0.9302260675411667 0.9302260675411667 0.9302260675411667 0.9302260675411667 0.00010809642200837466 0.00010809642200837466 0.9302260675411667 0.00010809642200837466 0.9302260675411667 0.9302260675411667 0.9302260675411667 0.9302260675411667 0.9302260675411667 0.9302260675411667 0.9302260675411667 0.9302260675411667 0.9302260675411667 0.9302260675411667 0.9302260675411667 0.9302260675411667 0.9302260675411667 0.9302260675411667
13-23545091-A-C 0.9302260675411667 0.9302260675411667 0.9302260675411667 0.00010809642200837466 0.9302260675411667 0.9302260675411667 0.9302260675411667 0.9302260675411667 0.9302260675411667 0.9302260675411667 0.9302260675411667 0.9302260675411667 0.9302260675411667 0.9302260675411667 0.9302260675411667 0.9302260675411667 0.00010809642200837466 0.9302260675411667 0.9302260675411667 0.00010809642200837466 0.9302260675411667 0.9302260675411667 0.9302260675411667 0.9302260675411667
18-23621504-G-C 0.9302260675411667 0.00010809642200837466 0.9302260675411667 0.9302260675411667 0.9302260675411667 0.9302260675411667 0.00010809642200837466 0.9302260675411667 0.9302260675411667 0.9302260675411667 0.9302260675411667 0.9302260675411667 0.9302260675411667 0.9302260675411667 0.9302260675411667 0.9302260675411667 0.9302260675411667 0.9302260675411667 0.9302260675411667 0.9302260675411667 0.9302260675411667 0.9302260675411667 0.9302260675411667 0.9302260675411667
4-145513145-G-C 0.00010809642200837466 0.00010809642200837466 0.00010809642200837466 0.00010809642200837466 0.00010809642200837466 0.00010809642200837466 0.00010809642200837466 0.00010809642200837466 0.00010809642200837466 0.00010809642200837466 0.00010809642200837466 0.00010809642200837466 0.00010809642200837466 0.00010809642200837466 0.9302260675411667 0.00010809642200837466 0.00010809642200837466 0.00010809642200837466 0.00010809642200837466 0.00010809642200837466 0.00010809642200837466 0.00010809642200837466 0.00010809642200837466 0.00010809642200837466
6-104650312-G-T 0.9302260675411667 0.9302260675411667 0.9302260675411667 0.9302260675411667 0.9302260675411667 0.9302260675411667 0.9302260675411667 0.9302260675411667 0.00010809642200837466 0.9302260675411667 0.00010809642200837466 0.9302260675411667 0.9302260675411667 0.9302260675411667 0.9302260675411667 0.9302260675411667 0.9302260675411667 0.9302260675411667 0.9302260675411667 0.9302260675411667 0.9302260675411667 0.9302260675411667 0.9302260675411667 0.9302260675411667
8-72757323-C-G 0.00010809642200837466 0.9302260675411667 0.9302260675411667 0.9302260675411667 0.9302260675411667 0.9302260675411667 0.9302260675411667 0.9302260675411667 0.9302260675411667 0.9302260675411667 0.9302260675411667 0.9302260675411667 0.00010809642200837466 0.9302260675411667 0.9302260675411667 0.9302260675411667 0.9302260675411667 0.9302260675411667 0.9302260675411667 0.9302260675411667 0.9302260675411667 0.9302260675411667 0.9302260675411667 0.9302260675411667
11-82062344-T-C 0.9302260675411667 0.9302260675411667 0.9302260675411667 0.9302260675411667 0.9302260675411667 0.9302260675411667 0.9302260675411667 0.9302260675411667 0.00010809642200837466 0.9302260675411667 0.00010809642200837466 0.9302260675411667 0.9302260675411667 0.9302260675411667 0.9302260675411667 0.9302260675411667 0.9302260675411667 0.9302260675411667 0.9302260675411667 0.9302260675411667 0.9302260675411667 0.9302260675411667 0.9302260675411667 0.9302260675411667
11-119278244-A-T 0.00010809642200837466 0.00010809642200837466 0.00010809642200837466 0.00010809642200837466 0.00010809642200837466 0.00010809642200837466 0.00010809642200837466 0.9302260675411667 0.00010809642200837466 0.00010809642200837466 0.00010809642200837466 0.00010809642200837466 0.00010809642200837466 0.00010809642200837466 0.00010809642200837466 0.00010809642200837466 0.00010809642200837466 0.00010809642200837466 0.00010809642200837466 0.00010809642200837466 0.00010809642200837466 0.00010809642200837466 0.00010809642200837466 0.00010809642200837466
16-22254519-T-C 0.00010809642200837466 0.9302260675411667 0.9302260675411667 0.9302260675411667 0.9302260675411667 0.9302260675411667 0.9302260675411667 0.9302260675411667 0.9302260675411667 0.9302260675411667 0.9302260675411667 0.9302260675411667 0.00010809642200837466 0.9302260675411667 0.9302260675411667 0.9302260675411667 0.9302260675411667 0.9302260675411667 0.9302260675411667 0.9302260675411667 0.9302260675411667 0.9302260675411667 0.9302260675411667 0.9302260675411667
5-107497711-T-A 0.00010809642200837466 0.00010809642200837466 0.00010809642200837466 0.00010809642200837466 0.00010809642200837466 0.00010809642200837466 0.00010809642200837466 0.00010809642200837466 0.00010809642200837466 0.00010809642200837466 0.00010809642200837466 0.00010809642200837466 0.00010809642200837466 0.00010809642200837466 0.00010809642200837466 0.00010809642200837466 0.00010809642200837466 0.00010809642200837466 0.00010809642200837466 0.00010809642200837466 0.00010809642200837466 0.9302260675411667 0.00010809642200837466 0.9302260675411667
15-102484040-T-A 0.9302260675411667 0.9302260675411667 0.9302260675411667 0.00010809642200837466 0.9302260675411667 0.9302260675411667 0.9302260675411667 0.9302260675411667 0.9302260675411667 0.9302260675411667 0.9302260675411667 0.9302260675411667 0.9302260675411667 0.9302260675411667 0.9302260675411667 0.9302260675411667 0.00010809642200837466 0.9302260675411667 0.9302260675411667 0.00010809642200837466 0.9302260675411667 0.9302260675411667 0.9302260675411667 0.9302260675411667
6-125179520-T-C 0.9302260675411667 0.9302260675411667 0.9302260675411667 0.9302260675411667 0.9302260675411667 0.9302260675411667 0.9302260675411667 0.9302260675411667 0.00010809642200837466 0.9302260675411667 0.00010809642200837466 0.9302260675411667 0.9302260675411667 0.9302260675411667 0.9302260675411667 0.9302260675411667 0.9302260675411667 0.9302260675411667 0.9302260675411667 0.9302260675411667 0.9302260675411667 0.9302260675411667 0.9302260675411667 0.9302260675411667
9-31434592-T-C 0.9302260675411667 0.00010809642200837466 0.9302260675411667 0.9302260675411667 0.9302260675411667 0.9302260675411667 0.00010809642200837466 0.9302260675411667 0.9302260675411667 0.9302260675411667 0.9302260675411667 0.9302260675411667 0.9302260675411667 0.9302260675411667 0.9302260675411667 0.9302260675411667 0.9302260675411667 0.9302260675411667 0.9302260675411667 0.9302260675411667 0.9302260675411667 0.9302260675411667 0.9302260675411667 0.9302260675411667
2-129123332-G-A 0.00010809642200837466 0.00010809642200837466 0.00010809642200837466 0.00010809642200837466 0.00010809642200837466 0.00010809642200837466 0.00010809642200837466 0.00010809642200837466 0.00010809642200837466 0.00010809642200837466 0.00010809642200837466 0.9302260675411667 0.00010809642200837466 0.00010809642200837466 0.00010809642200837466 0.00010809642200837466 0.00010809642200837466 0.00010809642200837466 0.00010809642200837466 0.00010809642200837466 0.00010809642200837466 0.00010809642200837466 0.00010809642200837466 0.00010809642200837466
1-162723237-G-A 0.9302260675411667 0.00010809642200837466 0.9302260675411667 0.9302260675411667 0.9302260675411667 0.9302260675411667 0.00010809642200837466 0.9302260675411667 0.9302260675411667 0.9302260675411667 0.9302260675411667 0.9302260675411667 0.9302260675411667 0.9302260675411667 0.9302260675411667 0.9302260675411667 0.9302260675411667 0.9302260675411667 0.9302260675411667 0.9302260675411667 0.9302260675411667 0.9302260675411667 0.9302260675411667 0.9302260675411667
5-144891377-A-G 0.00010809642200837466 0.00010809642200837466 0.9302260675411667 0.9302260675411667 0.00010809642200837466 0.00010809642200837466 0.9302260675411667 0.00010809642200837466 0.00010809642200837466 0.00010809642200837466 0.00010809642200837466 0.9302260675411667 0.00010809642200837466 0.9302260675411667 0.00010809642200837466 0.9302260675411667 0.9302260675411667 0.00010809642200837466 0.9302260675411667 0.9302260675411667 0.9302260675411667 0.9302260675411667 0.00010809642200837466 0.9302260675411667
4-57225727-T-C 0.9302260675411667 0.9302260675411667 0.00010809642200837466 0.9302260675411667 0.9302260675411667 0.9302260675411667 0.00010809642200837466 0.9302260675411667 0.9302260675411667 0.9302260675411667 0.9302260675411667 0.00010809642200837466 0.9302260675411667 0.9302260675411667 0.9302260675411667 0.00010809642200837466 0.9302260675411667 0.9302260675411667 0.00010809642200837466 0.9302260675411667 0.00010809642200837466 0.00010809642200837466 0.9302260675411667 0.9302260675411667
6-134856046-G-A 0.00010809642200837466 0.00010809642200837466 0.00010809642200837466 0.00010809642200837466 0.00010809642200837466 0.00010809642200837466 0.00010809642200837466 0.00010809642200837466 0.9302260675411667 0.00010809642200837466 0.9302260675411667 0.00010809642200837466 0.00010809642200837466 0.00010809642200837466 0.00010809642200837466 0.00010809642200837466 0.00010809642200837466 0.00010809642200837466 0.00010809642200837466 0.00010809642200837466 0.00010809642200837466 0.00010809642200837466 0.00010809642200837466 0.00010809642200837466
1-21349996-A-C 0.9302260675411667 0.9302260675411667 0.9302260675411667 0.9302260675411667 0.9302260675411667 0.9302260675411667 0.9302260675411667 0.9302260675411667 0.00010809642200837466 0.9302260675411667 0.00010809642200837466 0.9302260675411667 0.9302260675411667 0.9302260675411667 0.9302260675411667 0.9302260675411667 0.9302260675411667 0.9302260675411667 0.9302260675411667 0.9302260675411667 0.9302260675411667 0.9302260675411667 0.9302260675411667 0.9302260675411667
13-12413478-C-T 0.00010809642200837466 0.00010809642200837466 0.00010809642200837466 0.00010809642200837466 0.00010809642200837466 0.00010809642200837466 0.00010809642200837466 0.00010809642200837466 0.00010809642200837466 0.00010809642200837466 0.00010809642200837466 0.00010809642200837466 0.00010809642200837466 0.00010809642200837466 0.00010809642200837466 0.00010809642200837466 0.00010809642200837466 0.00010809642200837466 0.00010809642200837466 0.00010809642200837466 0.00010809642200837466 0.00010809642200837466 0.00010809642200837466 0.9302260675411667
17-32674342-A-G 0.9302260675411667 0.9302260675411667 0.9302260675411667 0.9302260675411667 0.9302260675411667 0.9302260675411667 0.9302260675411667 0.9302260675411667 0.00010809642200837466 0.9302260675411667 0.00010809642200837466 0.9302260675411667 0.9302260675411667 0.9302260675411667 0.9302260675411667 0.9302260675411667 0.9302260675411667 0.9302260675411667 0.9302260675411667 0.9302260675411667 0.9302260675411667 0.9302260675411667 0.9302260675411667 0.9302260675411667
14-51145911-C-T 0.00010809642200837466 0.00010809642200837466 0.00010809642200837466 0.00010809642200837466 0.00010809642200837466 0.00010809642200837466 0.00010809642200837466 0.00010809642200837466 0.00010809642200837466 0.00010809642200837466 0.00010809642200837466 0.00010809642200837466 0.00010809642200837466 0.00010809642200837466 0.00010809642200837466 0.00010809642200837466 0.00010809642200837466 0.9302260675411667 0.00010809642200837466 0.00010809642200837466 0.00010809642200837466 0.00010809642200837466 0.00010809642200837466 0.00010809642200837466
6-35613483-G-A 0.9302260675411667 0.00010809642200837466 0.00010809642200837466 0.00010809642200837466 0.00010809642200837466 0.9302260675411667 0.00010809642200837466 0.00010809642200837466 0.00010809642200837466 0.00010809642200837466 0.00010809642200837466 0.00010809642200837466 0.9302260675411667 0.00010809642200837466 0.9302260675411667 0.00010809642200837466 0.00010809642200837466 0.00010809642200837466 0.00010809642200837466 0.00010809642200837466 0.00010809642200837466 0.00010809642200837466 0.00010809642200837466 0.00010809642200837466
5-87785380-A-T 0.9302260675411667 0.00010809642200837466 0.9302260675411667 0.9302260675411667 0.9302260675411667 0.9302260675411667 0.00010809642200837466 0.9302260675411667 0.9302260675411667 0.9302260675411667 0.9302260675411667 0.9302260675411667 0.9302260675411667 0.9302260675411667 0.9302260675411667 0.9302260675411667 0.9302260675411667 0.9302260675411667 0.9302260675411667 0.9302260675411667 0.9302260675411667 0.9302260675411667 0.9302260675411667 0.9302260675411667
2-91591849-T-G 0.00010809642200837466 0.00010809642200837466 0.00010809642200837466 0.00010809642200837466 0.00010809642200837466 0.00010809642200837466 0.00010809642200837466 0.00010809642200837466 0.00010809642200837466 0.00010809642200837466 0.00010809642200837466 0.9302260675411667 0.00010809642200837466 0.00010809642200837466 0.00010809642200837466 0.00010809642200837466 0.00010809642200837466 0.00010809642200837466 0.00010809642200837466 0.00010809642200837466 0.00010809642200837466 0.00010809642200837466 0.00010809642200837466 0.00010809642200837466
11-69850056-G-A 0.9302260675411667 0.9302260675411667 0.9302260675411667 0.9302260675411667 0.9302260675411667 0.9302260675411667 0.9302260675411667 0.9302260675411667 0.9302260675411667 0.9302260675411667 0.9302260675411667 0.00010809642200837466 0.9302260675411667 0.9302260675411667 0.9302260675411667 0.9302260675411667 0.9302260675411667 0.9302260675411667 0.9302260675411667 0.9302260675411667 0.00010809642200837466 0.9302260675411667 0.9302260675411667 0.9302260675411667
13-100781050-C-T 0.00010809642200837466 0.9302260675411667 0.9302260675411667 0.9302260675411667 0.9302260675411667 0.00010809642200837466 0.9302260675411667 0.9302260675411667 0.00010809642200837466 0.9302260675411667 0.00010809642200837466 0.9302260675411667 0.00010809642200837466 0.9302260675411667 0.00010809642200837466 0.9302260675411667 0.9302260675411667 0.00010809642200837466 0.9302260675411667 0.9302260675411667 0.9302260675411667 0.9302260675411667 0.00010809642200837466 0.9302260675411667
16-45427871-C-G 0.9302260675411667 0.9302260675411667 0.9302260675411667 0.9302260675411667 0.9302260675411667 0.9302260675411667 0.9302260675411667 0.9302260675411667 0.00010809642200837466 0.9302260675411667 0.00010809642200837466 0.9302260675411667 0.9302260675411667 0.9302260675411667 0.9302260675411667 0.9302260675411667 0.9302260675411667 0.9302260675411667 0.9302260675411667 0.9302260675411667 0.9302260675411667 0.9302260675411667 0.9302260675411667 0.9302260675411667
3-46446694-A-T 0.00010809642200837466 0.9302260675411667 0.9302260675411667 0.9302260675411667 0.9302260675411667 0.9302260675411667 0.9302260675411667 0.9302260675411667 0.9302260675411667 0.9302260675411667 0.9302260675411667 0.9302260675411667 0.00010809642200837466 0.9302260675411667 0.9302260675411667 0.9302260675411667 0.9302260675411667 0.9302260675411667 0.9302260675411667 0.9302260675411667 0.9302260675411667 0.9302260675411667 0.9302260675411667 0.9302260675411667
13-66875066-A-T 0.00010809642200837466 0.00010809642200837466 0.00010809642200837466 0.00010809642200837466 0.00010809642200837466 0.00010809642200837466 0.00010809642200837466 0.00010809642200837466 0.00010809642200837466 0.00010809642200837466 0.00010809642200837466 0.00010809642200837466 0.00010809642200837466 0.00010809642200837466 0.00010809642200837466 0.00010809642200837466 0.00010809642200837466 0.00010809642200837466 0.00010809642200837466 0.00010809642200837466 0.00010809642200837466 0.00010809642200837466 0.00010809642200837466 0.9302260675411667
8-80612115-C-T 0.9302260675411667 0.9302260675411667 0.9302260675411667 0.00010809642200837466 0.9302260675411667 0.9302260675411667 0.9302260675411667 0.9302260675411667 0.9302260675411667 0.9302260675411667 0.9302260675411667 0.9302260675411667 0.9302260675411667 0.9302260675411667 0.9302260675411667 0.9302260675411667 0.00010809642200837466 0.9302260675411667 0.9302260675411667 0.00010809642200837466 0.9302260675411667 0.9302260675411667 0.9302260675411667 0.9302260675411667
13-4376783-G-T 0.00010809642200837466 0.00010809642200837466 0.00010809642200837466 0.00010809642200837466 0.00010809642200837466 0.00010809642200837466 0.00010809642200837466 0.00010809642200837466 0.00010809642200837466 0.00010809642200837466 0.00010809642200837466 0.00010809642200837466 0.00010809642200837466 0.00010809642200837466 0.00010809642200837466 0.00010809642200837466 0.00010809642200837466 0.9302260675411667 0.00010809642200837466 0.00010809642200837466 0.00010809642200837466 0.00010809642200837466 0.00010809642200837466 0.00010809642200837466
6-136241795-A-G 0.9302260675411667 0.00010809642200837466 0.9302260675411667 0.00010809642200837466 0.00010809642200837466 0.9302260675411667 0.9302260675411667 0.00010809642200837466 0.00010809642200837466 0.00010809642200837466 0.00010809642200837466 0.9302260675411667 0.9302260675411667 0.00010809642200837466 0.9302260675411667 0.9302260675411667 0.00010809642200837466 0.9302260675411667 0.9302260675411667 0.00010809642200837466 0.9302260675411667 0.9302260675411667 0.00010809642200837466 0.00010809642200837466
15-78791169-A-G 0.9302260675411667 0.9302260675411667 0.9302260675411667 0.9302260675411667 0.9302260675411667 0.9302260675411667 0.9302260675411667 0.9302260675411667 0.00010809642200837466 0.9302260675411667 0.00010809642200837466 0.9302260675411667 0.9302260675411667 0.9302260675411667 0.9302260675411667 0.9302260675411667 0.9302260675411667 0.9302260675411667 0.9302260675411667 0.9302260675411667 0.9302260675411667 0.9302260675411667 0.9302260675411667 0.9302260675411667
19-26676842-C-G 0.9302260675411667 0.00010809642200837466 0.9302260675411667 0.9302260675411667 0.9302260675411667 0.9302260675411667 0.00010809642200837466 0.9302260675411667 0.9302260675411667 0.9302260675411667 0.9302260675411667 0.9302260675411667 0.9302260675411667 0.9302260675411667 0.9302260675411667 0.9302260675411667 0.9302260675411667 0.9302260675411667 0.9302260675411667 0.9302260675411667 0.9302260675411667 0.9302260675411667 0.9302260675411667 0.9302260675411667
2-83736468-A-C 0.9302260675411667 0.9302260675411667 0.9302260675411667 0.9302260675411667 0.9302260675411667 0.9302260675411667 0.9302260675411667 0.9302260675411667 0.00010809642200837466 0.9302260675411667 0.00010809642200837466 0.9302260675411667 0.9302260675411667 0.9302260675411667 0.9302260675411667 0.9302260675411667 0.9302260675411667 0.9302260675411667 0.9302260675411667 0.9302260675411667 0.9302260675411667 0.9302260675411667 0.9302260675411667 0.9302260675411667
1-171283245-C-T 0.9302260675411667 0.9302260675411667 0.9302260675411667 0.9302260675411667 0.9302260675411667 0.9302260675411667 0.9302260675411667 0.9302260675411667 0.00010809642200837466 0.9302260675411667 0.00010809642200837466 0.9302260675411667 0.9302260675411667 0.9302260675411667 0.9302260675411667 0.9302260675411667 0.9302260675411667 0.9302260675411667 0.9302260675411667 0.9302260675411667 0.9302260675411667 0.9302260675411667 0.9302260675411667 0.9302260675411667
4-14811492-C-A 0.00010809642200837466 0.00010809642200837466 0.00010809642200837466 0.9302260675411667 0.00010809642200837466 0.00010809642200837466 0.00010809642200837466 0.9302260675411667 0.00010809642200837466 0.00010809642200837466 0.00010809642200837466 0.00010809642200837466 0.00010809642200837466 0.00010809642200837466 0.00010809642200837466 0.00010809642200837466 0.00010809642200837466 0.00010809642200837466 0.00010809642200837466 0.00010809642200837466 0.00010809642200837466 0.00010809642200837466 0.9302260675411667 0.00010809642200837466
5-21756942-T-G 0.9302260675411667 0.9302260675411667 0.9302260675411667 0.9302260675411667 0.9302260675411667 0.9302260675411667 0.9302260675411667 0.9302260675411667 0.00010809642200837466 0.9302260675411667 0.00010809642200837466 0.9302260675411667 0.9302260675411667 0.9302260675411667 0.9302260675411667 0.9302260675411667 0.9302260675411667 0.9302260675411667 0.9302260675411667 0.9302260675411667 0.9302260675411667 0.9302260675411667 0.9302260675411667 0.9302260675411667
5-72580805-C-T 0.00010809642200837466 0.9302260675411667 0.9302260675411667 0.9302260675411667 0.9302260675411667 0.00010809642200837466 0.9302260675411667 0.9302260675411667 0.9302260675411667 0.9302260675411667 0.9302260675411667 0.9302260675411667 0.00010809642200837466 0.9302260675411667 0.9302260675411667 0.9302260675411667 0.9302260675411667 0.9302260675411667 0.9302260675411667 0.9302260675411667 0.9302260675411667 0.9302260675411667 0.9302260675411667 0.9302260675411667
9-22250041-T-A 0.00010809642200837466 0.9302260675411667 0.9302260675411667 0.9302260675411667 0.9302260675411667 0.00010809642200837466 0.9302260675411667 0.9302260675411667 0.00010809642200837466 0.9302260675411667 0.00010809642200837466 0.9302260675411667 0.00010809642200837466 0.9302260675411667 0.00010809642200837466 0.9302260675411667 0.9302260675411667 0.9302260675411667 0.9302260675411667 0.9302260675411667 0.9302260675411667 0.9302260675411667 0.00010809642200837466 0.9302260675411667
4-120778984-T-C 0.9302260675411667 0.9302260675411667 0.9302260675411667 0.9302260675411667 0.9302260675411667 0.9302260675411667 0.9302260675411667 0.9302260675411667 0.00010809642200837466 0.9302260675411667 0.00010809642200837466 0.9302260675411667 0.9302260675411667 0.9302260675411667 0.9302260675411667 0.9302260675411667 0.9302260675411667 0.9302260675411667 0.9302260675411667 0.9302260675411667 0.9302260675411667 0.9302260675411667 0.9302260675411667 0.9302260675411667
8-106572946-G-T 0.00010809642200837466 0.00010809642200837466 0.00010809642200837466 0.00010809642200837466 0.00010809642200837466 0.00010809642200837466 0.00010809642200837466 0.00010809642200837466 0.00010809642200837466 0.00010809642200837466 0.9302260675411667 0.00010809642200837466 0.00010809642200837466 0.00010809642200837466 0.00010809642200837466 0.00010809642200837466 0.00010809642200837466 0.00010809642200837466 0.00010809642200837466 0.00010809642200837466 0.00010809642200837466 0.00010809642200837466 0.00010809642200837466 0.00010809642200837466
3-92026542-C-A 0.00010809642200837466 0.9302260675411667 0.9302260675411667 0.9302260675411667 0.9302260675411667 0.00010809642200837466 0.9302260675411667 0.9302260675411667 0.9302260675411667 0.9302260675411667 0.9302260675411667 0.9302260675411667 0.00010809642200837466 0.9302260675411667 0.00010809642200837466 0.9302260675411667 0.9302260675411667 0.9302260675411667 0.9302260675411667 0.9302260675411667 0.9302260675411667 0.9302260675411667 0.00010809642200837466 0.9302260675411667
7-123152126-T-C 0.00010809642200837466 0.9302260675411667 0.9302260675411667 0.9302260675411667 0.9302260675411667 0.9302260675411667 0.9302260675411667 0.9302260675411667 0.9302260675411667 0.9302260675411667 0.9302260675411667 0.9302260675411667 0.9302260675411667 0.9302260675411667 0.9302260675411667 0.9302260675411667 0.9302260675411667 0.9302260675411667 0.9302260675411667 0.00010809642200837466 0.9302260675411667 0.9302260675411667 0.9302260675411667 0.9302260675411667
14-5019585-G-C 0.00010809642200837466 0.00010809642200837466 0.00010809642200837466 0.00010809642200837466 0.9302260675411667 0.00010809642200837466 0.00010809642200837466 0.00010809642200837466 0.00010809642200837466 0.00010809642200837466 0.00010809642200837466 0.9302260675411667 0.00010809642200837466 0.00010809642200837466 0.00010809642200837466 0.00010809642200837466 0.00010809642200837466 0.00010809642200837466 0.00010809642200837466 0.00010809642200837466 0.00010809642200837466 0.00010809642200837466 0.00010809642200837466 0.00010809642200837466
10-107686444-A-G 0.00010809642200837466 0.9302260675411667 0.9302260675411667 0.9302260675411667 0.9302260675411667 0.00010809642200837466 0.9302260675411667 0.9302260675411667 0.9302260675411667 0.9302260675411667 0.9302260675411667 0.9302260675411667 0.00010809642200837466 0.9302260675411667 0.00010809642200837466 0.9302260675411667 0.9302260675411667 0.9302260675411667 0.9302260675411667 0.9302260675411667 0.9302260675411667 0.9302260675411667 0.9302260675411667 0.9302260675411667
9-109116701-G-T 0.00010809642200837466 0.9302260675411667 0.9302260675411667 0.9302260675411667 0.9302260675411667 0.00010809642200837466 0.9302260675411667 0.9302260675411667 0.00010809642200837466 0.9302260675411667 0.00010809642200837466 0.9302260675411667 0.00010809642200837466 0.9302260675411667 0.00010809642200837466 0.9302260675411667 0.9302260675411667 0.00010809642200837466 0.9302260675411667 0.9302260675411667 0.9302260675411667 0.9302260675411667 0.00010809642200837466 0.9302260675411667
5-123922312-A-G 0.9302260675411667 0.9302260675411667 0.9302260675411667 0.9302260675411667 0.9302260675411667 0.9302260675411667 0.9302260675411667 0.9302260675411667 0.00010809642200837466 0.9302260675411667 0.00010809642200837466 0.9302260675411667 0.9302260675411667 0.9302260675411667 0.9302260675411667 0.9302260675411667 0.9302260675411667 0.9302260675411667 0.9302260675411667 0.9302260675411667 0.9302260675411667 0.9302260675411667 0.9302260675411667 0.9302260675411667
6-136401550-G-A 0.9302260675411667 0.00010809642200837466 0.00010809642200837466 0.00010809642200837466 0.00010809642200837466 0.9302260675411667 0.00010809642200837466 0.00010809642200837466 0.00010809642200837466 0.00010809642200837466 0.00010809642200837466 0.00010809642200837466 0.9302260675411667 0.00010809642200837466 0.9302260675411667 0.00010809642200837466 0.00010809642200837466 0.00010809642200837466 0.00010809642200837466 0.00010809642200837466 0.00010809642200837466 0.00010809642200837466 0.00010809642200837466 0.00010809642200837466
7-7916491-G-T 0.9302260675411667 0.00010809642200837466 0.9302260675411667 0.9302260675411667 0.9302260675411667 0.9302260675411667 0.00010809642200837466 0.9302260675411667 0.9302260675411667 0.00010809642200837466 0.9302260675411667 0.9302260675411667 0.9302260675411667 0.9302260675411667 0.9302260675411667 0.9302260675411667 0.9302260675411667 0.9302260675411667 0.9302260675411667 0.9302260675411667 0.9302260675411667 0.9302260675411667 0.9302260675411667 0.9302260675411667
10-127295215-T-C 0.9302260675411667 0.9302260675411667 0.9302260675411667 0.9302260675411667 0.9302260675411667 0.9302260675411667 0.9302260675411667 0.9302260675411667 0.00010809642200837466 0.9302260675411667 0.00010809642200837466 0.9302260675411667 0.9302260675411667 0.9302260675411667 0.9302260675411667 0.9302260675411667 0.9302260675411667 0.9302260675411667 0.9302260675411667 0.9302260675411667 0.9302260675411667 0.9302260675411667 0.9302260675411667 0.9302260675411667
17-20814579-T-A 0.9302260675411667 0.9302260675411667 0.9302260675411667 0.00010809642200837466 0.9302260675411667 0.9302260675411667 0.9302260675411667 0.9302260675411667 0.9302260675411667 0.9302260675411667 0.9302260675411667 0.9302260675411667 0.9302260675411667 0.9302260675411667 0.9302260675411667 0.9302260675411667 0.00010809642200837466 0.9302260675411667 0.9302260675411667 0.00010809642200837466 0.9302260675411667 0.9302260675411667 0.9302260675411667 0.9302260675411667
6-132737111-A-T 0.9302260675411667 0.9302260675411667 0.9302260675411667 0.00010809642200837466 0.9302260675411667 0.9302260675411667 0.9302260675411667 0.9302260675411667 0.9302260675411667 0.9302260675411667 0.9302260675411667 0.9302260675411667 0.9302260675411667 0.9302260675411667 0.9302260675411667 0.9302260675411667 0.00010809642200837466 0.9302260675411667 0.9302260675411667 0.00010809642200837466 0.9302260675411667 0.9302260675411667 0.9302260675411667 0.9302260675411667
9-109116701-G-T 0.00010809642200837466 0.9302260675411667 0.9302260675411667 0.9302260675411667 0.9302260675411667 0.00010809642200837466 0.9302260675411667 0.9302260675411667 0.00010809642200837466 0.9302260675411667 0.00010809642200837466 0.9302260675411667 0.00010809642200837466 0.9302260675411667 0.00010809642200837466 0.9302260675411667 0.9302260675411667 0.00010809642200837466 0.9302260675411667 0.9302260675411667 0.9302260675411667 0.9302260675411667 0.00010809642200837466 0.9302260675411667
5-120735136-C-T 0.00010809642200837466 0.9302260675411667 0.9302260675411667 0.9302260675411667 0.9302260675411667 0.9302260675411667 0.9302260675411667 0.9302260675411667 0.9302260675411667 0.9302260675411667 0.9302260675411667 0.9302260675411667 0.00010809642200837466 0.9302260675411667 0.9302260675411667 0.9302260675411667 0.9302260675411667 0.9302260675411667 0.9302260675411667 0.9302260675411667 0.9302260675411667 0.9302260675411667 0.9302260675411667 0.9302260675411667
15-10574566-C-T 0.9302260675411667 0.00010809642200837466 0.9302260675411667 0.9302260675411667 0.9302260675411667 0.9302260675411667 0.00010809642200837466 0.9302260675411667 0.9302260675411667 0.9302260675411667 0.9302260675411667 0.9302260675411667 0.9302260675411667 0.9302260675411667 0.9302260675411667 0.9302260675411667 0.9302260675411667 0.9302260675411667 0.9302260675411667 0.9302260675411667 0.9302260675411667 0.9302260675411667 0.9302260675411667 0.9302260675411667
3-135235378-A-G 0.9302260675411667 0.9302260675411667 0.9302260675411667 0.9302260675411667 0.9302260675411667 0.9302260675411667 0.9302260675411667 0.9302260675411667 0.00010809642200837466 0.9302260675411667 0.00010809642200837466 0.9302260675411667 0.9302260675411667 0.9302260675411667 0.9302260675411667 0.9302260675411667 0.9302260675411667 0.9302260675411667 0.9302260675411667 0.9302260675411667 0.9302260675411667 0.9302260675411667 0.9302260675411667 0.9302260675411667
16-90249513-C-T 0.9302260675411667 0.9302260675411667 0.9302260675411667 0.9302260675411667 0.9302260675411667 0.9302260675411667 0.9302260675411667 0.9302260675411667 0.00010809642200837466 0.9302260675411667 0.00010809642200837466 0.9302260675411667 0.9302260675411667 0.9302260675411667 0.9302260675411667 0.9302260675411667 0.9302260675411667 0.9302260675411667 0.9302260675411667 0.9302260675411667 0.9302260675411667 0.9302260675411667 0.9302260675411667 0.9302260675411667
1-128005395-T-A 0.9302260675411667 0.9302260675411667 0.9302260675411667 0.9302260675411667 0.9302260675411667 0.9302260675411667 0.9302260675411667 0.9302260675411667 0.00010809642200837466 0.9302260675411667 0.00010809642200837466 0.9302260675411667 0.9302260675411667 0.9302260675411667 0.9302260675411667 0.9302260675411667 0.9302260675411667 0.9302260675411667 0.9302260675411667 0.9302260675411667 0.9302260675411667 0.9302260675411667 0.9302260675411667 0.9302260675411667
11-16908780-T-G 0.9302260675411667 0.9302260675411667 0.9302260675411667 0.9302260675411667 0.9302260675411667 0.9302260675411667 0.9302260675411667 0.9302260675411667 0.9302260675411667 0.9302260675411667 0.9302260675411667 0.00010809642200837466 0.9302260675411667 0.9302260675411667 0.9302260675411667 0.9302260675411667 0.9302260675411667 0.9302260675411667 0.9302260675411667 0.9302260675411667 0.00010809642200837466 0.9302260675411667 0.9302260675411667 0.9302260675411667
8-82770892-T-A 0.9302260675411667 0.9302260675411667 0.9302260675411667 0.9302260675411667 0.9302260675411667 0.9302260675411667 0.9302260675411667 0.9302260675411667 0.9302260675411667 0.9302260675411667 0.9302260675411667 0.9302260675411667 0.9302260675411667 0.00010809642200837466 0.9302260675411667 0.9302260675411667 0.9302260675411667 0.9302260675411667 0.9302260675411667 0.9302260675411667 0.9302260675411667 0.9302260675411667 0.9302260675411667 0.00010809642200837466
6-70130431-A-C 0.9302260675411667 0.00010809642200837466 0.00010809642200837466 0.00010809642200837466 0.00010809642200837466 0.9302260675411667 0.00010809642200837466 0.00010809642200837466 0.00010809642200837466 0.00010809642200837466 0.00010809642200837466 0.00010809642200837466 0.9302260675411667 0.00010809642200837466 0.9302260675411667 0.00010809642200837466 0.00010809642200837466 0.00010809642200837466 0.00010809642200837466 0.00010809642200837466 0.00010809642200837466 0.00010809642200837466 0.00010809642200837466 0.00010809642200837466
16-20282805-T-C 0.00010809642200837466 0.9302260675411667 0.9302260675411667 0.9302260675411667 0.9302260675411667 0.9302260675411667 0.9302260675411667 0.9302260675411667 0.9302260675411667 0.9302260675411667 0.9302260675411667 0.9302260675411667 0.00010809642200837466 0.9302260675411667 0.9302260675411667 0.9302260675411667 0.9302260675411667 0.9302260675411667 0.9302260675411667 0.9302260675411667 0.9302260675411667 0.9302260675411667 0.9302260675411667 0.9302260675411667
2-83915614-G-A 0.00010809642200837466 0.00010809642200837466 0.00010809642200837466 0.00010809642200837466 0.00010809642200837466 0.00010809642200837466 0.00010809642200837466 0.00010809642200837466 0.00010809642200837466 0.00010809642200837466 0.00010809642200837466 0.9302260675411667 0.00010809642200837466 0.00010809642200837466 0.00010809642200837466 0.00010809642200837466 0.00010809642200837466 0.00010809642200837466 0.00010809642200837466 0.00010809642200837466 0.00010809642200837466 0.00010809642200837466 0.00010809642200837466 0.00010809642200837466
1-74133370-A-G 0.9302260675411667 0.9302260675411667 0.9302260675411667 0.9302260675411667 0.9302260675411667 0.9302260675411667 0.9302260675411667 0.9302260675411667 0.00010809642200837466 0.9302260675411667 0.00010809642200837466 0.9302260675411667 0.9302260675411667 0.9302260675411667 0.9302260675411667 0.9302260675411667 0.9302260675411667 0.9302260675411667 0.9302260675411667 0.9302260675411667 0.9302260675411667 0.9302260675411667 0.9302260675411667 0.9302260675411667
13-67609711-A-T 0.9302260675411667 0.9302260675411667 0.9302260675411667 0.9302260675411667 0.9302260675411667 0.9302260675411667 0.9302260675411667 0.9302260675411667 0.00010809642200837466 0.9302260675411667 0.00010809642200837466 0.9302260675411667 0.9302260675411667 0.9302260675411667 0.9302260675411667 0.9302260675411667 0.9302260675411667 0.9302260675411667 0.9302260675411667 0.9302260675411667 0.9302260675411667 0.9302260675411667 0.9302260675411667 0.9302260675411667
1-89837658-T-G 0.00010809642200837466 0.9302260675411667 0.9302260675411667 0.9302260675411667 0.9302260675411667 0.9302260675411667 0.9302260675411667 0.9302260675411667 0.9302260675411667 0.9302260675411667 0.9302260675411667 0.9302260675411667 0.00010809642200837466 0.9302260675411667 0.9302260675411667 0.9302260675411667 0.9302260675411667 0.9302260675411667 0.9302260675411667 0.9302260675411667 0.9302260675411667 0.9302260675411667 0.9302260675411667 0.9302260675411667
10-81207678-C-G 0.9302260675411667 0.9302260675411667 0.9302260675411667 0.9302260675411667 0.9302260675411667 0.9302260675411667 0.9302260675411667 0.9302260675411667 0.9302260675411667 0.9302260675411667 0.9302260675411667 0.00010809642200837466 0.9302260675411667 0.9302260675411667 0.9302260675411667 0.9302260675411667 0.9302260675411667 0.9302260675411667 0.9302260675411667 0.9302260675411667 0.00010809642200837466 0.9302260675411667 0.9302260675411667 0.9302260675411667
4-86604271-A-G 0.9302260675411667 0.9302260675411667 0.9302260675411667 0.9302260675411667 0.9302260675411667 0.9302260675411667 0.9302260675411667 0.9302260675411667 0.00010809642200837466 0.9302260675411667 0.00010809642200837466 0.9302260675411667 0.9302260675411667 0.9302260675411667 0.9302260675411667 0.9302260675411667 0.9302260675411667 0.9302260675411667 0.9302260675411667 0.9302260675411667 0.9302260675411667 0.9302260675411667 0.9302260675411667 0.9302260675411667
16-95990979-G-A 0.9302260675411667 0.9302260675411667 0.9302260675411667 0.9302260675411667 0.9302260675411667 0.9302260675411667 0.9302260675411667 0.9302260675411667 0.9302260675411667 0.9302260675411667 0.9302260675411667 0.9302260675411667 0.9302260675411667 0.00010809642200837466 0.9302260675411667 0.9302260675411667 0.9302260675411667 0.9302260675411667 0.9302260675411667 0.9302260675411667 0.9302260675411667 0.9302260675411667 0.9302260675411667 0.00010809642200837466
6-5230454-G-A 0.9302260675411667 0.00010809642200837466 0.00010809642200837466 0.00010809642200837466 0.00010809642200837466 0.9302260675411667 0.00010809642200837466 0.00010809642200837466 0.00010809642200837466 0.00010809642200837466 0.00010809642200837466 0.00010809642200837466 0.9302260675411667 0.00010809642200837466 0.9302260675411667 0.00010809642200837466 0.00010809642200837466 0.00010809642200837466 0.00010809642200837466 0.00010809642200837466 0.00010809642200837466 0.00010809642200837466 0.00010809642200837466 0.00010809642200837466
18-52639586-T-A 0.9302260675411667 0.9302260675411667 0.9302260675411667 0.9302260675411667 0.9302260675411667 0.9302260675411667 0.9302260675411667 0.9302260675411667 0.00010809642200837466 0.9302260675411667 0.00010809642200837466 0.9302260675411667 0.9302260675411667 0.9302260675411667 0.9302260675411667 0.9302260675411667 0.9302260675411667 0.9302260675411667 0.9302260675411667 0.9302260675411667 0.9302260675411667 0.9302260675411667 0.9302260675411667 0.9302260675411667
12-113768087-T-A 0.9302260675411667 0.9302260675411667 0.9302260675411667 0.9302260675411667 0.9302260675411667 0.9302260675411667 0.9302260675411667 0.9302260675411667 0.00010809642200837466 0.9302260675411667 0.00010809642200837466 0.9302260675411667 0.9302260675411667 0.9302260675411667 0.9302260675411667 0.9302260675411667 0.9302260675411667 0.9302260675411667 0.9302260675411667 0.9302260675411667 0.9302260675411667 0.9302260675411667 0.9302260675411667 0.9302260675411667
10-130447043-T-C 0.9302260675411667 0.00010809642200837466 0.9302260675411667 0.9302260675411667 0.9302260675411667 0.9302260675411667 0.00010809642200837466 0.9302260675411667 0.9302260675411667 0.9302260675411667 0.9302260675411667 0.9302260675411667 0.9302260675411667 0.9302260675411667 0.9302260675411667 0.9302260675411667 0.9302260675411667 0.9302260675411667 0.9302260675411667 0.9302260675411667 0.9302260675411667 0.9302260675411667 0.9302260675411667 0.9302260675411667
6-120803433-A-C 0.00010809642200837466 0.9302260675411667 0.9302260675411667 0.9302260675411667 0.9302260675411667 0.9302260675411667 0.9302260675411667 0.9302260675411667 0.9302260675411667 0.9302260675411667 0.9302260675411667 0.9302260675411667 0.00010809642200837466 0.9302260675411667 0.9302260675411667 0.9302260675411667 0.9302260675411667 0.9302260675411667 0.9302260675411667 0.9302260675411667 0.9302260675411667 0.9302260675411667 0.9302260675411667 0.9302260675411667
2-154621814-T-A 0.00010809642200837466 0.00010809642200837466 0.00010809642200837466 0.00010809642200837466 0.00010809642200837466 0.00010809642200837466 0.00010809642200837466 0.00010809642200837466 0.00010809642200837466 0.00010809642200837466 0.00010809642200837466 0.9302260675411667 0.00010809642200837466 0.00010809642200837466 0.00010809642200837466 0.00010809642200837466 0.00010809642200837466 0.00010809642200837466 0.00010809642200837466 0.00010809642200837466 0.00010809642200837466 0.00010809642200837466 0.00010809642200837466 0.00010809642200837466
19-11183817-A-C 0.9302260675411667 0.00010809642200837466 0.9302260675411667 0.9302260675411667 0.9302260675411667 0.9302260675411667 0.00010809642200837466 0.9302260675411667 0.9302260675411667 0.9302260675411667 0.9302260675411667 0.9302260675411667 0.9302260675411667 0.9302260675411667 0.9302260675411667 0.9302260675411667 0.9302260675411667 0.9302260675411667 0.9302260675411667 0.9302260675411667 0.9302260675411667 0.9302260675411667 0.9302260675411667 0.9302260675411667
15-102490853-T-C 0.9302260675411667 0.00010809642200837466 0.00010809642200837466 0.00010809642200837466 0.00010809642200837466 0.9302260675411667 0.00010809642200837466 0.00010809642200837466 0.00010809642200837466 0.9302260675411667 0.00010809642200837466 0.00010809642200837466 0.9302260675411667 0.9302260675411667 0.9302260675411667 0.9302260675411667 0.00010809642200837466 0.9302260675411667 0.9302260675411667 0.00010809642200837466 0.00010809642200837466 0.9302260675411667 0.9302260675411667 0.9302260675411667
13-13995096-C-G 0.9302260675411667 0.00010809642200837466 0.9302260675411667 0.9302260675411667 0.9302260675411667 0.9302260675411667 0.00010809642200837466 0.9302260675411667 0.9302260675411667 0.9302260675411667 0.9302260675411667 0.9302260675411667 0.9302260675411667 0.9302260675411667 0.9302260675411667 0.9302260675411667 0.9302260675411667 0.9302260675411667 0.9302260675411667 0.9302260675411667 0.9302260675411667 0.9302260675411667 0.9302260675411667 0.9302260675411667
11-58392727-T-G 0.00010809642200837466 0.9302260675411667 0.9302260675411667 0.9302260675411667 0.9302260675411667 0.00010809642200837466 0.9302260675411667 0.9302260675411667 0.00010809642200837466 0.9302260675411667 0.00010809642200837466 0.9302260675411667 0.00010809642200837466 0.9302260675411667 0.00010809642200837466 0.9302260675411667 0.9302260675411667 0.00010809642200837466 0.9302260675411667 0.9302260675411667 0.9302260675411667 0.9302260675411667 0.00010809642200837466 0.9302260675411667
19-10722165-C-G 0.00010809642200837466 0.9302260675411667 0.9302260675411667 0.9302260675411667 0.9302260675411667 0.00010809642200837466 0.9302260675411667 0.9302260675411667 0.9302260675411667 0.9302260675411667 0.9302260675411667 0.9302260675411667 0.00010809642200837466 0.9302260675411667 0.9302260675411667 0.9302260675411667 0.9302260675411667 0.9302260675411667 0.9302260675411667 0.9302260675411667 0.9302260675411667 0.9302260675411667 0.9302260675411667 0.9302260675411667
19-46062805-G-C 0.00010809642200837466 0.9302260675411667 0.9302260675411667 0.9302260675411667 0.9302260675411667 0.9302260675411667 0.9302260675411667 0.9302260675411667 0.9302260675411667 0.9302260675411667 0.9302260675411667 0.9302260675411667 0.00010809642200837466 0.9302260675411667 0.9302260675411667 0.9302260675411667 0.9302260675411667 0.9302260675411667 0.9302260675411667 0.9302260675411667 0.9302260675411667 0.9302260675411667 0.9302260675411667 0.9302260675411667
17-47791850-C-A 0.9302260675411667 0.9302260675411667 0.9302260675411667 0.9302260675411667 0.9302260675411667 0.9302260675411667 0.9302260675411667 0.9302260675411667 0.9302260675411667 0.9302260675411667 0.9302260675411667 0.00010809642200837466 0.9302260675411667 0.9302260675411667 0.9302260675411667 0.9302260675411667 0.9302260675411667 0.9302260675411667 0.9302260675411667 0.9302260675411667 0.00010809642200837466 0.9302260675411667 0.9302260675411667 0.9302260675411667
10-5792249-G-C 0.9302260675411667 0.00010809642200837466 0.9302260675411667 0.9302260675411667 0.9302260675411667 0.9302260675411667 0.00010809642200837466 0.9302260675411667 0.9302260675411667 0.9302260675411667 0.9302260675411667 0.9302260675411667 0.9302260675411667 0.9302260675411667 0.9302260675411667 0.9302260675411667 0.9302260675411667 0.9302260675411667 0.9302260675411667 0.9302260675411667 0.9302260675411667 0.9302260675411667 0.9302260675411667 0.9302260675411667
9-71650324-C-A 0.9302260675411667 0.9302260675411667 0.9302260675411667 0.00010809642200837466 0.9302260675411667 0.9302260675411667 0.9302260675411667 0.9302260675411667 0.9302260675411667 0.9302260675411667 0.9302260675411667 0.9302260675411667 0.9302260675411667 0.9302260675411667 0.9302260675411667 0.9302260675411667 0.00010809642200837466 0.9302260675411667 0.9302260675411667 0.00010809642200837466 0.9302260675411667 0.9302260675411667 0.9302260675411667 0.9302260675411667
18-31715411-A-C 0.9302260675411667 0.9302260675411667 0.9302260675411667 0.9302260675411667 0.9302260675411667 0.9302260675411667 0.9302260675411667 0.9302260675411667 0.9302260675411667 0.9302260675411667 0.9302260675411667 0.9302260675411667 0.9302260675411667 0.00010809642200837466 0.9302260675411667 0.9302260675411667 0.9302260675411667 0.9302260675411667 0.9302260675411667 0.9302260675411667 0.9302260675411667 0.9302260675411667 0.9302260675411667 0.00010809642200837466
3-33815913-T-A 0.9302260675411667 0.00010809642200837466 0.9302260675411667 0.9302260675411667 0.9302260675411667 0.9302260675411667 0.00010809642200837466 0.9302260675411667 0.9302260675411667 0.9302260675411667 0.9302260675411667 0.9302260675411667 0.9302260675411667 0.9302260675411667 0.9302260675411667 0.9302260675411667 0.9302260675411667 0.9302260675411667 0.9302260675411667 0.9302260675411667 0.9302260675411667 0.9302260675411667 0.9302260675411667 0.9302260675411667
2-87737381-A-G 0.9302260675411667 0.00010809642200837466 0.9302260675411667 0.9302260675411667 0.9302260675411667 0.9302260675411667 0.00010809642200837466 0.00010809642200837466 0.9302260675411667 0.00010809642200837466 0.9302260675411667 0.9302260675411667 0.9302260675411667 0.9302260675411667 0.9302260675411667 0.9302260675411667 0.9302260675411667 0.9302260675411667 0.9302260675411667 0.9302260675411667 0.9302260675411667 0.9302260675411667 0.9302260675411667 0.9302260675411667
8-33695140-G-A 0.00010809642200837466 0.9302260675411667 0.9302260675411667 0.9302260675411667 0.9302260675411667 0.00010809642200837466 0.9302260675411667 0.9302260675411667 0.9302260675411667 0.9302260675411667 0.9302260675411667 0.9302260675411667 0.00010809642200837466 0.9302260675411667 0.9302260675411667 0.9302260675411667 0.9302260675411667 0.9302260675411667 0.9302260675411667 0.9302260675411667 0.9302260675411667 0.9302260675411667 0.9302260675411667 0.9302260675411667
2-54732913-G-A 0.00010809642200837466 0.00010809642200837466 0.00010809642200837466 0.00010809642200837466 0.00010809642200837466 0.00010809642200837466 0.00010809642200837466 0.00010809642200837466 0.00010809642200837466 0.00010809642200837466 0.00010809642200837466 0.9302260675411667 0.00010809642200837466 0.00010809642200837466 0.00010809642200837466 0.00010809642200837466 0.00010809642200837466 0.00010809642200837466 0.00010809642200837466 0.00010809642200837466 0.00010809642200837466 0.00010809642200837466 0.00010809642200837466 0.00010809642200837466
9-75964419-C-T 0.9302260675411667 0.9302260675411667 0.9302260675411667 0.9302260675411667 0.9302260675411667 0.9302260675411667 0.9302260675411667 0.9302260675411667 0.9302260675411667 0.9302260675411667 0.9302260675411667 0.00010809642200837466 0.9302260675411667 0.9302260675411667 0.9302260675411667 0.9302260675411667 0.9302260675411667 0.9302260675411667 0.9302260675411667 0.9302260675411667 0.00010809642200837466 0.9302260675411667 0.9302260675411667 0.9302260675411667
9-75964419-C-T 0.9302260675411667 0.9302260675411667 0.9302260675411667 0.9302260675411667 0.9302260675411667 0.9302260675411667 0.9302260675411667 0.9302260675411667 0.9302260675411667 0.9302260675411667 0.9302260675411667 0.00010809642200837466 0.9302260675411667 0.9302260675411667 0.9302260675411667 0.9302260675411667 0.9302260675411667 0.9302260675411667 0.9302260675411667 0.9302260675411667 0.00010809642200837466 0.9302260675411667 0.9302260675411667 0.9302260675411667
11-60401465-C-G 0.9302260675411667 0.00010809642200837466 0.9302260675411667 0.9302260675411667 0.9302260675411667 0.9302260675411667 0.00010809642200837466 0.00010809642200837466 0.9302260675411667 0.00010809642200837466 0.9302260675411667 0.9302260675411667 0.9302260675411667 0.9302260675411667 0.9302260675411667 0.9302260675411667 0.9302260675411667 0.9302260675411667 0.9302260675411667 0.9302260675411667 0.9302260675411667 0.9302260675411667 0.9302260675411667 0.9302260675411667
3-93212111-G-A 0.9302260675411667 0.9302260675411667 0.9302260675411667 0.9302260675411667 0.9302260675411667 0.9302260675411667 0.9302260675411667 0.9302260675411667 0.00010809642200837466 0.9302260675411667 0.00010809642200837466 0.9302260675411667 0.9302260675411667 0.9302260675411667 0.9302260675411667 0.9302260675411667 0.9302260675411667 0.9302260675411667 0.9302260675411667 0.9302260675411667 0.9302260675411667 0.9302260675411667 0.9302260675411667 0.9302260675411667
2-122072820-A-C 0.00010809642200837466 0.00010809642200837466 0.00010809642200837466 0.00010809642200837466 0.00010809642200837466 0.00010809642200837466 0.00010809642200837466 0.00010809642200837466 0.00010809642200837466 0.00010809642200837466 0.00010809642200837466 0.9302260675411667 0.00010809642200837466 0.00010809642200837466 0.00010809642200837466 0.00010809642200837466 0.00010809642200837466 0.00010809642200837466 0.00010809642200837466 0.00010809642200837466 0.00010809642200837466 0.00010809642200837466 0.00010809642200837466 0.00010809642200837466
7-58828374-A-G 0.9302260675411667 0.00010809642200837466 0.9302260675411667 0.9302260675411667 0.9302260675411667 0.9302260675411667 0.00010809642200837466 0.9302260675411667 0.9302260675411667 0.9302260675411667 0.9302260675411667 0.9302260675411667 0.9302260675411667 0.9302260675411667 0.9302260675411667 0.9302260675411667 0.9302260675411667 0.9302260675411667 0.9302260675411667 0.9302260675411667 0.9302260675411667 0.9302260675411667 0.9302260675411667 0.9302260675411667
16-36725417-G-A 0.9302260675411667 0.9302260675411667 0.9302260675411667 0.9302260675411667 0.9302260675411667 0.9302260675411667 0.9302260675411667 0.9302260675411667 0.9302260675411667 0.9302260675411667 0.9302260675411667 0.9302260675411667 0.9302260675411667 0.00010809642200837466 0.9302260675411667 0.9302260675411667 0.9302260675411667 0.9302260675411667 0.9302260675411667 0.9302260675411667 0.9302260675411667 0.9302260675411667 0.9302260675411667 0.00010809642200837466
15-82335537-G-A 0.9302260675411667 0.9302260675411667 0.9302260675411667 0.9302260675411667 0.9302260675411667 0.9302260675411667 0.9302260675411667 0.9302260675411667 0.00010809642200837466 0.9302260675411667 0.00010809642200837466 0.9302260675411667 0.9302260675411667 0.9302260675411667 0.9302260675411667 0.9302260675411667 0.9302260675411667 0.9302260675411667 0.9302260675411667 0.9302260675411667 0.9302260675411667 0.9302260675411667 0.9302260675411667 0.9302260675411667
4-57943779-A-C 0.9302260675411667 0.9302260675411667 0.9302260675411667 0.9302260675411667 0.9302260675411667 0.9302260675411667 0.9302260675411667 0.9302260675411667 0.9302260675411667 0.9302260675411667 0.9302260675411667 0.00010809642200837466 0.9302260675411667 0.9302260675411667 0.9302260675411667 0.9302260675411667 0.9302260675411667 0.9302260675411667 0.9302260675411667 0.9302260675411667 0.00010809642200837466 0.9302260675411667 0.9302260675411667 0.9302260675411667
17-79850256-T-A 0.9302260675411667 0.9302260675411667 0.9302260675411667 0.9302260675411667 0.9302260675411667 0.9302260675411667 0.9302260675411667 0.9302260675411667 0.9302260675411667 0.9302260675411667 0.9302260675411667 0.00010809642200837466 0.9302260675411667 0.9302260675411667 0.9302260675411667 0.9302260675411667 0.9302260675411667 0.9302260675411667 0.9302260675411667 0.9302260675411667 0.00010809642200837466 0.9302260675411667 0.9302260675411667 0.9302260675411667
4-42872159-A-T 0.9302260675411667 0.00010809642200837466 0.9302260675411667 0.9302260675411667 0.9302260675411667 0.9302260675411667 0.00010809642200837466 0.9302260675411667 0.9302260675411667 0.9302260675411667 0.9302260675411667 0.9302260675411667 0.9302260675411667 0.9302260675411667 0.9302260675411667 0.9302260675411667 0.9302260675411667 0.9302260675411667 0.9302260675411667 0.9302260675411667 0.9302260675411667 0.9302260675411667 0.9302260675411667 0.9302260675411667
19-39435973-A-C 0.9302260675411667 0.9302260675411667 0.9302260675411667 0.9302260675411667 0.9302260675411667 0.9302260675411667 0.9302260675411667 0.9302260675411667 0.9302260675411667 0.9302260675411667 0.9302260675411667 0.00010809642200837466 0.9302260675411667 0.9302260675411667 0.9302260675411667 0.9302260675411667 0.9302260675411667 0.9302260675411667 0.9302260675411667 0.9302260675411667 0.00010809642200837466 0.9302260675411667 0.9302260675411667 0.9302260675411667
1-135454373-T-C 0.00010809642200837466 0.9302260675411667 0.9302260675411667 0.9302260675411667 0.9302260675411667 0.00010809642200837466 0.9302260675411667 0.9302260675411667 0.9302260675411667 0.9302260675411667 0.9302260675411667 0.9302260675411667 0.00010809642200837466 0.9302260675411667 0.9302260675411667 0.9302260675411667 0.9302260675411667 0.9302260675411667 0.9302260675411667 0.9302260675411667 0.9302260675411667 0.9302260675411667 0.9302260675411667 0.9302260675411667
17-14681193-A-G 0.9302260675411667 0.9302260675411667 0.9302260675411667 0.9302260675411667 0.9302260675411667 0.9302260675411667 0.9302260675411667 0.9302260675411667 0.00010809642200837466 0.9302260675411667 0.00010809642200837466 0.9302260675411667 0.9302260675411667 0.9302260675411667 0.9302260675411667 0.9302260675411667 0.9302260675411667 0.9302260675411667 0.9302260675411667 0.9302260675411667 0.9302260675411667 0.9302260675411667 0.9302260675411667 0.9302260675411667
8-111283515-T-C 0.9302260675411667 0.9302260675411667 0.9302260675411667 0.00010809642200837466 0.9302260675411667 0.9302260675411667 0.9302260675411667 0.9302260675411667 0.9302260675411667 0.9302260675411667 0.9302260675411667 0.9302260675411667 0.9302260675411667 0.9302260675411667 0.9302260675411667 0.9302260675411667 0.00010809642200837466 0.9302260675411667 0.9302260675411667 0.9302260675411667 0.9302260675411667 0.9302260675411667 0.9302260675411667 0.9302260675411667
5-150439460-C-G 0.9302260675411667 0.9302260675411667 0.9302260675411667 0.9302260675411667 0.9302260675411667 0.9302260675411667 0.9302260675411667 0.9302260675411667 0.00010809642200837466 0.9302260675411667 0.00010809642200837466 0.9302260675411667 0.9302260675411667 0.9302260675411667 0.9302260675411667 0.9302260675411667 0.9302260675411667 0.9302260675411667 0.9302260675411667 0.9302260675411667 0.9302260675411667 0.9302260675411667 0.9302260675411667 0.9302260675411667
6-132737111-A-T 0.9302260675411667 0.9302260675411667 0.9302260675411667 0.00010809642200837466 0.9302260675411667 0.9302260675411667 0.9302260675411667 0.9302260675411667 0.9302260675411667 0.9302260675411667 0.9302260675411667 0.9302260675411667 0.9302260675411667 0.9302260675411667 0.9302260675411667 0.9302260675411667 0.00010809642200837466 0.9302260675411667 0.9302260675411667 0.00010809642200837466 0.9302260675411667 0.9302260675411667 0.9302260675411667 0.9302260675411667
7-42021047-A-G 0.00010809642200837466 0.9302260675411667 0.9302260675411667 0.9302260675411667 0.9302260675411667 0.00010809642200837466 0.9302260675411667 0.9302260675411667 0.9302260675411667 0.9302260675411667 0.9302260675411667 0.9302260675411667 0.00010809642200837466 0.9302260675411667 0.00010809642200837466 0.9302260675411667 0.9302260675411667 0.9302260675411667 0.9302260675411667 0.9302260675411667 0.9302260675411667 0.9302260675411667 0.00010809642200837466 0.9302260675411667
6-106678396-C-T 0.9302260675411667 0.00010809642200837466 0.00010809642200837466 0.00010809642200837466 0.00010809642200837466 0.9302260675411667 0.00010809642200837466 0.00010809642200837466 0.00010809642200837466 0.00010809642200837466 0.00010809642200837466 0.00010809642200837466 0.9302260675411667 0.00010809642200837466 0.9302260675411667 0.00010809642200837466 0.00010809642200837466 0.00010809642200837466 0.00010809642200837466 0.00010809642200837466 0.00010809642200837466 0.00010809642200837466 0.00010809642200837466 0.00010809642200837466
5-108331901-A-T 0.9302260675411667 0.9302260675411667 0.9302260675411667 0.9302260675411667 0.9302260675411667 0.9302260675411667 0.9302260675411667 0.9302260675411667 0.00010809642200837466 0.9302260675411667 0.00010809642200837466 0.9302260675411667 0.9302260675411667 0.9302260675411667 0.9302260675411667 0.9302260675411667 0.9302260675411667 0.9302260675411667 0.9302260675411667 0.9302260675411667 0.9302260675411667 0.9302260675411667 0.9302260675411667 0.9302260675411667
12-101051223-T-C 0.9302260675411667 0.9302260675411667 0.9302260675411667 0.9302260675411667 0.9302260675411667 0.9302260675411667 0.9302260675411667 0.9302260675411667 0.00010809642200837466 0.9302260675411667 0.00010809642200837466 0.9302260675411667 0.9302260675411667 0.9302260675411667 0.9302260675411667 0.9302260675411667 0.9302260675411667 0.9302260675411667 0.9302260675411667 0.9302260675411667 0.9302260675411667 0.9302260675411667 0.9302260675411667 0.9302260675411667
9-106710335-T-A 0.9302260675411667 0.9302260675411667 0.9302260675411667 0.9302260675411667 0.9302260675411667 0.9302260675411667 0.9302260675411667 0.9302260675411667 0.00010809642200837466 0.9302260675411667 0.00010809642200837466 0.9302260675411667 0.9302260675411667 0.9302260675411667 0.9302260675411667 0.9302260675411667 0.9302260675411667 0.9302260675411667 0.9302260675411667 0.9302260675411667 0.9302260675411667 0.9302260675411667 0.9302260675411667 0.9302260675411667
16-28564720-A-C 0.9302260675411667 0.9302260675411667 0.9302260675411667 0.9302260675411667 0.9302260675411667 0.9302260675411667 0.9302260675411667 0.9302260675411667 0.00010809642200837466 0.9302260675411667 0.00010809642200837466 0.9302260675411667 0.9302260675411667 0.9302260675411667 0.9302260675411667 0.9302260675411667 0.9302260675411667 0.9302260675411667 0.9302260675411667 0.9302260675411667 0.9302260675411667 0.9302260675411667 0.9302260675411667 0.9302260675411667
2-154621814-T-A 0.00010809642200837466 0.00010809642200837466 0.00010809642200837466 0.00010809642200837466 0.00010809642200837466 0.00010809642200837466 0.00010809642200837466 0.00010809642200837466 0.00010809642200837466 0.00010809642200837466 0.00010809642200837466 0.9302260675411667 0.00010809642200837466 0.00010809642200837466 0.00010809642200837466 0.00010809642200837466 0.00010809642200837466 0.00010809642200837466 0.00010809642200837466 0.00010809642200837466 0.00010809642200837466 0.00010809642200837466 0.00010809642200837466 0.00010809642200837466
1-153465039-T-C 0.9302260675411667 0.9302260675411667 0.00010809642200837466 0.9302260675411667 0.9302260675411667 0.9302260675411667 0.00010809642200837466 0.9302260675411667 0.9302260675411667 0.9302260675411667 0.9302260675411667 0.00010809642200837466 0.9302260675411667 0.9302260675411667 0.9302260675411667 0.00010809642200837466 0.9302260675411667 0.9302260675411667 0.00010809642200837466 0.9302260675411667 0.00010809642200837466 0.00010809642200837466 0.9302260675411667 0.9302260675411667
6-65831430-A-G 0.00010809642200837466 0.00010809642200837466 0.00010809642200837466 0.00010809642200837466 0.00010809642200837466 0.00010809642200837466 0.00010809642200837466 0.00010809642200837466 0.9302260675411667 0.00010809642200837466 0.9302260675411667 0.00010809642200837466 0.00010809642200837466 0.00010809642200837466 0.00010809642200837466 0.00010809642200837466 0.00010809642200837466 0.00010809642200837466 0.00010809642200837466 0.00010809642200837466 0.00010809642200837466 0.00010809642200837466 0.00010809642200837466 0.00010809642200837466
10-100601866-A-G 0.9302260675411667 0.9302260675411667 0.9302260675411667 0.9302260675411667 0.9302260675411667 0.9302260675411667 0.9302260675411667 0.9302260675411667 0.9302260675411667 0.9302260675411667 0.9302260675411667 0.00010809642200837466 0.9302260675411667 0.9302260675411667 0.9302260675411667 0.9302260675411667 0.9302260675411667 0.9302260675411667 0.9302260675411667 0.9302260675411667 0.00010809642200837466 0.9302260675411667 0.9302260675411667 0.9302260675411667
16-29471997-T-G 0.9302260675411667 0.9302260675411667 0.9302260675411667 0.9302260675411667 0.9302260675411667 0.9302260675411667 0.9302260675411667 0.9302260675411667 0.00010809642200837466 0.9302260675411667 0.00010809642200837466 0.9302260675411667 0.9302260675411667 0.9302260675411667 0.9302260675411667 0.9302260675411667 0.9302260675411667 0.9302260675411667 0.9302260675411667 0.9302260675411667 0.9302260675411667 0.9302260675411667 0.9302260675411667 0.9302260675411667
11-87614390-C-G 0.00010809642200837466 0.9302260675411667 0.9302260675411667 0.9302260675411667 0.9302260675411667 0.00010809642200837466 0.9302260675411667 0.9302260675411667 0.9302260675411667 0.9302260675411667 0.9302260675411667 0.9302260675411667 0.00010809642200837466 0.9302260675411667 0.00010809642200837466 0.9302260675411667 0.9302260675411667 0.9302260675411667 0.9302260675411667 0.9302260675411667 0.9302260675411667 0.9302260675411667 0.9302260675411667 0.9302260675411667
7-17211606-T-A 0.9302260675411667 0.00010809642200837466 0.9302260675411667 0.9302260675411667 0.00010809642200837466 0.9302260675411667 0.00010809642200837466 0.00010809642200837466 0.9302260675411667 0.00010809642200837466 0.9302260675411667 0.9302260675411667 0.9302260675411667 0.9302260675411667 0.9302260675411667 0.9302260675411667 0.9302260675411667 0.9302260675411667 0.9302260675411667 0.9302260675411667 0.9302260675411667 0.9302260675411667 0.9302260675411667 0.9302260675411667
1-74133370-A-G 0.9302260675411667 0.9302260675411667 0.9302260675411667 0.9302260675411667 0.9302260675411667 0.9302260675411667 0.9302260675411667 0.9302260675411667 0.00010809642200837466 0.9302260675411667 0.00010809642200837466 0.9302260675411667 0.9302260675411667 0.9302260675411667 0.9302260675411667 0.9302260675411667 0.9302260675411667 0.9302260675411667 0.9302260675411667 0.9302260675411667 0.9302260675411667 0.9302260675411667 0.9302260675411667 0.9302260675411667
14-103537119-T-G 0.00010809642200837466 0.00010809642200837466 0.00010809642200837466 0.00010809642200837466 0.00010809642200837466 0.00010809642200837466 0.00010809642200837466 0.00010809642200837466 0.00010809642200837466 0.00010809642200837466 0.00010809642200837466 0.00010809642200837466 0.00010809642200837466 0.00010809642200837466 0.00010809642200837466 0.00010809642200837466 0.00010809642200837466 0.9302260675411667 0.00010809642200837466 0.00010809642200837466 0.00010809642200837466 0.00010809642200837466 0.00010809642200837466 0.00010809642200837466
6-113520349-T-G 0.00010809642200837466 0.00010809642200837466 0.00010809642200837466 0.00010809642200837466 0.00010809642200837466 0.00010809642200837466 0.00010809642200837466 0.00010809642200837466 0.9302260675411667 0.00010809642200837466 0.9302260675411667 0.00010809642200837466 0.00010809642200837466 0.00010809642200837466 0.00010809642200837466 0.00010809642200837466 0.00010809642200837466 0.00010809642200837466 0.00010809642200837466 0.00010809642200837466 0.00010809642200837466 0.00010809642200837466 0.00010809642200837466 0.00010809642200837466
17-22185608-G-C 0.9302260675411667 0.9302260675411667 0.9302260675411667 0.9302260675411667 0.9302260675411667 0.9302260675411667 0.9302260675411667 0.9302260675411667 0.00010809642200837466 0.9302260675411667 0.00010809642200837466 0.9302260675411667 0.9302260675411667 0.9302260675411667 0.9302260675411667 0.9302260675411667 0.9302260675411667 0.9302260675411667 0.9302260675411667 0.9302260675411667 0.9302260675411667 0.9302260675411667 0.9302260675411667 0.9302260675411667
10-127746321-C-G 0.9302260675411667 0.00010809642200837466 0.9302260675411667 0.9302260675411667 0.9302260675411667 0.9302260675411667 0.9302260675411667 0.00010809642200837466 0.9302260675411667 0.00010809642200837466 0.9302260675411667 0.9302260675411667 0.9302260675411667 0.9302260675411667 0.9302260675411667 0.9302260675411667 0.9302260675411667 0.9302260675411667 0.9302260675411667 0.9302260675411667 0.9302260675411667 0.9302260675411667 0.9302260675411667 0.9302260675411667
8-105717756-G-C 0.9302260675411667 0.9302260675411667 0.9302260675411667 0.9302260675411667 0.9302260675411667 0.9302260675411667 0.9302260675411667 0.9302260675411667 0.9302260675411667 0.9302260675411667 0.9302260675411667 0.00010809642200837466 0.9302260675411667 0.9302260675411667 0.9302260675411667 0.9302260675411667 0.9302260675411667 0.9302260675411667 0.9302260675411667 0.9302260675411667 0.00010809642200837466 0.9302260675411667 0.9302260675411667 0.9302260675411667
6-85448591-C-G 0.9302260675411667 0.9302260675411667 0.9302260675411667 0.9302260675411667 0.9302260675411667 0.9302260675411667 0.9302260675411667 0.9302260675411667 0.00010809642200837466 0.9302260675411667 0.00010809642200837466 0.9302260675411667 0.9302260675411667 0.9302260675411667 0.9302260675411667 0.9302260675411667 0.9302260675411667 0.9302260675411667 0.9302260675411667 0.9302260675411667 0.9302260675411667 0.9302260675411667 0.9302260675411667 0.9302260675411667
6-121849890-T-C 0.9302260675411667 0.9302260675411667 0.9302260675411667 0.9302260675411667 0.9302260675411667 0.9302260675411667 0.9302260675411667 0.9302260675411667 0.9302260675411667 0.9302260675411667 0.9302260675411667 0.00010809642200837466 0.9302260675411667 0.9302260675411667 0.9302260675411667 0.9302260675411667 0.9302260675411667 0.9302260675411667 0.9302260675411667 0.9302260675411667 0.00010809642200837466 0.9302260675411667 0.9302260675411667 0.9302260675411667
5-33843720-A-C 0.00010809642200837466 0.9302260675411667 0.9302260675411667 0.9302260675411667 0.9302260675411667 0.9302260675411667 0.9302260675411667 0.9302260675411667 0.9302260675411667 0.9302260675411667 0.9302260675411667 0.9302260675411667 0.00010809642200837466 0.9302260675411667 0.9302260675411667 0.9302260675411667 0.9302260675411667 0.9302260675411667 0.9302260675411667 0.9302260675411667 0.9302260675411667 0.9302260675411667 0.9302260675411667 0.9302260675411667
15-63938577-T-C 0.9302260675411667 0.9302260675411667 0.9302260675411667 0.9302260675411667 0.9302260675411667 0.9302260675411667 0.9302260675411667 0.9302260675411667 0.9302260675411667 0.9302260675411667 0.9302260675411667 0.9302260675411667 0.9302260675411667 0.00010809642200837466 0.9302260675411667 0.9302260675411667 0.9302260675411667 0.9302260675411667 0.9302260675411667 0.9302260675411667 0.9302260675411667 0.9302260675411667 0.9302260675411667 0.00010809642200837466
13-77323868-C-T 0.00010809642200837466 0.00010809642200837466 0.00010809642200837466 0.00010809642200837466 0.00010809642200837466 0.00010809642200837466 0.00010809642200837466 0.00010809642200837466 0.00010809642200837466 0.00010809642200837466 0.00010809642200837466 0.00010809642200837466 0.00010809642200837466 0.00010809642200837466 0.00010809642200837466 0.00010809642200837466 0.00010809642200837466 0.00010809642200837466 0.00010809642200837466 0.00010809642200837466 0.00010809642200837466 0.00010809642200837466 0.00010809642200837466 0.9302260675411667
5-150446801-T-C 0.9302260675411667 0.9302260675411667 0.9302260675411667 0.9302260675411667 0.9302260675411667 0.9302260675411667 0.9302260675411667 0.9302260675411667 0.00010809642200837466 0.9302260675411667 0.00010809642200837466 0.9302260675411667 0.9302260675411667 0.9302260675411667 0.9302260675411667 0.9302260675411667 0.9302260675411667 0.9302260675411667 0.9302260675411667 0.9302260675411667 0.9302260675411667 0.9302260675411667 0.9302260675411667 0.9302260675411667
17-85458122-T-G 0.00010809642200837466 0.9302260675411667 0.9302260675411667 0.9302260675411667 0.9302260675411667 0.9302260675411667 0.9302260675411667 0.9302260675411667 0.9302260675411667 0.9302260675411667 0.9302260675411667 0.9302260675411667 0.00010809642200837466 0.9302260675411667 0.9302260675411667 0.9302260675411667 0.9302260675411667 0.9302260675411667 0.9302260675411667 0.9302260675411667 0.9302260675411667 0.9302260675411667 0.9302260675411667 0.9302260675411667
1-177880106-A-T 0.9302260675411667 0.9302260675411667 0.9302260675411667 0.9302260675411667 0.9302260675411667 0.9302260675411667 0.9302260675411667 0.9302260675411667 0.00010809642200837466 0.9302260675411667 0.00010809642200837466 0.9302260675411667 0.9302260675411667 0.9302260675411667 0.9302260675411667 0.9302260675411667 0.9302260675411667 0.9302260675411667 0.9302260675411667 0.9302260675411667 0.9302260675411667 0.9302260675411667 0.9302260675411667 0.9302260675411667
8-41210254-A-T 0.00010809642200837466 0.00010809642200837466 0.00010809642200837466 0.00010809642200837466 0.00010809642200837466 0.00010809642200837466 0.00010809642200837466 0.9302260675411667 0.00010809642200837466 0.00010809642200837466 0.00010809642200837466 0.00010809642200837466 0.00010809642200837466 0.00010809642200837466 0.00010809642200837466 0.00010809642200837466 0.00010809642200837466 0.00010809642200837466 0.00010809642200837466 0.00010809642200837466 0.00010809642200837466 0.00010809642200837466 0.00010809642200837466 0.00010809642200837466
6-68151785-T-C 0.9302260675411667 0.9302260675411667 0.9302260675411667 0.9302260675411667 0.9302260675411667 0.9302260675411667 0.9302260675411667 0.9302260675411667 0.9302260675411667 0.9302260675411667 0.9302260675411667 0.00010809642200837466 0.9302260675411667 0.9302260675411667 0.9302260675411667 0.9302260675411667 0.9302260675411667 0.9302260675411667 0.9302260675411667 0.9302260675411667 0.00010809642200837466 0.9302260675411667 0.9302260675411667 0.9302260675411667
3-32718703-T-G 0.9302260675411667 0.9302260675411667 0.9302260675411667 0.9302260675411667 0.9302260675411667 0.9302260675411667 0.9302260675411667 0.9302260675411667 0.00010809642200837466 0.9302260675411667 0.00010809642200837466 0.9302260675411667 0.9302260675411667 0.9302260675411667 0.9302260675411667 0.9302260675411667 0.9302260675411667 0.9302260675411667 0.9302260675411667 0.9302260675411667 0.9302260675411667 0.9302260675411667 0.9302260675411667 0.9302260675411667
13-102751657-T-C 0.9302260675411667 0.9302260675411667 0.9302260675411667 0.9302260675411667 0.9302260675411667 0.9302260675411667 0.9302260675411667 0.9302260675411667 0.00010809642200837466 0.9302260675411667 0.00010809642200837466 0.9302260675411667 0.9302260675411667 0.9302260675411667 0.9302260675411667 0.9302260675411667 0.9302260675411667 0.9302260675411667 0.9302260675411667 0.9302260675411667 0.9302260675411667 0.9302260675411667 0.9302260675411667 0.9302260675411667
3-69092944-T-C 0.9302260675411667 0.9302260675411667 0.9302260675411667 0.9302260675411667 0.9302260675411667 0.9302260675411667 0.9302260675411667 0.9302260675411667 0.00010809642200837466 0.9302260675411667 0.00010809642200837466 0.9302260675411667 0.9302260675411667 0.9302260675411667 0.9302260675411667 0.9302260675411667 0.9302260675411667 0.9302260675411667 0.9302260675411667 0.9302260675411667 0.9302260675411667 0.9302260675411667 0.9302260675411667 0.9302260675411667
6-117619341-G-A 0.9302260675411667 0.00010809642200837466 0.9302260675411667 0.9302260675411667 0.9302260675411667 0.9302260675411667 0.9302260675411667 0.9302260675411667 0.9302260675411667 0.00010809642200837466 0.9302260675411667 0.9302260675411667 0.9302260675411667 0.9302260675411667 0.9302260675411667 0.9302260675411667 0.9302260675411667 0.9302260675411667 0.9302260675411667 0.9302260675411667 0.9302260675411667 0.9302260675411667 0.9302260675411667 0.9302260675411667
1-192505487-A-C 0.9302260675411667 0.9302260675411667 0.9302260675411667 0.9302260675411667 0.9302260675411667 0.9302260675411667 0.9302260675411667 0.9302260675411667 0.00010809642200837466 0.9302260675411667 0.00010809642200837466 0.9302260675411667 0.9302260675411667 0.9302260675411667 0.9302260675411667 0.9302260675411667 0.9302260675411667 0.9302260675411667 0.9302260675411667 0.9302260675411667 0.9302260675411667 0.9302260675411667 0.9302260675411667 0.9302260675411667
11-115609093-C-A 0.9302260675411667 0.9302260675411667 0.9302260675411667 0.00010809642200837466 0.9302260675411667 0.9302260675411667 0.9302260675411667 0.9302260675411667 0.9302260675411667 0.9302260675411667 0.9302260675411667 0.9302260675411667 0.9302260675411667 0.9302260675411667 0.9302260675411667 0.9302260675411667 0.00010809642200837466 0.9302260675411667 0.9302260675411667 0.00010809642200837466 0.9302260675411667 0.9302260675411667 0.9302260675411667 0.9302260675411667
15-89161646-G-C 0.9302260675411667 0.00010809642200837466 0.00010809642200837466 0.00010809642200837466 0.00010809642200837466 0.9302260675411667 0.00010809642200837466 0.00010809642200837466 0.00010809642200837466 0.00010809642200837466 0.00010809642200837466 0.00010809642200837466 0.9302260675411667 0.9302260675411667 0.9302260675411667 0.9302260675411667 0.00010809642200837466 0.9302260675411667 0.9302260675411667 0.00010809642200837466 0.00010809642200837466 0.9302260675411667 0.9302260675411667 0.9302260675411667
11-69850056-G-A 0.9302260675411667 0.9302260675411667 0.9302260675411667 0.9302260675411667 0.9302260675411667 0.9302260675411667 0.9302260675411667 0.9302260675411667 0.9302260675411667 0.9302260675411667 0.9302260675411667 0.00010809642200837466 0.9302260675411667 0.9302260675411667 0.9302260675411667 0.9302260675411667 0.9302260675411667 0.9302260675411667 0.9302260675411667 0.9302260675411667 0.00010809642200837466 0.9302260675411667 0.9302260675411667 0.9302260675411667
15-5208249-A-T 0.00010809642200837466 0.9302260675411667 0.9302260675411667 0.9302260675411667 0.9302260675411667 0.00010809642200837466 0.9302260675411667 0.9302260675411667 0.00010809642200837466 0.9302260675411667 0.00010809642200837466 0.9302260675411667 0.00010809642200837466 0.9302260675411667 0.00010809642200837466 0.9302260675411667 0.9302260675411667 0.00010809642200837466 0.9302260675411667 0.9302260675411667 0.9302260675411667 0.9302260675411667 0.00010809642200837466 0.9302260675411667
1-155911812-A-T 0.9302260675411667 0.9302260675411667 0.9302260675411667 0.9302260675411667 0.9302260675411667 0.9302260675411667 0.9302260675411667 0.9302260675411667 0.00010809642200837466 0.9302260675411667 0.00010809642200837466 0.9302260675411667 0.9302260675411667 0.9302260675411667 0.9302260675411667 0.9302260675411667 0.9302260675411667 0.9302260675411667 0.9302260675411667 0.9302260675411667 0.9302260675411667 0.9302260675411667 0.9302260675411667 0.9302260675411667
2-153942831-A-G 0.9302260675411667 0.00010809642200837466 0.9302260675411667 0.9302260675411667 0.9302260675411667 0.9302260675411667 0.00010809642200837466 0.9302260675411667 0.9302260675411667 0.9302260675411667 0.9302260675411667 0.9302260675411667 0.9302260675411667 0.9302260675411667 0.9302260675411667 0.9302260675411667 0.9302260675411667 0.9302260675411667 0.9302260675411667 0.9302260675411667 0.9302260675411667 0.9302260675411667 0.9302260675411667 0.9302260675411667
10-108230385-A-T 0.9302260675411667 0.00010809642200837466 0.9302260675411667 0.9302260675411667 0.00010809642200837466 0.9302260675411667 0.00010809642200837466 0.00010809642200837466 0.9302260675411667 0.00010809642200837466 0.9302260675411667 0.9302260675411667 0.9302260675411667 0.9302260675411667 0.9302260675411667 0.9302260675411667 0.9302260675411667 0.9302260675411667 0.9302260675411667 0.9302260675411667 0.9302260675411667 0.9302260675411667 0.9302260675411667 0.9302260675411667
7-10016883-T-C 0.9302260675411667 0.00010809642200837466 0.9302260675411667 0.9302260675411667 0.9302260675411667 0.9302260675411667 0.00010809642200837466 0.9302260675411667 0.9302260675411667 0.9302260675411667 0.9302260675411667 0.9302260675411667 0.9302260675411667 0.9302260675411667 0.9302260675411667 0.9302260675411667 0.9302260675411667 0.9302260675411667 0.9302260675411667 0.9302260675411667 0.9302260675411667 0.9302260675411667 0.9302260675411667 0.9302260675411667
7-95960268-A-T 0.9302260675411667 0.9302260675411667 0.9302260675411667 0.9302260675411667 0.9302260675411667 0.9302260675411667 0.9302260675411667 0.9302260675411667 0.9302260675411667 0.9302260675411667 0.9302260675411667 0.00010809642200837466 0.9302260675411667 0.9302260675411667 0.9302260675411667 0.9302260675411667 0.9302260675411667 0.9302260675411667 0.00010809642200837466 0.9302260675411667 0.00010809642200837466 0.00010809642200837466 0.9302260675411667 0.9302260675411667
10-99263641-C-G 0.00010809642200837466 0.9302260675411667 0.9302260675411667 0.9302260675411667 0.9302260675411667 0.00010809642200837466 0.9302260675411667 0.9302260675411667 0.9302260675411667 0.9302260675411667 0.9302260675411667 0.9302260675411667 0.00010809642200837466 0.9302260675411667 0.00010809642200837466 0.9302260675411667 0.9302260675411667 0.9302260675411667 0.9302260675411667 0.9302260675411667 0.9302260675411667 0.9302260675411667 0.9302260675411667 0.9302260675411667
11-121651751-A-G 0.00010809642200837466 0.00010809642200837466 0.00010809642200837466 0.00010809642200837466 0.00010809642200837466 0.00010809642200837466 0.00010809642200837466 0.9302260675411667 0.00010809642200837466 0.00010809642200837466 0.00010809642200837466 0.00010809642200837466 0.00010809642200837466 0.00010809642200837466 0.00010809642200837466 0.00010809642200837466 0.00010809642200837466 0.00010809642200837466 0.00010809642200837466 0.00010809642200837466 0.00010809642200837466 0.00010809642200837466 0.00010809642200837466 0.00010809642200837466
12-116139225-C-A 0.9302260675411667 0.9302260675411667 0.9302260675411667 0.9302260675411667 0.9302260675411667 0.9302260675411667 0.9302260675411667 0.9302260675411667 0.9302260675411667 0.9302260675411667 0.9302260675411667 0.00010809642200837466 0.9302260675411667 0.9302260675411667 0.9302260675411667 0.9302260675411667 0.9302260675411667 0.9302260675411667 0.9302260675411667 0.9302260675411667 0.00010809642200837466 0.9302260675411667 0.9302260675411667 0.9302260675411667
7-101018471-T-C 0.9302260675411667 0.9302260675411667 0.9302260675411667 0.9302260675411667 0.9302260675411667 0.9302260675411667 0.9302260675411667 0.9302260675411667 0.00010809642200837466 0.9302260675411667 0.00010809642200837466 0.9302260675411667 0.9302260675411667 0.9302260675411667 0.9302260675411667 0.9302260675411667 0.9302260675411667 0.9302260675411667 0.9302260675411667 0.9302260675411667 0.9302260675411667 0.9302260675411667 0.9302260675411667 0.9302260675411667
3-96581716-C-T 0.9302260675411667 0.9302260675411667 0.9302260675411667 0.00010809642200837466 0.9302260675411667 0.9302260675411667 0.9302260675411667 0.9302260675411667 0.9302260675411667 0.9302260675411667 0.9302260675411667 0.9302260675411667 0.9302260675411667 0.9302260675411667 0.9302260675411667 0.9302260675411667 0.00010809642200837466 0.9302260675411667 0.9302260675411667 0.00010809642200837466 0.9302260675411667 0.9302260675411667 0.9302260675411667 0.9302260675411667
6-70130431-A-C 0.9302260675411667 0.00010809642200837466 0.00010809642200837466 0.00010809642200837466 0.00010809642200837466 0.9302260675411667 0.00010809642200837466 0.00010809642200837466 0.00010809642200837466 0.00010809642200837466 0.00010809642200837466 0.00010809642200837466 0.9302260675411667 0.00010809642200837466 0.9302260675411667 0.00010809642200837466 0.00010809642200837466 0.00010809642200837466 0.00010809642200837466 0.00010809642200837466 0.00010809642200837466 0.00010809642200837466 0.00010809642200837466 0.00010809642200837466
11-73711066-T-A 0.00010809642200837466 0.9302260675411667 0.9302260675411667 0.9302260675411667 0.9302260675411667 0.9302260675411667 0.9302260675411667 0.9302260675411667 0.9302260675411667 0.9302260675411667 0.9302260675411667 0.9302260675411667 0.00010809642200837466 0.9302260675411667 0.9302260675411667 0.9302260675411667 0.9302260675411667 0.9302260675411667 0.9302260675411667 0.9302260675411667 0.9302260675411667 0.9302260675411667 0.9302260675411667 0.9302260675411667
8-92990156-T-A 0.9302260675411667 0.9302260675411667 0.9302260675411667 0.9302260675411667 0.9302260675411667 0.9302260675411667 0.9302260675411667 0.9302260675411667 0.9302260675411667 0.9302260675411667 0.9302260675411667 0.00010809642200837466 0.9302260675411667 0.9302260675411667 0.9302260675411667 0.9302260675411667 0.9302260675411667 0.9302260675411667 0.9302260675411667 0.9302260675411667 0.00010809642200837466 0.9302260675411667 0.9302260675411667 0.9302260675411667
17-43624123-G-A 0.00010809642200837466 0.9302260675411667 0.9302260675411667 0.9302260675411667 0.9302260675411667 0.00010809642200837466 0.9302260675411667 0.9302260675411667 0.9302260675411667 0.9302260675411667 0.9302260675411667 0.9302260675411667 0.00010809642200837466 0.9302260675411667 0.9302260675411667 0.9302260675411667 0.9302260675411667 0.9302260675411667 0.9302260675411667 0.9302260675411667 0.9302260675411667 0.9302260675411667 0.9302260675411667 0.9302260675411667
2-41458201-A-T 0.00010809642200837466 0.00010809642200837466 0.00010809642200837466 0.00010809642200837466 0.00010809642200837466 0.00010809642200837466 0.00010809642200837466 0.00010809642200837466 0.00010809642200837466 0.00010809642200837466 0.00010809642200837466 0.9302260675411667 0.00010809642200837466 0.00010809642200837466 0.00010809642200837466 0.00010809642200837466 0.00010809642200837466 0.00010809642200837466 0.00010809642200837466 0.00010809642200837466 0.00010809642200837466 0.00010809642200837466 0.00010809642200837466 0.00010809642200837466
8-94152986-C-G 0.9302260675411667 0.9302260675411667 0.9302260675411667 0.9302260675411667 0.9302260675411667 0.9302260675411667 0.9302260675411667 0.9302260675411667 0.00010809642200837466 0.9302260675411667 0.00010809642200837466 0.9302260675411667 0.9302260675411667 0.9302260675411667 0.9302260675411667 0.9302260675411667 0.9302260675411667 0.9302260675411667 0.9302260675411667 0.9302260675411667 0.9302260675411667 0.9302260675411667 0.9302260675411667 0.9302260675411667
1-171283245-C-T 0.9302260675411667 0.9302260675411667 0.9302260675411667 0.9302260675411667 0.9302260675411667 0.9302260675411667 0.9302260675411667 0.9302260675411667 0.00010809642200837466 0.9302260675411667 0.00010809642200837466 0.9302260675411667 0.9302260675411667 0.9302260675411667 0.9302260675411667 0.9302260675411667 0.9302260675411667 0.9302260675411667 0.9302260675411667 0.9302260675411667 0.9302260675411667 0.9302260675411667 0.9302260675411667 0.9302260675411667
5-101765513-G-C 0.00010809642200837466 0.9302260675411667 0.9302260675411667 0.9302260675411667 0.9302260675411667 0.9302260675411667 0.9302260675411667 0.9302260675411667 0.9302260675411667 0.9302260675411667 0.9302260675411667 0.9302260675411667 0.00010809642200837466 0.9302260675411667 0.9302260675411667 0.9302260675411667 0.9302260675411667 0.9302260675411667 0.9302260675411667 0.9302260675411667 0.9302260675411667 0.9302260675411667 0.9302260675411667 0.9302260675411667
15-46625414-G-C 0.9302260675411667 0.9302260675411667 0.9302260675411667 0.9302260675411667 0.9302260675411667 0.9302260675411667 0.9302260675411667 0.9302260675411667 0.00010809642200837466 0.9302260675411667 0.00010809642200837466 0.9302260675411667 0.9302260675411667 0.9302260675411667 0.9302260675411667 0.9302260675411667 0.9302260675411667 0.9302260675411667 0.9302260675411667 0.9302260675411667 0.9302260675411667 0.9302260675411667 0.9302260675411667 0.9302260675411667
13-49711874-T-C 0.00010809642200837466 0.00010809642200837466 0.00010809642200837466 0.00010809642200837466 0.00010809642200837466 0.00010809642200837466 0.00010809642200837466 0.00010809642200837466 0.00010809642200837466 0.00010809642200837466 0.00010809642200837466 0.00010809642200837466 0.00010809642200837466 0.00010809642200837466 0.00010809642200837466 0.00010809642200837466 0.00010809642200837466 0.00010809642200837466 0.00010809642200837466 0.00010809642200837466 0.00010809642200837466 0.00010809642200837466 0.00010809642200837466 0.9302260675411667
14-51523317-T-C 0.9302260675411667 0.9302260675411667 0.9302260675411667 0.00010809642200837466 0.9302260675411667 0.9302260675411667 0.9302260675411667 0.9302260675411667 0.9302260675411667 0.9302260675411667 0.9302260675411667 0.9302260675411667 0.9302260675411667 0.00010809642200837466 0.9302260675411667 0.9302260675411667 0.00010809642200837466 0.9302260675411667 0.9302260675411667 0.00010809642200837466 0.9302260675411667 0.9302260675411667 0.9302260675411667 0.00010809642200837466
11-120720746-T-G 0.9302260675411667 0.9302260675411667 0.9302260675411667 0.00010809642200837466 0.9302260675411667 0.9302260675411667 0.9302260675411667 0.9302260675411667 0.9302260675411667 0.9302260675411667 0.9302260675411667 0.9302260675411667 0.9302260675411667 0.9302260675411667 0.9302260675411667 0.9302260675411667 0.00010809642200837466 0.9302260675411667 0.9302260675411667 0.00010809642200837466 0.9302260675411667 0.9302260675411667 0.9302260675411667 0.9302260675411667
9-121254986-A-C 0.9302260675411667 0.9302260675411667 0.9302260675411667 0.9302260675411667 0.9302260675411667 0.9302260675411667 0.9302260675411667 0.9302260675411667 0.9302260675411667 0.9302260675411667 0.9302260675411667 0.00010809642200837466 0.9302260675411667 0.9302260675411667 0.9302260675411667 0.9302260675411667 0.9302260675411667 0.9302260675411667 0.9302260675411667 0.9302260675411667 0.00010809642200837466 0.9302260675411667 0.9302260675411667 0.9302260675411667
5-123160931-G-C 0.00010809642200837466 0.9302260675411667 0.9302260675411667 0.9302260675411667 0.9302260675411667 0.00010809642200837466 0.9302260675411667 0.9302260675411667 0.9302260675411667 0.9302260675411667 0.9302260675411667 0.9302260675411667 0.00010809642200837466 0.9302260675411667 0.9302260675411667 0.9302260675411667 0.9302260675411667 0.9302260675411667 0.9302260675411667 0.9302260675411667 0.9302260675411667 0.9302260675411667 0.9302260675411667 0.9302260675411667
3-130003140-A-G 0.9302260675411667 0.9302260675411667 0.9302260675411667 0.9302260675411667 0.9302260675411667 0.9302260675411667 0.9302260675411667 0.9302260675411667 0.9302260675411667 0.9302260675411667 0.9302260675411667 0.00010809642200837466 0.9302260675411667 0.9302260675411667 0.9302260675411667 0.9302260675411667 0.9302260675411667 0.9302260675411667 0.9302260675411667 0.9302260675411667 0.00010809642200837466 0.9302260675411667 0.9302260675411667 0.9302260675411667
2-178413705-C-G 0.9302260675411667 0.00010809642200837466 0.9302260675411667 0.9302260675411667 0.9302260675411667 0.9302260675411667 0.00010809642200837466 0.9302260675411667 0.9302260675411667 0.9302260675411667 0.9302260675411667 0.9302260675411667 0.9302260675411667 0.9302260675411667 0.9302260675411667 0.9302260675411667 0.9302260675411667 0.9302260675411667 0.9302260675411667 0.9302260675411667 0.9302260675411667 0.9302260675411667 0.9302260675411667 0.9302260675411667
16-91909141-T-C 0.00010809642200837466 0.9302260675411667 0.9302260675411667 0.9302260675411667 0.9302260675411667 0.00010809642200837466 0.9302260675411667 0.9302260675411667 0.9302260675411667 0.9302260675411667 0.9302260675411667 0.9302260675411667 0.00010809642200837466 0.9302260675411667 0.9302260675411667 0.9302260675411667 0.9302260675411667 0.9302260675411667 0.9302260675411667 0.9302260675411667 0.9302260675411667 0.9302260675411667 0.9302260675411667 0.9302260675411667
7-46854129-T-A 0.00010809642200837466 0.9302260675411667 0.9302260675411667 0.9302260675411667 0.9302260675411667 0.9302260675411667 0.9302260675411667 0.9302260675411667 0.9302260675411667 0.9302260675411667 0.9302260675411667 0.9302260675411667 0.00010809642200837466 0.9302260675411667 0.9302260675411667 0.9302260675411667 0.9302260675411667 0.9302260675411667 0.9302260675411667 0.9302260675411667 0.9302260675411667 0.9302260675411667 0.9302260675411667 0.9302260675411667
16-38004684-C-T 0.9302260675411667 0.9302260675411667 0.9302260675411667 0.9302260675411667 0.9302260675411667 0.9302260675411667 0.9302260675411667 0.9302260675411667 0.00010809642200837466 0.9302260675411667 0.00010809642200837466 0.9302260675411667 0.9302260675411667 0.9302260675411667 0.9302260675411667 0.9302260675411667 0.9302260675411667 0.9302260675411667 0.9302260675411667 0.9302260675411667 0.9302260675411667 0.9302260675411667 0.9302260675411667 0.9302260675411667
11-69969277-T-G 0.9302260675411667 0.00010809642200837466 0.00010809642200837466 0.00010809642200837466 0.00010809642200837466 0.00010809642200837466 0.00010809642200837466 0.00010809642200837466 0.00010809642200837466 0.00010809642200837466 0.00010809642200837466 0.00010809642200837466 0.9302260675411667 0.00010809642200837466 0.00010809642200837466 0.00010809642200837466 0.00010809642200837466 0.00010809642200837466 0.00010809642200837466 0.00010809642200837466 0.00010809642200837466 0.00010809642200837466 0.00010809642200837466 0.00010809642200837466
8-106928311-C-A 0.9302260675411667 0.9302260675411667 0.9302260675411667 0.9302260675411667 0.9302260675411667 0.9302260675411667 0.9302260675411667 0.9302260675411667 0.9302260675411667 0.9302260675411667 0.9302260675411667 0.00010809642200837466 0.9302260675411667 0.9302260675411667 0.9302260675411667 0.9302260675411667 0.9302260675411667 0.9302260675411667 0.9302260675411667 0.9302260675411667 0.00010809642200837466 0.9302260675411667 0.9302260675411667 0.9302260675411667
12-102866569-T-C 0.00010809642200837466 0.9302260675411667 0.9302260675411667 0.9302260675411667 0.9302260675411667 0.00010809642200837466 0.9302260675411667 0.9302260675411667 0.9302260675411667 0.9302260675411667 0.9302260675411667 0.9302260675411667 0.00010809642200837466 0.9302260675411667 0.9302260675411667 0.9302260675411667 0.9302260675411667 0.9302260675411667 0.9302260675411667 0.9302260675411667 0.9302260675411667 0.9302260675411667 0.9302260675411667 0.9302260675411667
6-32692782-G-A 0.9302260675411667 0.00010809642200837466 0.00010809642200837466 0.00010809642200837466 0.00010809642200837466 0.9302260675411667 0.00010809642200837466 0.00010809642200837466 0.00010809642200837466 0.00010809642200837466 0.00010809642200837466 0.00010809642200837466 0.9302260675411667 0.00010809642200837466 0.9302260675411667 0.00010809642200837466 0.00010809642200837466 0.00010809642200837466 0.00010809642200837466 0.00010809642200837466 0.00010809642200837466 0.00010809642200837466 0.00010809642200837466 0.00010809642200837466
5-144891377-A-G 0.00010809642200837466 0.00010809642200837466 0.9302260675411667 0.9302260675411667 0.00010809642200837466 0.00010809642200837466 0.9302260675411667 0.00010809642200837466 0.00010809642200837466 0.00010809642200837466 0.00010809642200837466 0.9302260675411667 0.00010809642200837466 0.9302260675411667 0.00010809642200837466 0.9302260675411667 0.9302260675411667 0.00010809642200837466 0.9302260675411667 0.9302260675411667 0.9302260675411667 0.9302260675411667 0.00010809642200837466 0.9302260675411667
10-90751005-T-G 0.9302260675411667 0.9302260675411667 0.9302260675411667 0.9302260675411667 0.9302260675411667 0.9302260675411667 0.9302260675411667 0.9302260675411667 0.00010809642200837466 0.9302260675411667 0.00010809642200837466 0.9302260675411667 0.9302260675411667 0.9302260675411667 0.9302260675411667 0.9302260675411667 0.9302260675411667 0.9302260675411667 0.9302260675411667 0.9302260675411667 0.9302260675411667 0.9302260675411667 0.9302260675411667 0.9302260675411667
6-23344245-G-T 0.00010809642200837466 0.9302260675411667 0.9302260675411667 0.9302260675411667 0.9302260675411667 0.00010809642200837466 0.9302260675411667 0.9302260675411667 0.9302260675411667 0.9302260675411667 0.9302260675411667 0.9302260675411667 0.00010809642200837466 0.9302260675411667 0.00010809642200837466 0.9302260675411667 0.9302260675411667 0.9302260675411667 0.9302260675411667 0.9302260675411667 0.9302260675411667 0.9302260675411667 0.00010809642200837466 0.9302260675411667
16-45392184-T-C 0.9302260675411667 0.9302260675411667 0.9302260675411667 0.9302260675411667 0.9302260675411667 0.9302260675411667 0.9302260675411667 0.9302260675411667 0.9302260675411667 0.9302260675411667 0.9302260675411667 0.9302260675411667 0.9302260675411667 0.9302260675411667 0.9302260675411667 0.9302260675411667 0.9302260675411667 0.9302260675411667 0.00010809642200837466 0.9302260675411667 0.9302260675411667 0.00010809642200837466 0.9302260675411667 0.9302260675411667
15-25682204-T-C 0.00010809642200837466 0.9302260675411667 0.9302260675411667 0.9302260675411667 0.9302260675411667 0.00010809642200837466 0.9302260675411667 0.9302260675411667 0.00010809642200837466 0.9302260675411667 0.00010809642200837466 0.9302260675411667 0.00010809642200837466 0.9302260675411667 0.00010809642200837466 0.9302260675411667 0.9302260675411667 0.00010809642200837466 0.9302260675411667 0.9302260675411667 0.9302260675411667 0.9302260675411667 0.00010809642200837466 0.9302260675411667
3-92620349-C-T 0.9302260675411667 0.00010809642200837466 0.00010809642200837466 0.00010809642200837466 0.00010809642200837466 0.9302260675411667 0.00010809642200837466 0.00010809642200837466 0.00010809642200837466 0.00010809642200837466 0.00010809642200837466 0.00010809642200837466 0.9302260675411667 0.9302260675411667 0.9302260675411667 0.00010809642200837466 0.00010809642200837466 0.00010809642200837466 0.9302260675411667 0.00010809642200837466 0.00010809642200837466 0.00010809642200837466 0.9302260675411667 0.9302260675411667
4-109426344-G-A 0.9302260675411667 0.00010809642200837466 0.9302260675411667 0.9302260675411667 0.9302260675411667 0.9302260675411667 0.00010809642200837466 0.9302260675411667 0.9302260675411667 0.9302260675411667 0.9302260675411667 0.9302260675411667 0.9302260675411667 0.9302260675411667 0.9302260675411667 0.9302260675411667 0.9302260675411667 0.9302260675411667 0.9302260675411667 0.9302260675411667 0.9302260675411667 0.9302260675411667 0.9302260675411667 0.9302260675411667
9-58660362-G-A 0.9302260675411667 0.9302260675411667 0.9302260675411667 0.9302260675411667 0.9302260675411667 0.9302260675411667 0.9302260675411667 0.9302260675411667 0.00010809642200837466 0.9302260675411667 0.00010809642200837466 0.9302260675411667 0.9302260675411667 0.9302260675411667 0.9302260675411667 0.9302260675411667 0.9302260675411667 0.9302260675411667 0.9302260675411667 0.9302260675411667 0.9302260675411667 0.9302260675411667 0.9302260675411667 0.9302260675411667
6-86396229-A-G 0.9302260675411667 0.9302260675411667 0.9302260675411667 0.9302260675411667 0.9302260675411667 0.9302260675411667 0.9302260675411667 0.9302260675411667 0.9302260675411667 0.9302260675411667 0.9302260675411667 0.9302260675411667 0.9302260675411667 0.9302260675411667 0.9302260675411667 0.9302260675411667 0.9302260675411667 0.9302260675411667 0.00010809642200837466 0.9302260675411667 0.9302260675411667 0.00010809642200837466 0.9302260675411667 0.9302260675411667
9-38815553-T-C 0.9302260675411667 0.00010809642200837466 0.9302260675411667 0.9302260675411667 0.00010809642200837466 0.9302260675411667 0.00010809642200837466 0.00010809642200837466 0.9302260675411667 0.00010809642200837466 0.9302260675411667 0.9302260675411667 0.9302260675411667 0.9302260675411667 0.9302260675411667 0.9302260675411667 0.9302260675411667 0.9302260675411667 0.9302260675411667 0.9302260675411667 0.9302260675411667 0.9302260675411667 0.9302260675411667 0.9302260675411667
11-105336169-G-C 0.9302260675411667 0.9302260675411667 0.9302260675411667 0.00010809642200837466 0.9302260675411667 0.9302260675411667 0.9302260675411667 0.9302260675411667 0.9302260675411667 0.9302260675411667 0.9302260675411667 0.9302260675411667 0.9302260675411667 0.9302260675411667 0.9302260675411667 0.9302260675411667 0.00010809642200837466 0.9302260675411667 0.9302260675411667 0.00010809642200837466 0.9302260675411667 0.9302260675411667 0.9302260675411667 0.9302260675411667
9-71650324-C-A 0.9302260675411667 0.9302260675411667 0.9302260675411667 0.00010809642200837466 0.9302260675411667 0.9302260675411667 0.9302260675411667 0.9302260675411667 0.9302260675411667 0.9302260675411667 0.9302260675411667 0.9302260675411667 0.9302260675411667 0.9302260675411667 0.9302260675411667 0.9302260675411667 0.00010809642200837466 0.9302260675411667 0.9302260675411667 0.00010809642200837466 0.9302260675411667 0.9302260675411667 0.9302260675411667 0.9302260675411667
1-88214783-C-G 0.00010809642200837466 0.00010809642200837466 0.00010809642200837466 0.00010809642200837466 0.00010809642200837466 0.00010809642200837466 0.00010809642200837466 0.00010809642200837466 0.00010809642200837466 0.00010809642200837466 0.9302260675411667 0.9302260675411667 0.00010809642200837466 0.00010809642200837466 0.00010809642200837466 0.00010809642200837466 0.9302260675411667 0.00010809642200837466 0.00010809642200837466 0.00010809642200837466 0.00010809642200837466 0.00010809642200837466 0.9302260675411667 0.00010809642200837466
10-81271268-G-C 0.9302260675411667 0.9302260675411667 0.9302260675411667 0.9302260675411667 0.9302260675411667 0.9302260675411667 0.9302260675411667 0.9302260675411667 0.9302260675411667 0.9302260675411667 0.9302260675411667 0.00010809642200837466 0.9302260675411667 0.9302260675411667 0.9302260675411667 0.9302260675411667 0.9302260675411667 0.9302260675411667 0.9302260675411667 0.9302260675411667 0.00010809642200837466 0.9302260675411667 0.9302260675411667 0.9302260675411667
2-10098070-G-C 0.9302260675411667 0.00010809642200837466 0.9302260675411667 0.9302260675411667 0.9302260675411667 0.9302260675411667 0.00010809642200837466 0.9302260675411667 0.9302260675411667 0.9302260675411667 0.9302260675411667 0.9302260675411667 0.9302260675411667 0.9302260675411667 0.9302260675411667 0.9302260675411667 0.9302260675411667 0.9302260675411667 0.9302260675411667 0.9302260675411667 0.9302260675411667 0.9302260675411667 0.9302260675411667 0.9302260675411667
2-35031942-G-A 0.00010809642200837466 0.00010809642200837466 0.00010809642200837466 0.00010809642200837466 0.00010809642200837466 0.00010809642200837466 0.00010809642200837466 0.00010809642200837466 0.00010809642200837466 0.00010809642200837466 0.00010809642200837466 0.9302260675411667 0.00010809642200837466 0.00010809642200837466 0.00010809642200837466 0.00010809642200837466 0.00010809642200837466 0.00010809642200837466 0.00010809642200837466 0.00010809642200837466 0.00010809642200837466 0.00010809642200837466 0.00010809642200837466 0.00010809642200837466
11-65195047-A-C 0.9302260675411667 0.9302260675411667 0.9302260675411667 0.9302260675411667 0.9302260675411667 0.9302260675411667 0.9302260675411667 0.9302260675411667 0.9302260675411667 0.9302260675411667 0.9302260675411667 0.00010809642200837466 0.9302260675411667 0.9302260675411667 0.9302260675411667 0.9302260675411667 0.9302260675411667 0.9302260675411667 0.9302260675411667 0.9302260675411667 0.00010809642200837466 0.9302260675411667 0.9302260675411667 0.9302260675411667
7-128182877-A-G 0.9302260675411667 0.9302260675411667 0.9302260675411667 0.9302260675411667 0.9302260675411667 0.9302260675411667 0.9302260675411667 0.9302260675411667 0.9302260675411667 0.9302260675411667 0.9302260675411667 0.9302260675411667 0.9302260675411667 0.9302260675411667 0.9302260675411667 0.9302260675411667 0.9302260675411667 0.9302260675411667 0.00010809642200837466 0.9302260675411667 0.9302260675411667 0.00010809642200837466 0.9302260675411667 0.9302260675411667
13-8837043-A-T 0.00010809642200837466 0.00010809642200837466 0.00010809642200837466 0.00010809642200837466 0.00010809642200837466 0.00010809642200837466 0.00010809642200837466 0.00010809642200837466 0.00010809642200837466 0.00010809642200837466 0.00010809642200837466 0.00010809642200837466 0.00010809642200837466 0.00010809642200837466 0.00010809642200837466 0.00010809642200837466 0.00010809642200837466 0.00010809642200837466 0.00010809642200837466 0.00010809642200837466 0.00010809642200837466 0.00010809642200837466 0.00010809642200837466 0.9302260675411667
13-100781050-C-T 0.00010809642200837466 0.9302260675411667 0.9302260675411667 0.9302260675411667 0.9302260675411667 0.00010809642200837466 0.9302260675411667 0.9302260675411667 0.00010809642200837466 0.9302260675411667 0.00010809642200837466 0.9302260675411667 0.00010809642200837466 0.9302260675411667 0.00010809642200837466 0.9302260675411667 0.9302260675411667 0.00010809642200837466 0.9302260675411667 0.9302260675411667 0.9302260675411667 0.9302260675411667 0.00010809642200837466 0.9302260675411667
6-121924361-T-C 0.00010809642200837466 0.9302260675411667 0.9302260675411667 0.9302260675411667 0.9302260675411667 0.00010809642200837466 0.9302260675411667 0.9302260675411667 0.9302260675411667 0.9302260675411667 0.9302260675411667 0.9302260675411667 0.00010809642200837466 0.9302260675411667 0.00010809642200837466 0.9302260675411667 0.9302260675411667 0.00010809642200837466 0.9302260675411667 0.9302260675411667 0.9302260675411667 0.9302260675411667 0.00010809642200837466 0.9302260675411667
9-104015319-T-A 0.00010809642200837466 0.00010809642200837466 0.00010809642200837466 0.9302260675411667 0.00010809642200837466 0.00010809642200837466 0.00010809642200837466 0.00010809642200837466 0.00010809642200837466 0.00010809642200837466 0.00010809642200837466 0.00010809642200837466 0.00010809642200837466 0.00010809642200837466 0.00010809642200837466 0.00010809642200837466 0.00010809642200837466 0.00010809642200837466 0.00010809642200837466 0.00010809642200837466 0.00010809642200837466 0.00010809642200837466 0.9302260675411667 0.00010809642200837466
9-104035623-C-T 0.00010809642200837466 0.00010809642200837466 0.00010809642200837466 0.9302260675411667 0.00010809642200837466 0.00010809642200837466 0.00010809642200837466 0.00010809642200837466 0.00010809642200837466 0.00010809642200837466 0.00010809642200837466 0.00010809642200837466 0.00010809642200837466 0.00010809642200837466 0.00010809642200837466 0.00010809642200837466 0.00010809642200837466 0.00010809642200837466 0.00010809642200837466 0.00010809642200837466 0.00010809642200837466 0.00010809642200837466 0.9302260675411667 0.00010809642200837466
9-54472756-A-C 0.9302260675411667 0.9302260675411667 0.9302260675411667 0.9302260675411667 0.9302260675411667 0.9302260675411667 0.9302260675411667 0.9302260675411667 0.00010809642200837466 0.9302260675411667 0.00010809642200837466 0.9302260675411667 0.9302260675411667 0.9302260675411667 0.9302260675411667 0.9302260675411667 0.9302260675411667 0.9302260675411667 0.9302260675411667 0.9302260675411667 0.9302260675411667 0.9302260675411667 0.9302260675411667 0.9302260675411667
7-44842993-A-G 0.9302260675411667 0.9302260675411667 0.9302260675411667 0.9302260675411667 0.9302260675411667 0.9302260675411667 0.9302260675411667 0.9302260675411667 0.00010809642200837466 0.9302260675411667 0.00010809642200837466 0.9302260675411667 0.9302260675411667 0.9302260675411667 0.9302260675411667 0.9302260675411667 0.9302260675411667 0.9302260675411667 0.9302260675411667 0.9302260675411667 0.9302260675411667 0.9302260675411667 0.9302260675411667 0.9302260675411667
6-47781805-T-G 0.9302260675411667 0.9302260675411667 0.9302260675411667 0.9302260675411667 0.9302260675411667 0.9302260675411667 0.9302260675411667 0.9302260675411667 0.00010809642200837466 0.9302260675411667 0.00010809642200837466 0.9302260675411667 0.9302260675411667 0.9302260675411667 0.9302260675411667 0.9302260675411667 0.9302260675411667 0.9302260675411667 0.9302260675411667 0.9302260675411667 0.9302260675411667 0.9302260675411667 0.9302260675411667 0.9302260675411667
13-61566061-A-C 0.9302260675411667 0.9302260675411667 0.9302260675411667 0.9302260675411667 0.9302260675411667 0.9302260675411667 0.9302260675411667 0.9302260675411667 0.00010809642200837466 0.9302260675411667 0.00010809642200837466 0.9302260675411667 0.9302260675411667 0.9302260675411667 0.9302260675411667 0.9302260675411667 0.9302260675411667 0.9302260675411667 0.9302260675411667 0.9302260675411667 0.9302260675411667 0.9302260675411667 0.9302260675411667 0.9302260675411667
17-28958024-A-T 0.9302260675411667 0.9302260675411667 0.9302260675411667 0.9302260675411667 0.9302260675411667 0.9302260675411667 0.9302260675411667 0.9302260675411667 0.9302260675411667 0.9302260675411667 0.9302260675411667 0.9302260675411667 0.9302260675411667 0.00010809642200837466 0.9302260675411667 0.9302260675411667 0.9302260675411667 0.9302260675411667 0.9302260675411667 0.9302260675411667 0.9302260675411667 0.9302260675411667 0.9302260675411667 0.00010809642200837466
6-148877948-C-T 0.9302260675411667 0.00010809642200837466 0.00010809642200837466 0.00010809642200837466 0.00010809642200837466 0.9302260675411667 0.00010809642200837466 0.00010809642200837466 0.00010809642200837466 0.00010809642200837466 0.00010809642200837466 0.00010809642200837466 0.9302260675411667 0.00010809642200837466 0.9302260675411667 0.00010809642200837466 0.00010809642200837466 0.00010809642200837466 0.00010809642200837466 0.00010809642200837466 0.00010809642200837466 0.00010809642200837466 0.00010809642200837466 0.00010809642200837466
18-43540563-G-C 0.00010809642200837466 0.00010809642200837466 0.00010809642200837466 0.00010809642200837466 0.00010809642200837466 0.00010809642200837466 0.00010809642200837466 0.00010809642200837466 0.00010809642200837466 0.9302260675411667 0.00010809642200837466 0.00010809642200837466 0.00010809642200837466 0.00010809642200837466 0.00010809642200837466 0.00010809642200837466 0.00010809642200837466 0.00010809642200837466 0.00010809642200837466 0.00010809642200837466 0.00010809642200837466 0.00010809642200837466 0.00010809642200837466 0.00010809642200837466
2-30345202-T-A 0.9302260675411667 0.9302260675411667 0.9302260675411667 0.00010809642200837466 0.9302260675411667 0.9302260675411667 0.9302260675411667 0.9302260675411667 0.9302260675411667 0.9302260675411667 0.9302260675411667 0.9302260675411667 0.9302260675411667 0.9302260675411667 0.9302260675411667 0.9302260675411667 0.00010809642200837466 0.9302260675411667 0.9302260675411667 0.00010809642200837466 0.9302260675411667 0.9302260675411667 0.9302260675411667 0.9302260675411667
14-66828757-T-C 0.9302260675411667 0.00010809642200837466 0.9302260675411667 0.9302260675411667 0.9302260675411667 0.9302260675411667 0.00010809642200837466 0.9302260675411667 0.9302260675411667 0.9302260675411667 0.9302260675411667 0.9302260675411667 0.9302260675411667 0.9302260675411667 0.9302260675411667 0.9302260675411667 0.9302260675411667 0.9302260675411667 0.9302260675411667 0.9302260675411667 0.9302260675411667 0.9302260675411667 0.9302260675411667 0.9302260675411667
3-64596770-T-G 0.9302260675411667 0.9302260675411667 0.9302260675411667 0.9302260675411667 0.9302260675411667 0.9302260675411667 0.9302260675411667 0.9302260675411667 0.9302260675411667 0.9302260675411667 0.9302260675411667 0.9302260675411667 0.9302260675411667 0.00010809642200837466 0.9302260675411667 0.9302260675411667 0.9302260675411667 0.9302260675411667 0.9302260675411667 0.9302260675411667 0.9302260675411667 0.9302260675411667 0.9302260675411667 0.00010809642200837466
11-115348991-A-T 0.9302260675411667 0.9302260675411667 0.9302260675411667 0.9302260675411667 0.9302260675411667 0.9302260675411667 0.9302260675411667 0.9302260675411667 0.00010809642200837466 0.9302260675411667 0.00010809642200837466 0.9302260675411667 0.9302260675411667 0.9302260675411667 0.9302260675411667 0.9302260675411667 0.9302260675411667 0.9302260675411667 0.9302260675411667 0.9302260675411667 0.9302260675411667 0.9302260675411667 0.9302260675411667 0.9302260675411667
2-31592563-A-G 0.00010809642200837466 0.9302260675411667 0.9302260675411667 0.9302260675411667 0.9302260675411667 0.9302260675411667 0.9302260675411667 0.9302260675411667 0.9302260675411667 0.9302260675411667 0.9302260675411667 0.9302260675411667 0.00010809642200837466 0.9302260675411667 0.9302260675411667 0.9302260675411667 0.9302260675411667 0.9302260675411667 0.9302260675411667 0.9302260675411667 0.9302260675411667 0.9302260675411667 0.9302260675411667 0.9302260675411667
3-79623503-T-C 0.9302260675411667 0.00010809642200837466 0.00010809642200837466 0.00010809642200837466 0.00010809642200837466 0.9302260675411667 0.00010809642200837466 0.00010809642200837466 0.00010809642200837466 0.00010809642200837466 0.00010809642200837466 0.00010809642200837466 0.9302260675411667 0.9302260675411667 0.9302260675411667 0.00010809642200837466 0.00010809642200837466 0.00010809642200837466 0.9302260675411667 0.00010809642200837466 0.00010809642200837466 0.00010809642200837466 0.9302260675411667 0.9302260675411667
9-109116701-G-T 0.00010809642200837466 0.9302260675411667 0.9302260675411667 0.9302260675411667 0.9302260675411667 0.00010809642200837466 0.9302260675411667 0.9302260675411667 0.00010809642200837466 0.9302260675411667 0.00010809642200837466 0.9302260675411667 0.00010809642200837466 0.9302260675411667 0.00010809642200837466 0.9302260675411667 0.9302260675411667 0.00010809642200837466 0.9302260675411667 0.9302260675411667 0.9302260675411667 0.9302260675411667 0.00010809642200837466 0.9302260675411667
8-71695920-T-C 0.9302260675411667 0.9302260675411667 0.9302260675411667 0.9302260675411667 0.9302260675411667 0.9302260675411667 0.9302260675411667 0.9302260675411667 0.00010809642200837466 0.9302260675411667 0.00010809642200837466 0.9302260675411667 0.9302260675411667 0.9302260675411667 0.9302260675411667 0.9302260675411667 0.9302260675411667 0.9302260675411667 0.9302260675411667 0.9302260675411667 0.9302260675411667 0.9302260675411667 0.9302260675411667 0.9302260675411667
9-96038653-T-A 0.9302260675411667 0.9302260675411667 0.9302260675411667 0.9302260675411667 0.9302260675411667 0.9302260675411667 0.9302260675411667 0.9302260675411667 0.9302260675411667 0.9302260675411667 0.9302260675411667 0.00010809642200837466 0.9302260675411667 0.9302260675411667 0.9302260675411667 0.9302260675411667 0.9302260675411667 0.9302260675411667 0.9302260675411667 0.9302260675411667 0.00010809642200837466 0.9302260675411667 0.9302260675411667 0.9302260675411667
13-40719289-T-C 0.00010809642200837466 0.00010809642200837466 0.00010809642200837466 0.00010809642200837466 0.00010809642200837466 0.00010809642200837466 0.00010809642200837466 0.00010809642200837466 0.00010809642200837466 0.00010809642200837466 0.00010809642200837466 0.00010809642200837466 0.00010809642200837466 0.00010809642200837466 0.00010809642200837466 0.00010809642200837466 0.00010809642200837466 0.00010809642200837466 0.00010809642200837466 0.00010809642200837466 0.00010809642200837466 0.00010809642200837466 0.00010809642200837466 0.9302260675411667
16-5049899-G-C 0.9302260675411667 0.9302260675411667 0.9302260675411667 0.00010809642200837466 0.9302260675411667 0.9302260675411667 0.9302260675411667 0.9302260675411667 0.9302260675411667 0.9302260675411667 0.9302260675411667 0.9302260675411667 0.9302260675411667 0.9302260675411667 0.9302260675411667 0.9302260675411667 0.00010809642200837466 0.9302260675411667 0.9302260675411667 0.00010809642200837466 0.9302260675411667 0.9302260675411667 0.9302260675411667 0.9302260675411667
9-24421044-T-C 0.9302260675411667 0.9302260675411667 0.9302260675411667 0.9302260675411667 0.9302260675411667 0.9302260675411667 0.9302260675411667 0.9302260675411667 0.9302260675411667 0.9302260675411667 0.9302260675411667 0.00010809642200837466 0.9302260675411667 0.9302260675411667 0.9302260675411667 0.9302260675411667 0.9302260675411667 0.9302260675411667 0.9302260675411667 0.9302260675411667 0.00010809642200837466 0.9302260675411667 0.9302260675411667 0.9302260675411667
2-85950961-G-A 0.00010809642200837466 0.00010809642200837466 0.00010809642200837466 0.00010809642200837466 0.00010809642200837466 0.00010809642200837466 0.00010809642200837466 0.00010809642200837466 0.00010809642200837466 0.00010809642200837466 0.00010809642200837466 0.9302260675411667 0.00010809642200837466 0.00010809642200837466 0.00010809642200837466 0.00010809642200837466 0.00010809642200837466 0.00010809642200837466 0.00010809642200837466 0.00010809642200837466 0.00010809642200837466 0.00010809642200837466 0.00010809642200837466 0.00010809642200837466
5-76305388-A-G 0.00010809642200837466 0.9302260675411667 0.9302260675411667 0.9302260675411667 0.9302260675411667 0.00010809642200837466 0.9302260675411667 0.9302260675411667 0.00010809642200837466 0.9302260675411667 0.00010809642200837466 0.9302260675411667 0.00010809642200837466 0.9302260675411667 0.00010809642200837466 0.9302260675411667 0.9302260675411667 0.00010809642200837466 0.9302260675411667 0.9302260675411667 0.9302260675411667 0.9302260675411667 0.00010809642200837466 0.9302260675411667
14-66968757-G-C 0.9302260675411667 0.9302260675411667 0.9302260675411667 0.9302260675411667 0.9302260675411667 0.9302260675411667 0.9302260675411667 0.9302260675411667 0.9302260675411667 0.9302260675411667 0.9302260675411667 0.9302260675411667 0.9302260675411667 0.00010809642200837466 0.9302260675411667 0.9302260675411667 0.9302260675411667 0.9302260675411667 0.9302260675411667 0.9302260675411667 0.9302260675411667 0.9302260675411667 0.9302260675411667 0.00010809642200837466
5-112874310-C-T 0.00010809642200837466 0.9302260675411667 0.9302260675411667 0.9302260675411667 0.9302260675411667 0.00010809642200837466 0.9302260675411667 0.9302260675411667 0.9302260675411667 0.9302260675411667 0.9302260675411667 0.9302260675411667 0.00010809642200837466 0.9302260675411667 0.9302260675411667 0.9302260675411667 0.9302260675411667 0.9302260675411667 0.9302260675411667 0.9302260675411667 0.9302260675411667 0.9302260675411667 0.9302260675411667 0.9302260675411667
16-57133075-A-T 0.9302260675411667 0.9302260675411667 0.9302260675411667 0.00010809642200837466 0.9302260675411667 0.9302260675411667 0.9302260675411667 0.9302260675411667 0.9302260675411667 0.9302260675411667 0.9302260675411667 0.9302260675411667 0.9302260675411667 0.9302260675411667 0.9302260675411667 0.9302260675411667 0.00010809642200837466 0.9302260675411667 0.9302260675411667 0.00010809642200837466 0.9302260675411667 0.9302260675411667 0.9302260675411667 0.9302260675411667
16-49238985-T-C 0.00010809642200837466 0.00010809642200837466 0.9302260675411667 0.9302260675411667 0.00010809642200837466 0.00010809642200837466 0.00010809642200837466 0.00010809642200837466 0.00010809642200837466 0.00010809642200837466 0.00010809642200837466 0.9302260675411667 0.00010809642200837466 0.9302260675411667 0.00010809642200837466 0.9302260675411667 0.9302260675411667 0.00010809642200837466 0.9302260675411667 0.9302260675411667 0.9302260675411667 0.9302260675411667 0.00010809642200837466 0.9302260675411667
18-76302129-C-T 0.00010809642200837466 0.9302260675411667 0.9302260675411667 0.9302260675411667 0.9302260675411667 0.00010809642200837466 0.9302260675411667 0.9302260675411667 0.00010809642200837466 0.9302260675411667 0.00010809642200837466 0.9302260675411667 0.00010809642200837466 0.9302260675411667 0.00010809642200837466 0.9302260675411667 0.9302260675411667 0.00010809642200837466 0.9302260675411667 0.9302260675411667 0.9302260675411667 0.9302260675411667 0.00010809642200837466 0.9302260675411667
5-88662622-A-T 0.00010809642200837466 0.9302260675411667 0.9302260675411667 0.9302260675411667 0.9302260675411667 0.9302260675411667 0.9302260675411667 0.9302260675411667 0.9302260675411667 0.9302260675411667 0.9302260675411667 0.9302260675411667 0.00010809642200837466 0.9302260675411667 0.9302260675411667 0.9302260675411667 0.9302260675411667 0.9302260675411667 0.9302260675411667 0.9302260675411667 0.9302260675411667 0.9302260675411667 0.9302260675411667 0.9302260675411667
6-113581243-T-C 0.9302260675411667 0.9302260675411667 0.9302260675411667 0.9302260675411667 0.9302260675411667 0.9302260675411667 0.9302260675411667 0.9302260675411667 0.9302260675411667 0.9302260675411667 0.9302260675411667 0.00010809642200837466 0.9302260675411667 0.9302260675411667 0.9302260675411667 0.9302260675411667 0.9302260675411667 0.9302260675411667 0.9302260675411667 0.9302260675411667 0.00010809642200837466 0.9302260675411667 0.9302260675411667 0.9302260675411667
8-92996117-C-T 0.00010809642200837466 0.9302260675411667 0.9302260675411667 0.9302260675411667 0.9302260675411667 0.9302260675411667 0.9302260675411667 0.9302260675411667 0.9302260675411667 0.9302260675411667 0.9302260675411667 0.9302260675411667 0.00010809642200837466 0.9302260675411667 0.9302260675411667 0.9302260675411667 0.9302260675411667 0.9302260675411667 0.9302260675411667 0.9302260675411667 0.9302260675411667 0.9302260675411667 0.9302260675411667 0.9302260675411667
17-49713925-A-G 0.9302260675411667 0.9302260675411667 0.9302260675411667 0.9302260675411667 0.9302260675411667 0.9302260675411667 0.9302260675411667 0.9302260675411667 0.00010809642200837466 0.9302260675411667 0.00010809642200837466 0.9302260675411667 0.9302260675411667 0.9302260675411667 0.9302260675411667 0.9302260675411667 0.9302260675411667 0.9302260675411667 0.9302260675411667 0.9302260675411667 0.9302260675411667 0.9302260675411667 0.9302260675411667 0.9302260675411667
1-127460041-A-G 0.9302260675411667 0.9302260675411667 0.9302260675411667 0.9302260675411667 0.9302260675411667 0.9302260675411667 0.9302260675411667 0.9302260675411667 0.00010809642200837466 0.9302260675411667 0.00010809642200837466 0.9302260675411667 0.9302260675411667 0.9302260675411667 0.9302260675411667 0.9302260675411667 0.9302260675411667 0.9302260675411667 0.9302260675411667 0.9302260675411667 0.9302260675411667 0.9302260675411667 0.9302260675411667 0.9302260675411667
6-68151785-T-C 0.9302260675411667 0.9302260675411667 0.9302260675411667 0.9302260675411667 0.9302260675411667 0.9302260675411667 0.9302260675411667 0.9302260675411667 0.9302260675411667 0.9302260675411667 0.9302260675411667 0.00010809642200837466 0.9302260675411667 0.9302260675411667 0.9302260675411667 0.9302260675411667 0.9302260675411667 0.9302260675411667 0.9302260675411667 0.9302260675411667 0.00010809642200837466 0.9302260675411667 0.9302260675411667 0.9302260675411667
9-38449016-T-A 0.9302260675411667 0.9302260675411667 0.9302260675411667 0.9302260675411667 0.9302260675411667 0.9302260675411667 0.9302260675411667 0.9302260675411667 0.9302260675411667 0.9302260675411667 0.9302260675411667 0.00010809642200837466 0.9302260675411667 0.9302260675411667 0.9302260675411667 0.9302260675411667 0.9302260675411667 0.9302260675411667 0.9302260675411667 0.9302260675411667 0.00010809642200837466 0.9302260675411667 0.9302260675411667 0.9302260675411667
19-33824901-T-C 0.9302260675411667 0.9302260675411667 0.9302260675411667 0.9302260675411667 0.9302260675411667 0.9302260675411667 0.9302260675411667 0.9302260675411667 0.9302260675411667 0.9302260675411667 0.9302260675411667 0.9302260675411667 0.9302260675411667 0.00010809642200837466 0.9302260675411667 0.9302260675411667 0.9302260675411667 0.9302260675411667 0.9302260675411667 0.9302260675411667 0.9302260675411667 0.9302260675411667 0.9302260675411667 0.00010809642200837466
5-43732248-A-T 0.9302260675411667 0.9302260675411667 0.9302260675411667 0.9302260675411667 0.9302260675411667 0.9302260675411667 0.9302260675411667 0.9302260675411667 0.00010809642200837466 0.9302260675411667 0.00010809642200837466 0.9302260675411667 0.9302260675411667 0.9302260675411667 0.9302260675411667 0.9302260675411667 0.9302260675411667 0.9302260675411667 0.9302260675411667 0.9302260675411667 0.9302260675411667 0.9302260675411667 0.9302260675411667 0.9302260675411667
19-39438458-T-C 0.9302260675411667 0.9302260675411667 0.9302260675411667 0.9302260675411667 0.9302260675411667 0.9302260675411667 0.9302260675411667 0.9302260675411667 0.9302260675411667 0.9302260675411667 0.9302260675411667 0.00010809642200837466 0.9302260675411667 0.9302260675411667 0.9302260675411667 0.9302260675411667 0.9302260675411667 0.9302260675411667 0.9302260675411667 0.9302260675411667 0.00010809642200837466 0.9302260675411667 0.9302260675411667 0.9302260675411667
11-69436416-C-G 0.00010809642200837466 0.9302260675411667 0.9302260675411667 0.9302260675411667 0.9302260675411667 0.00010809642200837466 0.9302260675411667 0.9302260675411667 0.9302260675411667 0.9302260675411667 0.9302260675411667 0.9302260675411667 0.00010809642200837466 0.9302260675411667 0.9302260675411667 0.9302260675411667 0.9302260675411667 0.9302260675411667 0.9302260675411667 0.9302260675411667 0.9302260675411667 0.9302260675411667 0.9302260675411667 0.9302260675411667
11-70255268-C-G 0.00010809642200837466 0.9302260675411667 0.9302260675411667 0.9302260675411667 0.9302260675411667 0.00010809642200837466 0.9302260675411667 0.9302260675411667 0.9302260675411667 0.9302260675411667 0.9302260675411667 0.9302260675411667 0.00010809642200837466 0.9302260675411667 0.9302260675411667 0.9302260675411667 0.9302260675411667 0.9302260675411667 0.9302260675411667 0.9302260675411667 0.9302260675411667 0.9302260675411667 0.9302260675411667 0.9302260675411667
1-171283245-C-T 0.9302260675411667 0.9302260675411667 0.9302260675411667 0.9302260675411667 0.9302260675411667 0.9302260675411667 0.9302260675411667 0.9302260675411667 0.00010809642200837466 0.9302260675411667 0.00010809642200837466 0.9302260675411667 0.9302260675411667 0.9302260675411667 0.9302260675411667 0.9302260675411667 0.9302260675411667 0.9302260675411667 0.9302260675411667 0.9302260675411667 0.9302260675411667 0.9302260675411667 0.9302260675411667 0.9302260675411667
7-20844874-T-C 0.9302260675411667 0.9302260675411667 0.9302260675411667 0.9302260675411667 0.9302260675411667 0.9302260675411667 0.9302260675411667 0.9302260675411667 0.00010809642200837466 0.9302260675411667 0.00010809642200837466 0.9302260675411667 0.9302260675411667 0.9302260675411667 0.9302260675411667 0.9302260675411667 0.9302260675411667 0.9302260675411667 0.9302260675411667 0.9302260675411667 0.9302260675411667 0.9302260675411667 0.9302260675411667 0.9302260675411667
14-47690184-G-A 0.00010809642200837466 0.00010809642200837466 0.00010809642200837466 0.00010809642200837466 0.00010809642200837466 0.00010809642200837466 0.00010809642200837466 0.00010809642200837466 0.00010809642200837466 0.00010809642200837466 0.00010809642200837466 0.00010809642200837466 0.00010809642200837466 0.00010809642200837466 0.00010809642200837466 0.00010809642200837466 0.00010809642200837466 0.9302260675411667 0.00010809642200837466 0.00010809642200837466 0.00010809642200837466 0.00010809642200837466 0.00010809642200837466 0.00010809642200837466
18-62659823-C-G 0.00010809642200837466 0.00010809642200837466 0.00010809642200837466 0.00010809642200837466 0.00010809642200837466 0.00010809642200837466 0.00010809642200837466 0.00010809642200837466 0.00010809642200837466 0.9302260675411667 0.00010809642200837466 0.00010809642200837466 0.00010809642200837466 0.00010809642200837466 0.00010809642200837466 0.00010809642200837466 0.00010809642200837466 0.00010809642200837466 0.00010809642200837466 0.00010809642200837466 0.00010809642200837466 0.00010809642200837466 0.00010809642200837466 0.00010809642200837466
14-51145911-C-T 0.00010809642200837466 0.00010809642200837466 0.00010809642200837466 0.00010809642200837466 0.00010809642200837466 0.00010809642200837466 0.00010809642200837466 0.00010809642200837466 0.00010809642200837466 0.00010809642200837466 0.00010809642200837466 0.00010809642200837466 0.00010809642200837466 0.00010809642200837466 0.00010809642200837466 0.00010809642200837466 0.00010809642200837466 0.9302260675411667 0.00010809642200837466 0.00010809642200837466 0.00010809642200837466 0.00010809642200837466 0.00010809642200837466 0.00010809642200837466
2-87754036-A-G 0.00010809642200837466 0.9302260675411667 0.9302260675411667 0.9302260675411667 0.9302260675411667 0.9302260675411667 0.9302260675411667 0.9302260675411667 0.9302260675411667 0.9302260675411667 0.9302260675411667 0.9302260675411667 0.00010809642200837466 0.9302260675411667 0.9302260675411667 0.9302260675411667 0.9302260675411667 0.9302260675411667 0.9302260675411667 0.9302260675411667 0.9302260675411667 0.9302260675411667 0.9302260675411667 0.9302260675411667
1-177880106-A-T 0.9302260675411667 0.9302260675411667 0.9302260675411667 0.9302260675411667 0.9302260675411667 0.9302260675411667 0.9302260675411667 0.9302260675411667 0.00010809642200837466 0.9302260675411667 0.00010809642200837466 0.9302260675411667 0.9302260675411667 0.9302260675411667 0.9302260675411667 0.9302260675411667 0.9302260675411667 0.9302260675411667 0.9302260675411667 0.9302260675411667 0.9302260675411667 0.9302260675411667 0.9302260675411667 0.9302260675411667
19-21680828-A-T 0.00010809642200837466 0.00010809642200837466 0.00010809642200837466 0.00010809642200837466 0.00010809642200837466 0.00010809642200837466 0.00010809642200837466 0.00010809642200837466 0.00010809642200837466 0.00010809642200837466 0.00010809642200837466 0.00010809642200837466 0.00010809642200837466 0.00010809642200837466 0.00010809642200837466 0.00010809642200837466 0.00010809642200837466 0.9302260675411667 0.00010809642200837466 0.00010809642200837466 0.00010809642200837466 0.00010809642200837466 0.00010809642200837466 0.00010809642200837466
6-113581243-T-C 0.9302260675411667 0.9302260675411667 0.9302260675411667 0.9302260675411667 0.9302260675411667 0.9302260675411667 0.9302260675411667 0.9302260675411667 0.9302260675411667 0.9302260675411667 0.9302260675411667 0.00010809642200837466 0.9302260675411667 0.9302260675411667 0.9302260675411667 0.9302260675411667 0.9302260675411667 0.9302260675411667 0.9302260675411667 0.9302260675411667 0.00010809642200837466 0.9302260675411667 0.9302260675411667 0.9302260675411667
16-19085386-A-G 0.00010809642200837466 0.9302260675411667 0.9302260675411667 0.9302260675411667 0.9302260675411667 0.00010809642200837466 0.9302260675411667 0.9302260675411667 0.9302260675411667 0.9302260675411667 0.9302260675411667 0.9302260675411667 0.00010809642200837466 0.9302260675411667 0.9302260675411667 0.9302260675411667 0.9302260675411667 0.9302260675411667 0.9302260675411667 0.9302260675411667 0.9302260675411667 0.9302260675411667 0.9302260675411667 0.9302260675411667
8-88314232-C-G 0.9302260675411667 0.9302260675411667 0.9302260675411667 0.00010809642200837466 0.9302260675411667 0.9302260675411667 0.9302260675411667 0.9302260675411667 0.9302260675411667 0.9302260675411667 0.9302260675411667 0.9302260675411667 0.9302260675411667 0.9302260675411667 0.9302260675411667 0.9302260675411667 0.00010809642200837466 0.9302260675411667 0.9302260675411667 0.00010809642200837466 0.9302260675411667 0.9302260675411667 0.9302260675411667 0.9302260675411667
7-51698545-T-C 0.00010809642200837466 0.9302260675411667 0.9302260675411667 0.9302260675411667 0.9302260675411667 0.00010809642200837466 0.9302260675411667 0.9302260675411667 0.9302260675411667 0.9302260675411667 0.9302260675411667 0.9302260675411667 0.00010809642200837466 0.9302260675411667 0.00010809642200837466 0.9302260675411667 0.9302260675411667 0.9302260675411667 0.9302260675411667 0.9302260675411667 0.9302260675411667 0.9302260675411667 0.9302260675411667 0.9302260675411667
3-105668145-C-T 0.9302260675411667 0.00010809642200837466 0.9302260675411667 0.9302260675411667 0.9302260675411667 0.9302260675411667 0.00010809642200837466 0.9302260675411667 0.9302260675411667 0.9302260675411667 0.9302260675411667 0.9302260675411667 0.9302260675411667 0.9302260675411667 0.9302260675411667 0.9302260675411667 0.9302260675411667 0.9302260675411667 0.9302260675411667 0.9302260675411667 0.9302260675411667 0.9302260675411667 0.9302260675411667 0.9302260675411667
3-107218378-C-T 0.9302260675411667 0.00010809642200837466 0.9302260675411667 0.9302260675411667 0.9302260675411667 0.9302260675411667 0.00010809642200837466 0.9302260675411667 0.9302260675411667 0.9302260675411667 0.9302260675411667 0.9302260675411667 0.9302260675411667 0.9302260675411667 0.9302260675411667 0.9302260675411667 0.9302260675411667 0.9302260675411667 0.9302260675411667 0.9302260675411667 0.9302260675411667 0.9302260675411667 0.9302260675411667 0.9302260675411667
5-144280715-A-G 0.9302260675411667 0.9302260675411667 0.00010809642200837466 0.9302260675411667 0.9302260675411667 0.9302260675411667 0.00010809642200837466 0.9302260675411667 0.9302260675411667 0.9302260675411667 0.9302260675411667 0.9302260675411667 0.9302260675411667 0.9302260675411667 0.9302260675411667 0.00010809642200837466 0.9302260675411667 0.9302260675411667 0.00010809642200837466 0.9302260675411667 0.00010809642200837466 0.00010809642200837466 0.9302260675411667 0.9302260675411667
2-181995507-T-C 0.00010809642200837466 0.00010809642200837466 0.00010809642200837466 0.00010809642200837466 0.00010809642200837466 0.00010809642200837466 0.00010809642200837466 0.00010809642200837466 0.00010809642200837466 0.00010809642200837466 0.00010809642200837466 0.9302260675411667 0.00010809642200837466 0.00010809642200837466 0.00010809642200837466 0.00010809642200837466 0.00010809642200837466 0.00010809642200837466 0.00010809642200837466 0.00010809642200837466 0.00010809642200837466 0.00010809642200837466 0.00010809642200837466 0.00010809642200837466
4-40260770-T-C 0.9302260675411667 0.9302260675411667 0.9302260675411667 0.9302260675411667 0.9302260675411667 0.9302260675411667 0.9302260675411667 0.9302260675411667 0.9302260675411667 0.9302260675411667 0.9302260675411667 0.00010809642200837466 0.9302260675411667 0.9302260675411667 0.9302260675411667 0.9302260675411667 0.9302260675411667 0.9302260675411667 0.9302260675411667 0.9302260675411667 0.00010809642200837466 0.9302260675411667 0.9302260675411667 0.9302260675411667
10-70947805-C-G 0.9302260675411667 0.9302260675411667 0.9302260675411667 0.9302260675411667 0.9302260675411667 0.9302260675411667 0.9302260675411667 0.9302260675411667 0.00010809642200837466 0.9302260675411667 0.00010809642200837466 0.9302260675411667 0.9302260675411667 0.9302260675411667 0.9302260675411667 0.9302260675411667 0.9302260675411667 0.9302260675411667 0.9302260675411667 0.9302260675411667 0.9302260675411667 0.9302260675411667 0.9302260675411667 0.9302260675411667
2-120889845-A-G 0.9302260675411667 0.9302260675411667 0.9302260675411667 0.9302260675411667 0.9302260675411667 0.9302260675411667 0.9302260675411667 0.9302260675411667 0.00010809642200837466 0.9302260675411667 0.00010809642200837466 0.9302260675411667 0.9302260675411667 0.9302260675411667 0.9302260675411667 0.9302260675411667 0.9302260675411667 0.9302260675411667 0.9302260675411667 0.9302260675411667 0.9302260675411667 0.9302260675411667 0.9302260675411667 0.9302260675411667
9-114709320-T-A 0.00010809642200837466 0.9302260675411667 0.9302260675411667 0.9302260675411667 0.9302260675411667 0.00010809642200837466 0.9302260675411667 0.9302260675411667 0.9302260675411667 0.9302260675411667 0.9302260675411667 0.9302260675411667 0.00010809642200837466 0.9302260675411667 0.00010809642200837466 0.9302260675411667 0.9302260675411667 0.9302260675411667 0.9302260675411667 0.9302260675411667 0.9302260675411667 0.9302260675411667 0.00010809642200837466 0.9302260675411667
17-25725937-G-C 0.9302260675411667 0.00010809642200837466 0.9302260675411667 0.9302260675411667 0.9302260675411667 0.9302260675411667 0.00010809642200837466 0.00010809642200837466 0.9302260675411667 0.00010809642200837466 0.9302260675411667 0.9302260675411667 0.9302260675411667 0.9302260675411667 0.9302260675411667 0.9302260675411667 0.9302260675411667 0.9302260675411667 0.9302260675411667 0.9302260675411667 0.9302260675411667 0.9302260675411667 0.9302260675411667 0.9302260675411667
12-13436490-T-A 0.9302260675411667 0.9302260675411667 0.9302260675411667 0.9302260675411667 0.9302260675411667 0.9302260675411667 0.9302260675411667 0.9302260675411667 0.00010809642200837466 0.9302260675411667 0.00010809642200837466 0.9302260675411667 0.9302260675411667 0.9302260675411667 0.9302260675411667 0.9302260675411667 0.9302260675411667 0.9302260675411667 0.9302260675411667 0.9302260675411667 0.9302260675411667 0.9302260675411667 0.9302260675411667 0.9302260675411667
3-144952720-G-C 0.00010809642200837466 0.9302260675411667 0.00010809642200837466 0.00010809642200837466 0.00010809642200837466 0.00010809642200837466 0.00010809642200837466 0.9302260675411667 0.00010809642200837466 0.9302260675411667 0.00010809642200837466 0.00010809642200837466 0.00010809642200837466 0.00010809642200837466 0.9302260675411667 0.9302260675411667 0.00010809642200837466 0.9302260675411667 0.00010809642200837466 0.00010809642200837466 0.00010809642200837466 0.9302260675411667 0.00010809642200837466 0.00010809642200837466
6-69963760-A-C 0.9302260675411667 0.9302260675411667 0.9302260675411667 0.9302260675411667 0.9302260675411667 0.9302260675411667 0.9302260675411667 0.9302260675411667 0.00010809642200837466 0.9302260675411667 0.00010809642200837466 0.9302260675411667 0.9302260675411667 0.9302260675411667 0.9302260675411667 0.9302260675411667 0.9302260675411667 0.9302260675411667 0.9302260675411667 0.9302260675411667 0.9302260675411667 0.9302260675411667 0.9302260675411667 0.9302260675411667
14-50361892-T-G 0.9302260675411667 0.00010809642200837466 0.9302260675411667 0.9302260675411667 0.9302260675411667 0.9302260675411667 0.00010809642200837466 0.9302260675411667 0.9302260675411667 0.9302260675411667 0.9302260675411667 0.9302260675411667 0.9302260675411667 0.9302260675411667 0.9302260675411667 0.9302260675411667 0.9302260675411667 0.9302260675411667 0.9302260675411667 0.9302260675411667 0.9302260675411667 0.9302260675411667 0.9302260675411667 0.9302260675411667
10-112455793-G-C 0.9302260675411667 0.9302260675411667 0.9302260675411667 0.00010809642200837466 0.9302260675411667 0.9302260675411667 0.9302260675411667 0.9302260675411667 0.9302260675411667 0.9302260675411667 0.9302260675411667 0.9302260675411667 0.9302260675411667 0.9302260675411667 0.9302260675411667 0.9302260675411667 0.00010809642200837466 0.9302260675411667 0.9302260675411667 0.00010809642200837466 0.9302260675411667 0.9302260675411667 0.9302260675411667 0.9302260675411667
8-11854430-C-G 0.9302260675411667 0.00010809642200837466 0.9302260675411667 0.9302260675411667 0.9302260675411667 0.9302260675411667 0.00010809642200837466 0.9302260675411667 0.9302260675411667 0.9302260675411667 0.9302260675411667 0.9302260675411667 0.9302260675411667 0.9302260675411667 0.9302260675411667 0.9302260675411667 0.9302260675411667 0.9302260675411667 0.9302260675411667 0.9302260675411667 0.9302260675411667 0.9302260675411667 0.9302260675411667 0.9302260675411667
8-41657703-T-G 0.9302260675411667 0.00010809642200837466 0.9302260675411667 0.9302260675411667 0.9302260675411667 0.9302260675411667 0.00010809642200837466 0.9302260675411667 0.9302260675411667 0.9302260675411667 0.9302260675411667 0.9302260675411667 0.9302260675411667 0.9302260675411667 0.9302260675411667 0.9302260675411667 0.9302260675411667 0.9302260675411667 0.9302260675411667 0.9302260675411667 0.9302260675411667 0.9302260675411667 0.9302260675411667 0.9302260675411667
7-51152916-T-A 0.9302260675411667 0.00010809642200837466 0.9302260675411667 0.9302260675411667 0.9302260675411667 0.9302260675411667 0.00010809642200837466 0.9302260675411667 0.9302260675411667 0.00010809642200837466 0.9302260675411667 0.9302260675411667 0.9302260675411667 0.9302260675411667 0.9302260675411667 0.9302260675411667 0.9302260675411667 0.9302260675411667 0.9302260675411667 0.9302260675411667 0.9302260675411667 0.9302260675411667 0.9302260675411667 0.9302260675411667
5-14676253-T-G 0.9302260675411667 0.00010809642200837466 0.9302260675411667 0.9302260675411667 0.9302260675411667 0.9302260675411667 0.00010809642200837466 0.9302260675411667 0.9302260675411667 0.9302260675411667 0.9302260675411667 0.9302260675411667 0.9302260675411667 0.9302260675411667 0.9302260675411667 0.9302260675411667 0.9302260675411667 0.9302260675411667 0.9302260675411667 0.9302260675411667 0.9302260675411667 0.9302260675411667 0.9302260675411667 0.9302260675411667
9-96038653-T-A 0.9302260675411667 0.9302260675411667 0.9302260675411667 0.9302260675411667 0.9302260675411667 0.9302260675411667 0.9302260675411667 0.9302260675411667 0.9302260675411667 0.9302260675411667 0.9302260675411667 0.00010809642200837466 0.9302260675411667 0.9302260675411667 0.9302260675411667 0.9302260675411667 0.9302260675411667 0.9302260675411667 0.9302260675411667 0.9302260675411667 0.00010809642200837466 0.9302260675411667 0.9302260675411667 0.9302260675411667
7-9028009-A-G 0.9302260675411667 0.9302260675411667 0.00010809642200837466 0.9302260675411667 0.9302260675411667 0.9302260675411667 0.00010809642200837466 0.9302260675411667 0.9302260675411667 0.9302260675411667 0.9302260675411667 0.00010809642200837466 0.9302260675411667 0.9302260675411667 0.9302260675411667 0.00010809642200837466 0.9302260675411667 0.9302260675411667 0.00010809642200837466 0.9302260675411667 0.00010809642200837466 0.00010809642200837466 0.9302260675411667 0.9302260675411667
5-138261091-C-T 0.00010809642200837466 0.00010809642200837466 0.00010809642200837466 0.00010809642200837466 0.00010809642200837466 0.00010809642200837466 0.00010809642200837466 0.00010809642200837466 0.00010809642200837466 0.00010809642200837466 0.00010809642200837466 0.9302260675411667 0.00010809642200837466 0.00010809642200837466 0.00010809642200837466 0.00010809642200837466 0.00010809642200837466 0.00010809642200837466 0.00010809642200837466 0.00010809642200837466 0.00010809642200837466 0.00010809642200837466 0.00010809642200837466 0.9302260675411667
15-76003462-C-A 0.9302260675411667 0.9302260675411667 0.9302260675411667 0.9302260675411667 0.9302260675411667 0.9302260675411667 0.9302260675411667 0.9302260675411667 0.9302260675411667 0.9302260675411667 0.9302260675411667 0.9302260675411667 0.9302260675411667 0.00010809642200837466 0.9302260675411667 0.9302260675411667 0.9302260675411667 0.9302260675411667 0.9302260675411667 0.9302260675411667 0.9302260675411667 0.9302260675411667 0.9302260675411667 0.00010809642200837466
5-21222254-C-T 0.00010809642200837466 0.00010809642200837466 0.00010809642200837466 0.00010809642200837466 0.00010809642200837466 0.00010809642200837466 0.00010809642200837466 0.00010809642200837466 0.00010809642200837466 0.00010809642200837466 0.00010809642200837466 0.00010809642200837466 0.00010809642200837466 0.00010809642200837466 0.00010809642200837466 0.00010809642200837466 0.00010809642200837466 0.00010809642200837466 0.00010809642200837466 0.00010809642200837466 0.00010809642200837466 0.9302260675411667 0.00010809642200837466 0.00010809642200837466
8-21473111-A-G 0.9302260675411667 0.9302260675411667 0.9302260675411667 0.9302260675411667 0.9302260675411667 0.9302260675411667 0.9302260675411667 0.9302260675411667 0.00010809642200837466 0.9302260675411667 0.00010809642200837466 0.9302260675411667 0.9302260675411667 0.9302260675411667 0.9302260675411667 0.9302260675411667 0.9302260675411667 0.9302260675411667 0.9302260675411667 0.9302260675411667 0.9302260675411667 0.9302260675411667 0.9302260675411667 0.9302260675411667
11-99374442-C-T 0.9302260675411667 0.00010809642200837466 0.9302260675411667 0.9302260675411667 0.9302260675411667 0.9302260675411667 0.00010809642200837466 0.9302260675411667 0.9302260675411667 0.9302260675411667 0.9302260675411667 0.9302260675411667 0.9302260675411667 0.9302260675411667 0.9302260675411667 0.9302260675411667 0.9302260675411667 0.9302260675411667 0.9302260675411667 0.9302260675411667 0.9302260675411667 0.9302260675411667 0.9302260675411667 0.9302260675411667
19-45233822-G-C 0.00010809642200837466 0.9302260675411667 0.9302260675411667 0.9302260675411667 0.9302260675411667 0.00010809642200837466 0.9302260675411667 0.9302260675411667 0.9302260675411667 0.9302260675411667 0.9302260675411667 0.9302260675411667 0.00010809642200837466 0.9302260675411667 0.9302260675411667 0.9302260675411667 0.9302260675411667 0.9302260675411667 0.9302260675411667 0.9302260675411667 0.9302260675411667 0.9302260675411667 0.9302260675411667 0.9302260675411667
3-127813137-G-A 0.00010809642200837466 0.9302260675411667 0.9302260675411667 0.9302260675411667 0.9302260675411667 0.00010809642200837466 0.9302260675411667 0.9302260675411667 0.00010809642200837466 0.9302260675411667 0.00010809642200837466 0.9302260675411667 0.00010809642200837466 0.9302260675411667 0.00010809642200837466 0.9302260675411667 0.9302260675411667 0.00010809642200837466 0.9302260675411667 0.9302260675411667 0.9302260675411667 0.9302260675411667 0.00010809642200837466 0.9302260675411667
3-135411188-T-A 0.9302260675411667 0.00010809642200837466 0.9302260675411667 0.00010809642200837466 0.00010809642200837466 0.9302260675411667 0.00010809642200837466 0.00010809642200837466 0.00010809642200837466 0.00010809642200837466 0.00010809642200837466 0.00010809642200837466 0.9302260675411667 0.9302260675411667 0.9302260675411667 0.00010809642200837466 0.00010809642200837466 0.00010809642200837466 0.9302260675411667 0.9302260675411667 0.00010809642200837466 0.00010809642200837466 0.9302260675411667 0.9302260675411667
13-13728757-T-G 0.9302260675411667 0.9302260675411667 0.9302260675411667 0.9302260675411667 0.9302260675411667 0.9302260675411667 0.9302260675411667 0.9302260675411667 0.00010809642200837466 0.9302260675411667 0.00010809642200837466 0.9302260675411667 0.9302260675411667 0.9302260675411667 0.9302260675411667 0.9302260675411667 0.9302260675411667 0.9302260675411667 0.9302260675411667 0.9302260675411667 0.9302260675411667 0.9302260675411667 0.9302260675411667 0.9302260675411667
8-80612115-C-T 0.9302260675411667 0.9302260675411667 0.9302260675411667 0.00010809642200837466 0.9302260675411667 0.9302260675411667 0.9302260675411667 0.9302260675411667 0.9302260675411667 0.9302260675411667 0.9302260675411667 0.9302260675411667 0.9302260675411667 0.9302260675411667 0.9302260675411667 0.9302260675411667 0.00010809642200837466 0.9302260675411667 0.9302260675411667 0.00010809642200837466 0.9302260675411667 0.9302260675411667 0.9302260675411667 0.9302260675411667
16-91909141-T-C 0.00010809642200837466 0.9302260675411667 0.9302260675411667 0.9302260675411667 0.9302260675411667 0.00010809642200837466 0.9302260675411667 0.9302260675411667 0.9302260675411667 0.9302260675411667 0.9302260675411667 0.9302260675411667 0.00010809642200837466 0.9302260675411667 0.9302260675411667 0.9302260675411667 0.9302260675411667 0.9302260675411667 0.9302260675411667 0.9302260675411667 0.9302260675411667 0.9302260675411667 0.9302260675411667 0.9302260675411667
8-39456806-G-A 0.9302260675411667 0.9302260675411667 0.9302260675411667 0.9302260675411667 0.9302260675411667 0.9302260675411667 0.9302260675411667 0.9302260675411667 0.9302260675411667 0.9302260675411667 0.9302260675411667 0.9302260675411667 0.9302260675411667 0.00010809642200837466 0.9302260675411667 0.9302260675411667 0.9302260675411667 0.9302260675411667 0.9302260675411667 0.9302260675411667 0.9302260675411667 0.9302260675411667 0.9302260675411667 0.00010809642200837466
5-88210893-A-G 0.9302260675411667 0.9302260675411667 0.9302260675411667 0.9302260675411667 0.9302260675411667 0.9302260675411667 0.9302260675411667 0.9302260675411667 0.9302260675411667 0.9302260675411667 0.9302260675411667 0.00010809642200837466 0.9302260675411667 0.9302260675411667 0.9302260675411667 0.9302260675411667 0.9302260675411667 0.9302260675411667 0.9302260675411667 0.9302260675411667 0.00010809642200837466 0.9302260675411667 0.9302260675411667 0.9302260675411667
4-86604271-A-G 0.9302260675411667 0.9302260675411667 0.9302260675411667 0.9302260675411667 0.9302260675411667 0.9302260675411667 0.9302260675411667 0.9302260675411667 0.00010809642200837466 0.9302260675411667 0.00010809642200837466 0.9302260675411667 0.9302260675411667 0.9302260675411667 0.9302260675411667 0.9302260675411667 0.9302260675411667 0.9302260675411667 0.9302260675411667 0.9302260675411667 0.9302260675411667 0.9302260675411667 0.9302260675411667 0.9302260675411667
6-13190850-G-C 0.9302260675411667 0.00010809642200837466 0.00010809642200837466 0.00010809642200837466 0.00010809642200837466 0.9302260675411667 0.00010809642200837466 0.00010809642200837466 0.00010809642200837466 0.00010809642200837466 0.00010809642200837466 0.00010809642200837466 0.9302260675411667 0.00010809642200837466 0.9302260675411667 0.00010809642200837466 0.00010809642200837466 0.9302260675411667 0.00010809642200837466 0.00010809642200837466 0.00010809642200837466 0.00010809642200837466 0.00010809642200837466 0.00010809642200837466
12-98785675-C-A 0.00010809642200837466 0.9302260675411667 0.9302260675411667 0.9302260675411667 0.9302260675411667 0.00010809642200837466 0.9302260675411667 0.9302260675411667 0.9302260675411667 0.9302260675411667 0.9302260675411667 0.9302260675411667 0.00010809642200837466 0.9302260675411667 0.00010809642200837466 0.9302260675411667 0.9302260675411667 0.9302260675411667 0.9302260675411667 0.9302260675411667 0.9302260675411667 0.9302260675411667 0.00010809642200837466 0.9302260675411667
9-31108338-C-G 0.00010809642200837466 0.9302260675411667 0.9302260675411667 0.9302260675411667 0.9302260675411667 0.00010809642200837466 0.9302260675411667 0.9302260675411667 0.9302260675411667 0.9302260675411667 0.9302260675411667 0.9302260675411667 0.00010809642200837466 0.9302260675411667 0.9302260675411667 0.9302260675411667 0.9302260675411667 0.9302260675411667 0.9302260675411667 0.9302260675411667 0.9302260675411667 0.9302260675411667 0.9302260675411667 0.9302260675411667
18-23621504-G-C 0.9302260675411667 0.00010809642200837466 0.9302260675411667 0.9302260675411667 0.9302260675411667 0.9302260675411667 0.00010809642200837466 0.9302260675411667 0.9302260675411667 0.9302260675411667 0.9302260675411667 0.9302260675411667 0.9302260675411667 0.9302260675411667 0.9302260675411667 0.9302260675411667 0.9302260675411667 0.9302260675411667 0.9302260675411667 0.9302260675411667 0.9302260675411667 0.9302260675411667 0.9302260675411667 0.9302260675411667
9-118536711-T-C 0.9302260675411667 0.9302260675411667 0.9302260675411667 0.9302260675411667 0.9302260675411667 0.9302260675411667 0.9302260675411667 0.9302260675411667 0.9302260675411667 0.9302260675411667 0.9302260675411667 0.00010809642200837466 0.9302260675411667 0.9302260675411667 0.9302260675411667 0.9302260675411667 0.9302260675411667 0.9302260675411667 0.9302260675411667 0.9302260675411667 0.00010809642200837466 0.9302260675411667 0.9302260675411667 0.9302260675411667
5-114797987-G-C 0.9302260675411667 0.9302260675411667 0.9302260675411667 0.9302260675411667 0.9302260675411667 0.9302260675411667 0.9302260675411667 0.9302260675411667 0.9302260675411667 0.9302260675411667 0.9302260675411667 0.00010809642200837466 0.9302260675411667 0.9302260675411667 0.9302260675411667 0.9302260675411667 0.9302260675411667 0.9302260675411667 0.9302260675411667 0.9302260675411667 0.00010809642200837466 0.9302260675411667 0.9302260675411667 0.9302260675411667
8-20869794-G-T 0.9302260675411667 0.9302260675411667 0.9302260675411667 0.00010809642200837466 0.9302260675411667 0.9302260675411667 0.9302260675411667 0.9302260675411667 0.9302260675411667 0.9302260675411667 0.9302260675411667 0.9302260675411667 0.9302260675411667 0.9302260675411667 0.9302260675411667 0.9302260675411667 0.00010809642200837466 0.9302260675411667 0.9302260675411667 0.00010809642200837466 0.9302260675411667 0.9302260675411667 0.9302260675411667 0.9302260675411667
7-118780019-C-T 0.9302260675411667 0.00010809642200837466 0.9302260675411667 0.9302260675411667 0.9302260675411667 0.9302260675411667 0.00010809642200837466 0.00010809642200837466 0.9302260675411667 0.00010809642200837466 0.9302260675411667 0.9302260675411667 0.9302260675411667 0.9302260675411667 0.9302260675411667 0.9302260675411667 0.9302260675411667 0.9302260675411667 0.9302260675411667 0.9302260675411667 0.9302260675411667 0.9302260675411667 0.9302260675411667 0.9302260675411667
1-127460041-A-G 0.9302260675411667 0.9302260675411667 0.9302260675411667 0.9302260675411667 0.9302260675411667 0.9302260675411667 0.9302260675411667 0.9302260675411667 0.00010809642200837466 0.9302260675411667 0.00010809642200837466 0.9302260675411667 0.9302260675411667 0.9302260675411667 0.9302260675411667 0.9302260675411667 0.9302260675411667 0.9302260675411667 0.9302260675411667 0.9302260675411667 0.9302260675411667 0.9302260675411667 0.9302260675411667 0.9302260675411667
10-53699130-C-G 0.9302260675411667 0.9302260675411667 0.9302260675411667 0.9302260675411667 0.9302260675411667 0.9302260675411667 0.9302260675411667 0.9302260675411667 0.9302260675411667 0.9302260675411667 0.9302260675411667 0.9302260675411667 0.9302260675411667 0.00010809642200837466 0.9302260675411667 0.9302260675411667 0.9302260675411667 0.9302260675411667 0.9302260675411667 0.9302260675411667 0.9302260675411667 0.9302260675411667 0.9302260675411667 0.00010809642200837466
5-90891590-T-G 0.9302260675411667 0.9302260675411667 0.9302260675411667 0.9302260675411667 0.9302260675411667 0.9302260675411667 0.9302260675411667 0.9302260675411667 0.9302260675411667 0.9302260675411667 0.9302260675411667 0.00010809642200837466 0.9302260675411667 0.9302260675411667 0.9302260675411667 0.9302260675411667 0.9302260675411667 0.9302260675411667 0.9302260675411667 0.9302260675411667 0.00010809642200837466 0.9302260675411667 0.9302260675411667 0.9302260675411667
13-78287060-T-C 0.9302260675411667 0.9302260675411667 0.9302260675411667 0.9302260675411667 0.9302260675411667 0.9302260675411667 0.9302260675411667 0.9302260675411667 0.9302260675411667 0.9302260675411667 0.9302260675411667 0.00010809642200837466 0.9302260675411667 0.9302260675411667 0.9302260675411667 0.9302260675411667 0.9302260675411667 0.9302260675411667 0.9302260675411667 0.9302260675411667 0.00010809642200837466 0.9302260675411667 0.9302260675411667 0.9302260675411667
3-100154831-A-G 0.9302260675411667 0.9302260675411667 0.9302260675411667 0.9302260675411667 0.9302260675411667 0.9302260675411667 0.9302260675411667 0.9302260675411667 0.9302260675411667 0.9302260675411667 0.9302260675411667 0.00010809642200837466 0.9302260675411667 0.9302260675411667 0.9302260675411667 0.9302260675411667 0.9302260675411667 0.9302260675411667 0.9302260675411667 0.9302260675411667 0.00010809642200837466 0.9302260675411667 0.9302260675411667 0.9302260675411667
8-25881414-G-C 0.9302260675411667 0.00010809642200837466 0.9302260675411667 0.9302260675411667 0.9302260675411667 0.9302260675411667 0.00010809642200837466 0.00010809642200837466 0.9302260675411667 0.00010809642200837466 0.9302260675411667 0.9302260675411667 0.9302260675411667 0.9302260675411667 0.9302260675411667 0.9302260675411667 0.9302260675411667 0.9302260675411667 0.9302260675411667 0.9302260675411667 0.9302260675411667 0.9302260675411667 0.9302260675411667 0.9302260675411667
11-34402699-T-C 0.9302260675411667 0.9302260675411667 0.9302260675411667 0.9302260675411667 0.9302260675411667 0.9302260675411667 0.9302260675411667 0.9302260675411667 0.00010809642200837466 0.9302260675411667 0.00010809642200837466 0.9302260675411667 0.9302260675411667 0.9302260675411667 0.9302260675411667 0.9302260675411667 0.9302260675411667 0.9302260675411667 0.9302260675411667 0.9302260675411667 0.9302260675411667 0.9302260675411667 0.9302260675411667 0.9302260675411667
6-89654307-T-C 0.00010809642200837466 0.9302260675411667 0.9302260675411667 0.9302260675411667 0.9302260675411667 0.9302260675411667 0.9302260675411667 0.9302260675411667 0.9302260675411667 0.9302260675411667 0.9302260675411667 0.9302260675411667 0.00010809642200837466 0.9302260675411667 0.9302260675411667 0.9302260675411667 0.9302260675411667 0.9302260675411667 0.9302260675411667 0.9302260675411667 0.9302260675411667 0.9302260675411667 0.9302260675411667 0.9302260675411667
6-49423305-G-A 0.9302260675411667 0.00010809642200837466 0.00010809642200837466 0.00010809642200837466 0.00010809642200837466 0.9302260675411667 0.00010809642200837466 0.00010809642200837466 0.00010809642200837466 0.00010809642200837466 0.00010809642200837466 0.00010809642200837466 0.9302260675411667 0.00010809642200837466 0.9302260675411667 0.00010809642200837466 0.00010809642200837466 0.00010809642200837466 0.00010809642200837466 0.00010809642200837466 0.00010809642200837466 0.00010809642200837466 0.00010809642200837466 0.00010809642200837466
14-34740974-T-G 0.9302260675411667 0.00010809642200837466 0.9302260675411667 0.9302260675411667 0.9302260675411667 0.9302260675411667 0.00010809642200837466 0.9302260675411667 0.9302260675411667 0.00010809642200837466 0.9302260675411667 0.9302260675411667 0.9302260675411667 0.9302260675411667 0.9302260675411667 0.9302260675411667 0.9302260675411667 0.9302260675411667 0.9302260675411667 0.9302260675411667 0.9302260675411667 0.9302260675411667 0.9302260675411667 0.9302260675411667
8-61098644-A-G 0.00010809642200837466 0.9302260675411667 0.9302260675411667 0.9302260675411667 0.9302260675411667 0.00010809642200837466 0.9302260675411667 0.9302260675411667 0.9302260675411667 0.9302260675411667 0.9302260675411667 0.9302260675411667 0.00010809642200837466 0.9302260675411667 0.9302260675411667 0.9302260675411667 0.9302260675411667 0.9302260675411667 0.9302260675411667 0.9302260675411667 0.9302260675411667 0.9302260675411667 0.9302260675411667 0.9302260675411667
14-66968757-G-C 0.9302260675411667 0.9302260675411667 0.9302260675411667 0.9302260675411667 0.9302260675411667 0.9302260675411667 0.9302260675411667 0.9302260675411667 0.9302260675411667 0.9302260675411667 0.9302260675411667 0.9302260675411667 0.9302260675411667 0.00010809642200837466 0.9302260675411667 0.9302260675411667 0.9302260675411667 0.9302260675411667 0.9302260675411667 0.9302260675411667 0.9302260675411667 0.9302260675411667 0.9302260675411667 0.00010809642200837466
6-114921086-C-T 0.9302260675411667 0.9302260675411667 0.9302260675411667 0.9302260675411667 0.9302260675411667 0.9302260675411667 0.9302260675411667 0.9302260675411667 0.9302260675411667 0.9302260675411667 0.9302260675411667 0.9302260675411667 0.9302260675411667 0.00010809642200837466 0.9302260675411667 0.9302260675411667 0.9302260675411667 0.9302260675411667 0.9302260675411667 0.9302260675411667 0.9302260675411667 0.9302260675411667 0.9302260675411667 0.00010809642200837466
19-61226752-C-T 0.9302260675411667 0.9302260675411667 0.9302260675411667 0.9302260675411667 0.9302260675411667 0.9302260675411667 0.9302260675411667 0.9302260675411667 0.9302260675411667 0.9302260675411667 0.9302260675411667 0.9302260675411667 0.9302260675411667 0.00010809642200837466 0.9302260675411667 0.9302260675411667 0.9302260675411667 0.9302260675411667 0.9302260675411667 0.9302260675411667 0.9302260675411667 0.9302260675411667 0.9302260675411667 0.00010809642200837466
9-22567879-A-G 0.9302260675411667 0.9302260675411667 0.9302260675411667 0.9302260675411667 0.9302260675411667 0.9302260675411667 0.9302260675411667 0.9302260675411667 0.9302260675411667 0.9302260675411667 0.9302260675411667 0.00010809642200837466 0.9302260675411667 0.9302260675411667 0.9302260675411667 0.9302260675411667 0.9302260675411667 0.9302260675411667 0.9302260675411667 0.9302260675411667 0.00010809642200837466 0.9302260675411667 0.9302260675411667 0.9302260675411667
6-134856046-G-A 0.00010809642200837466 0.00010809642200837466 0.00010809642200837466 0.00010809642200837466 0.00010809642200837466 0.00010809642200837466 0.00010809642200837466 0.00010809642200837466 0.9302260675411667 0.00010809642200837466 0.9302260675411667 0.00010809642200837466 0.00010809642200837466 0.00010809642200837466 0.00010809642200837466 0.00010809642200837466 0.00010809642200837466 0.00010809642200837466 0.00010809642200837466 0.00010809642200837466 0.00010809642200837466 0.00010809642200837466 0.00010809642200837466 0.00010809642200837466
14-7008514-G-T 0.00010809642200837466 0.00010809642200837466 0.00010809642200837466 0.00010809642200837466 0.00010809642200837466 0.00010809642200837466 0.00010809642200837466 0.00010809642200837466 0.00010809642200837466 0.00010809642200837466 0.00010809642200837466 0.00010809642200837466 0.00010809642200837466 0.00010809642200837466 0.00010809642200837466 0.00010809642200837466 0.00010809642200837466 0.9302260675411667 0.00010809642200837466 0.00010809642200837466 0.00010809642200837466 0.00010809642200837466 0.00010809642200837466 0.00010809642200837466
14-55240309-C-G 0.00010809642200837466 0.9302260675411667 0.9302260675411667 0.9302260675411667 0.9302260675411667 0.9302260675411667 0.9302260675411667 0.9302260675411667 0.9302260675411667 0.9302260675411667 0.9302260675411667 0.9302260675411667 0.00010809642200837466 0.9302260675411667 0.9302260675411667 0.9302260675411667 0.9302260675411667 0.9302260675411667 0.9302260675411667 0.9302260675411667 0.9302260675411667 0.9302260675411667 0.9302260675411667 0.9302260675411667
9-22567879-A-G 0.9302260675411667 0.9302260675411667 0.9302260675411667 0.9302260675411667 0.9302260675411667 0.9302260675411667 0.9302260675411667 0.9302260675411667 0.9302260675411667 0.9302260675411667 0.9302260675411667 0.00010809642200837466 0.9302260675411667 0.9302260675411667 0.9302260675411667 0.9302260675411667 0.9302260675411667 0.9302260675411667 0.9302260675411667 0.9302260675411667 0.00010809642200837466 0.9302260675411667 0.9302260675411667 0.9302260675411667
1-133657437-G-A 0.9302260675411667 0.00010809642200837466 0.9302260675411667 0.9302260675411667 0.00010809642200837466 0.9302260675411667 0.00010809642200837466 0.00010809642200837466 0.9302260675411667 0.00010809642200837466 0.9302260675411667 0.9302260675411667 0.9302260675411667 0.9302260675411667 0.9302260675411667 0.9302260675411667 0.9302260675411667 0.9302260675411667 0.9302260675411667 0.9302260675411667 0.9302260675411667 0.9302260675411667 0.9302260675411667 0.9302260675411667
6-117213743-C-T 0.9302260675411667 0.00010809642200837466 0.00010809642200837466 0.00010809642200837466 0.00010809642200837466 0.9302260675411667 0.00010809642200837466 0.00010809642200837466 0.00010809642200837466 0.00010809642200837466 0.00010809642200837466 0.00010809642200837466 0.9302260675411667 0.00010809642200837466 0.9302260675411667 0.00010809642200837466 0.00010809642200837466 0.00010809642200837466 0.00010809642200837466 0.00010809642200837466 0.00010809642200837466 0.00010809642200837466 0.00010809642200837466 0.00010809642200837466
13-13995096-C-G 0.9302260675411667 0.00010809642200837466 0.9302260675411667 0.9302260675411667 0.9302260675411667 0.9302260675411667 0.00010809642200837466 0.9302260675411667 0.9302260675411667 0.9302260675411667 0.9302260675411667 0.9302260675411667 0.9302260675411667 0.9302260675411667 0.9302260675411667 0.9302260675411667 0.9302260675411667 0.9302260675411667 0.9302260675411667 0.9302260675411667 0.9302260675411667 0.9302260675411667 0.9302260675411667 0.9302260675411667
1-107079509-T-G 0.9302260675411667 0.00010809642200837466 0.9302260675411667 0.9302260675411667 0.00010809642200837466 0.9302260675411667 0.00010809642200837466 0.00010809642200837466 0.9302260675411667 0.00010809642200837466 0.9302260675411667 0.9302260675411667 0.9302260675411667 0.9302260675411667 0.9302260675411667 0.9302260675411667 0.9302260675411667 0.9302260675411667 0.9302260675411667 0.9302260675411667 0.9302260675411667 0.9302260675411667 0.9302260675411667 0.9302260675411667
5-16315040-C-A 0.9302260675411667 0.9302260675411667 0.9302260675411667 0.00010809642200837466 0.9302260675411667 0.9302260675411667 0.9302260675411667 0.9302260675411667 0.9302260675411667 0.9302260675411667 0.9302260675411667 0.9302260675411667 0.9302260675411667 0.9302260675411667 0.9302260675411667 0.9302260675411667 0.00010809642200837466 0.9302260675411667 0.9302260675411667 0.00010809642200837466 0.9302260675411667 0.9302260675411667 0.9302260675411667 0.9302260675411667
5-151562182-C-T 0.00010809642200837466 0.00010809642200837466 0.00010809642200837466 0.00010809642200837466 0.00010809642200837466 0.9302260675411667 0.00010809642200837466 0.00010809642200837466 0.00010809642200837466 0.00010809642200837466 0.00010809642200837466 0.00010809642200837466 0.00010809642200837466 0.00010809642200837466 0.9302260675411667 0.00010809642200837466 0.00010809642200837466 0.00010809642200837466 0.00010809642200837466 0.00010809642200837466 0.00010809642200837466 0.00010809642200837466 0.00010809642200837466 0.9302260675411667
5-24423635-T-C 0.9302260675411667 0.9302260675411667 0.9302260675411667 0.9302260675411667 0.9302260675411667 0.9302260675411667 0.9302260675411667 0.9302260675411667 0.9302260675411667 0.9302260675411667 0.9302260675411667 0.00010809642200837466 0.9302260675411667 0.9302260675411667 0.9302260675411667 0.9302260675411667 0.9302260675411667 0.9302260675411667 0.9302260675411667 0.9302260675411667 0.00010809642200837466 0.9302260675411667 0.9302260675411667 0.9302260675411667
9-72742662-T-C 0.9302260675411667 0.00010809642200837466 0.9302260675411667 0.9302260675411667 0.00010809642200837466 0.9302260675411667 0.00010809642200837466 0.00010809642200837466 0.9302260675411667 0.00010809642200837466 0.9302260675411667 0.9302260675411667 0.9302260675411667 0.9302260675411667 0.9302260675411667 0.9302260675411667 0.9302260675411667 0.9302260675411667 0.9302260675411667 0.9302260675411667 0.9302260675411667 0.9302260675411667 0.9302260675411667 0.9302260675411667
11-75444372-G-A 0.9302260675411667 0.9302260675411667 0.9302260675411667 0.9302260675411667 0.9302260675411667 0.9302260675411667 0.9302260675411667 0.9302260675411667 0.9302260675411667 0.9302260675411667 0.9302260675411667 0.00010809642200837466 0.9302260675411667 0.9302260675411667 0.9302260675411667 0.9302260675411667 0.9302260675411667 0.9302260675411667 0.9302260675411667 0.9302260675411667 0.00010809642200837466 0.9302260675411667 0.9302260675411667 0.9302260675411667
12-116597451-C-T 0.9302260675411667 0.00010809642200837466 0.9302260675411667 0.9302260675411667 0.9302260675411667 0.9302260675411667 0.00010809642200837466 0.9302260675411667 0.9302260675411667 0.9302260675411667 0.9302260675411667 0.9302260675411667 0.9302260675411667 0.9302260675411667 0.9302260675411667 0.9302260675411667 0.9302260675411667 0.9302260675411667 0.9302260675411667 0.9302260675411667 0.9302260675411667 0.9302260675411667 0.9302260675411667 0.9302260675411667
13-100283602-A-T 0.00010809642200837466 0.9302260675411667 0.9302260675411667 0.9302260675411667 0.9302260675411667 0.00010809642200837466 0.9302260675411667 0.9302260675411667 0.9302260675411667 0.9302260675411667 0.9302260675411667 0.9302260675411667 0.00010809642200837466 0.9302260675411667 0.9302260675411667 0.9302260675411667 0.9302260675411667 0.9302260675411667 0.9302260675411667 0.9302260675411667 0.9302260675411667 0.9302260675411667 0.9302260675411667 0.9302260675411667
17-43451148-A-G 0.9302260675411667 0.9302260675411667 0.9302260675411667 0.00010809642200837466 0.9302260675411667 0.9302260675411667 0.9302260675411667 0.9302260675411667 0.9302260675411667 0.9302260675411667 0.9302260675411667 0.9302260675411667 0.9302260675411667 0.9302260675411667 0.9302260675411667 0.9302260675411667 0.00010809642200837466 0.9302260675411667 0.9302260675411667 0.00010809642200837466 0.9302260675411667 0.9302260675411667 0.9302260675411667 0.9302260675411667
8-105717756-G-C 0.9302260675411667 0.9302260675411667 0.9302260675411667 0.9302260675411667 0.9302260675411667 0.9302260675411667 0.9302260675411667 0.9302260675411667 0.9302260675411667 0.9302260675411667 0.9302260675411667 0.00010809642200837466 0.9302260675411667 0.9302260675411667 0.9302260675411667 0.9302260675411667 0.9302260675411667 0.9302260675411667 0.9302260675411667 0.9302260675411667 0.00010809642200837466 0.9302260675411667 0.9302260675411667 0.9302260675411667
1-101019793-C-G 0.9302260675411667 0.9302260675411667 0.9302260675411667 0.9302260675411667 0.9302260675411667 0.9302260675411667 0.9302260675411667 0.9302260675411667 0.00010809642200837466 0.9302260675411667 0.00010809642200837466 0.9302260675411667 0.9302260675411667 0.9302260675411667 0.9302260675411667 0.9302260675411667 0.9302260675411667 0.9302260675411667 0.9302260675411667 0.9302260675411667 0.9302260675411667 0.9302260675411667 0.9302260675411667 0.9302260675411667
11-101331199-C-G 0.00010809642200837466 0.9302260675411667 0.9302260675411667 0.9302260675411667 0.9302260675411667 0.00010809642200837466 0.9302260675411667 0.9302260675411667 0.9302260675411667 0.9302260675411667 0.9302260675411667 0.9302260675411667 0.00010809642200837466 0.9302260675411667 0.9302260675411667 0.9302260675411667 0.9302260675411667 0.9302260675411667 0.9302260675411667 0.9302260675411667 0.9302260675411667 0.9302260675411667 0.9302260675411667 0.9302260675411667
17-18810857-T-A 0.00010809642200837466 0.00010809642200837466 0.9302260675411667 0.9302260675411667 0.00010809642200837466 0.00010809642200837466 0.00010809642200837466 0.00010809642200837466 0.00010809642200837466 0.00010809642200837466 0.00010809642200837466 0.9302260675411667 0.00010809642200837466 0.9302260675411667 0.00010809642200837466 0.9302260675411667 0.9302260675411667 0.00010809642200837466 0.9302260675411667 0.9302260675411667 0.9302260675411667 0.9302260675411667 0.00010809642200837466 0.9302260675411667
10-123430731-A-G 0.9302260675411667 0.9302260675411667 0.9302260675411667 0.9302260675411667 0.9302260675411667 0.9302260675411667 0.9302260675411667 0.9302260675411667 0.9302260675411667 0.9302260675411667 0.9302260675411667 0.9302260675411667 0.9302260675411667 0.00010809642200837466 0.9302260675411667 0.9302260675411667 0.9302260675411667 0.9302260675411667 0.9302260675411667 0.9302260675411667 0.9302260675411667 0.9302260675411667 0.9302260675411667 0.00010809642200837466
6-70193330-A-G 0.9302260675411667 0.9302260675411667 0.9302260675411667 0.9302260675411667 0.9302260675411667 0.9302260675411667 0.9302260675411667 0.9302260675411667 0.9302260675411667 0.9302260675411667 0.9302260675411667 0.00010809642200837466 0.9302260675411667 0.9302260675411667 0.9302260675411667 0.9302260675411667 0.9302260675411667 0.9302260675411667 0.00010809642200837466 0.9302260675411667 0.00010809642200837466 0.00010809642200837466 0.9302260675411667 0.9302260675411667
2-178030602-T-C 0.00010809642200837466 0.00010809642200837466 0.00010809642200837466 0.00010809642200837466 0.00010809642200837466 0.00010809642200837466 0.00010809642200837466 0.00010809642200837466 0.00010809642200837466 0.00010809642200837466 0.00010809642200837466 0.9302260675411667 0.00010809642200837466 0.00010809642200837466 0.00010809642200837466 0.00010809642200837466 0.00010809642200837466 0.00010809642200837466 0.00010809642200837466 0.00010809642200837466 0.00010809642200837466 0.00010809642200837466 0.00010809642200837466 0.00010809642200837466
1-184898513-C-G 0.00010809642200837466 0.9302260675411667 0.9302260675411667 0.9302260675411667 0.9302260675411667 0.00010809642200837466 0.9302260675411667 0.9302260675411667 0.9302260675411667 0.9302260675411667 0.9302260675411667 0.9302260675411667 0.00010809642200837466 0.9302260675411667 0.9302260675411667 0.9302260675411667 0.9302260675411667 0.9302260675411667 0.9302260675411667 0.9302260675411667 0.9302260675411667 0.9302260675411667 0.9302260675411667 0.9302260675411667
13-23557264-T-A 0.00010809642200837466 0.9302260675411667 0.9302260675411667 0.9302260675411667 0.9302260675411667 0.9302260675411667 0.9302260675411667 0.9302260675411667 0.9302260675411667 0.9302260675411667 0.9302260675411667 0.9302260675411667 0.00010809642200837466 0.9302260675411667 0.9302260675411667 0.9302260675411667 0.9302260675411667 0.9302260675411667 0.9302260675411667 0.9302260675411667 0.9302260675411667 0.9302260675411667 0.9302260675411667 0.9302260675411667
15-76249185-G-A 0.9302260675411667 0.9302260675411667 0.9302260675411667 0.9302260675411667 0.9302260675411667 0.9302260675411667 0.9302260675411667 0.9302260675411667 0.9302260675411667 0.9302260675411667 0.9302260675411667 0.00010809642200837466 0.9302260675411667 0.9302260675411667 0.9302260675411667 0.9302260675411667 0.9302260675411667 0.9302260675411667 0.9302260675411667 0.9302260675411667 0.00010809642200837466 0.9302260675411667 0.9302260675411667 0.9302260675411667
3-112302461-T-G 0.00010809642200837466 0.9302260675411667 0.9302260675411667 0.9302260675411667 0.9302260675411667 0.00010809642200837466 0.9302260675411667 0.9302260675411667 0.9302260675411667 0.9302260675411667 0.9302260675411667 0.9302260675411667 0.00010809642200837466 0.9302260675411667 0.00010809642200837466 0.9302260675411667 0.9302260675411667 0.9302260675411667 0.9302260675411667 0.9302260675411667 0.9302260675411667 0.9302260675411667 0.00010809642200837466 0.9302260675411667
1-145165024-A-C 0.9302260675411667 0.00010809642200837466 0.9302260675411667 0.9302260675411667 0.9302260675411667 0.9302260675411667 0.00010809642200837466 0.9302260675411667 0.9302260675411667 0.9302260675411667 0.9302260675411667 0.9302260675411667 0.9302260675411667 0.9302260675411667 0.9302260675411667 0.9302260675411667 0.9302260675411667 0.9302260675411667 0.9302260675411667 0.9302260675411667 0.9302260675411667 0.9302260675411667 0.9302260675411667 0.9302260675411667
11-34402699-T-C 0.9302260675411667 0.9302260675411667 0.9302260675411667 0.9302260675411667 0.9302260675411667 0.9302260675411667 0.9302260675411667 0.9302260675411667 0.00010809642200837466 0.9302260675411667 0.00010809642200837466 0.9302260675411667 0.9302260675411667 0.9302260675411667 0.9302260675411667 0.9302260675411667 0.9302260675411667 0.9302260675411667 0.9302260675411667 0.9302260675411667 0.9302260675411667 0.9302260675411667 0.9302260675411667 0.9302260675411667
1-23763276-A-G 0.00010809642200837466 0.00010809642200837466 0.00010809642200837466 0.00010809642200837466 0.00010809642200837466 0.00010809642200837466 0.00010809642200837466 0.00010809642200837466 0.9302260675411667 0.00010809642200837466 0.00010809642200837466 0.00010809642200837466 0.00010809642200837466 0.00010809642200837466 0.00010809642200837466 0.00010809642200837466 0.00010809642200837466 0.00010809642200837466 0.00010809642200837466 0.00010809642200837466 0.00010809642200837466 0.00010809642200837466 0.00010809642200837466 0.00010809642200837466
2-158831643-C-T 0.00010809642200837466 0.00010809642200837466 0.00010809642200837466 0.00010809642200837466 0.00010809642200837466 0.00010809642200837466 0.00010809642200837466 0.00010809642200837466 0.00010809642200837466 0.00010809642200837466 0.00010809642200837466 0.9302260675411667 0.00010809642200837466 0.00010809642200837466 0.00010809642200837466 0.00010809642200837466 0.00010809642200837466 0.00010809642200837466 0.00010809642200837466 0.00010809642200837466 0.00010809642200837466 0.00010809642200837466 0.00010809642200837466 0.00010809642200837466
13-14005935-T-G 0.9302260675411667 0.9302260675411667 0.9302260675411667 0.9302260675411667 0.9302260675411667 0.9302260675411667 0.9302260675411667 0.9302260675411667 0.9302260675411667 0.9302260675411667 0.9302260675411667 0.00010809642200837466 0.9302260675411667 0.9302260675411667 0.9302260675411667 0.9302260675411667 0.9302260675411667 0.9302260675411667 0.9302260675411667 0.9302260675411667 0.00010809642200837466 0.9302260675411667 0.9302260675411667 0.9302260675411667
4-11400230-A-C 0.9302260675411667 0.9302260675411667 0.9302260675411667 0.9302260675411667 0.9302260675411667 0.9302260675411667 0.9302260675411667 0.9302260675411667 0.9302260675411667 0.9302260675411667 0.9302260675411667 0.00010809642200837466 0.9302260675411667 0.9302260675411667 0.9302260675411667 0.9302260675411667 0.9302260675411667 0.9302260675411667 0.9302260675411667 0.9302260675411667 0.00010809642200837466 0.9302260675411667 0.9302260675411667 0.9302260675411667
1-21349996-A-C 0.9302260675411667 0.9302260675411667 0.9302260675411667 0.9302260675411667 0.9302260675411667 0.9302260675411667 0.9302260675411667 0.9302260675411667 0.00010809642200837466 0.9302260675411667 0.00010809642200837466 0.9302260675411667 0.9302260675411667 0.9302260675411667 0.9302260675411667 0.9302260675411667 0.9302260675411667 0.9302260675411667 0.9302260675411667 0.9302260675411667 0.9302260675411667 0.9302260675411667 0.9302260675411667 0.9302260675411667
4-3574850-C-T 0.9302260675411667 0.9302260675411667 0.9302260675411667 0.9302260675411667 0.9302260675411667 0.9302260675411667 0.9302260675411667 0.9302260675411667 0.00010809642200837466 0.9302260675411667 0.00010809642200837466 0.9302260675411667 0.9302260675411667 0.9302260675411667 0.9302260675411667 0.9302260675411667 0.9302260675411667 0.9302260675411667 0.9302260675411667 0.9302260675411667 0.9302260675411667 0.9302260675411667 0.9302260675411667 0.9302260675411667
11-89412214-T-C 0.9302260675411667 0.00010809642200837466 0.9302260675411667 0.9302260675411667 0.9302260675411667 0.9302260675411667 0.00010809642200837466 0.9302260675411667 0.9302260675411667 0.9302260675411667 0.9302260675411667 0.9302260675411667 0.9302260675411667 0.9302260675411667 0.9302260675411667 0.9302260675411667 0.9302260675411667 0.9302260675411667 0.9302260675411667 0.9302260675411667 0.9302260675411667 0.9302260675411667 0.9302260675411667 0.9302260675411667
9-62892992-T-C 0.9302260675411667 0.9302260675411667 0.9302260675411667 0.9302260675411667 0.9302260675411667 0.9302260675411667 0.9302260675411667 0.9302260675411667 0.00010809642200837466 0.9302260675411667 0.00010809642200837466 0.9302260675411667 0.9302260675411667 0.9302260675411667 0.9302260675411667 0.9302260675411667 0.9302260675411667 0.9302260675411667 0.9302260675411667 0.9302260675411667 0.9302260675411667 0.9302260675411667 0.9302260675411667 0.9302260675411667
4-104605273-T-C 0.9302260675411667 0.9302260675411667 0.9302260675411667 0.9302260675411667 0.9302260675411667 0.9302260675411667 0.9302260675411667 0.9302260675411667 0.00010809642200837466 0.9302260675411667 0.00010809642200837466 0.9302260675411667 0.9302260675411667 0.9302260675411667 0.9302260675411667 0.9302260675411667 0.9302260675411667 0.9302260675411667 0.9302260675411667 0.9302260675411667 0.9302260675411667 0.9302260675411667 0.9302260675411667 0.9302260675411667
11-120720746-T-G 0.9302260675411667 0.9302260675411667 0.9302260675411667 0.00010809642200837466 0.9302260675411667 0.9302260675411667 0.9302260675411667 0.9302260675411667 0.9302260675411667 0.9302260675411667 0.9302260675411667 0.9302260675411667 0.9302260675411667 0.9302260675411667 0.9302260675411667 0.9302260675411667 0.00010809642200837466 0.9302260675411667 0.9302260675411667 0.00010809642200837466 0.9302260675411667 0.9302260675411667 0.9302260675411667 0.9302260675411667
9-62892992-T-C 0.9302260675411667 0.9302260675411667 0.9302260675411667 0.9302260675411667 0.9302260675411667 0.9302260675411667 0.9302260675411667 0.9302260675411667 0.00010809642200837466 0.9302260675411667 0.00010809642200837466 0.9302260675411667 0.9302260675411667 0.9302260675411667 0.9302260675411667 0.9302260675411667 0.9302260675411667 0.9302260675411667 0.9302260675411667 0.9302260675411667 0.9302260675411667 0.9302260675411667 0.9302260675411667 0.9302260675411667
6-138037028-T-A 0.00010809642200837466 0.9302260675411667 0.9302260675411667 0.9302260675411667 0.9302260675411667 0.00010809642200837466 0.9302260675411667 0.9302260675411667 0.9302260675411667 0.9302260675411667 0.9302260675411667 0.9302260675411667 0.00010809642200837466 0.9302260675411667 0.9302260675411667 0.9302260675411667 0.9302260675411667 0.9302260675411667 0.9302260675411667 0.9302260675411667 0.9302260675411667 0.9302260675411667 0.9302260675411667 0.9302260675411667
12-79065801-T-C 0.9302260675411667 0.9302260675411667 0.9302260675411667 0.9302260675411667 0.9302260675411667 0.9302260675411667 0.9302260675411667 0.9302260675411667 0.00010809642200837466 0.9302260675411667 0.00010809642200837466 0.9302260675411667 0.9302260675411667 0.9302260675411667 0.9302260675411667 0.9302260675411667 0.9302260675411667 0.9302260675411667 0.9302260675411667 0.9302260675411667 0.9302260675411667 0.9302260675411667 0.9302260675411667 0.9302260675411667
5-147383501-A-G 0.00010809642200837466 0.9302260675411667 0.9302260675411667 0.9302260675411667 0.9302260675411667 0.00010809642200837466 0.9302260675411667 0.9302260675411667 0.9302260675411667 0.9302260675411667 0.9302260675411667 0.9302260675411667 0.00010809642200837466 0.9302260675411667 0.00010809642200837466 0.9302260675411667 0.9302260675411667 0.9302260675411667 0.9302260675411667 0.9302260675411667 0.9302260675411667 0.9302260675411667 0.9302260675411667 0.9302260675411667
11-102883072-A-T 0.9302260675411667 0.9302260675411667 0.9302260675411667 0.9302260675411667 0.9302260675411667 0.9302260675411667 0.9302260675411667 0.9302260675411667 0.00010809642200837466 0.9302260675411667 0.00010809642200837466 0.9302260675411667 0.9302260675411667 0.9302260675411667 0.9302260675411667 0.9302260675411667 0.9302260675411667 0.9302260675411667 0.9302260675411667 0.9302260675411667 0.9302260675411667 0.9302260675411667 0.9302260675411667 0.9302260675411667
1-116089441-A-G 0.00010809642200837466 0.9302260675411667 0.9302260675411667 0.9302260675411667 0.9302260675411667 0.00010809642200837466 0.9302260675411667 0.9302260675411667 0.9302260675411667 0.9302260675411667 0.9302260675411667 0.9302260675411667 0.00010809642200837466 0.9302260675411667 0.00010809642200837466 0.9302260675411667 0.9302260675411667 0.9302260675411667 0.9302260675411667 0.9302260675411667 0.9302260675411667 0.9302260675411667 0.9302260675411667 0.9302260675411667
5-149754058-C-T 0.00010809642200837466 0.00010809642200837466 0.00010809642200837466 0.00010809642200837466 0.00010809642200837466 0.00010809642200837466 0.00010809642200837466 0.00010809642200837466 0.00010809642200837466 0.00010809642200837466 0.00010809642200837466 0.00010809642200837466 0.00010809642200837466 0.00010809642200837466 0.00010809642200837466 0.00010809642200837466 0.00010809642200837466 0.00010809642200837466 0.00010809642200837466 0.00010809642200837466 0.00010809642200837466 0.00010809642200837466 0.00010809642200837466 0.9302260675411667
19-48535388-A-G 0.9302260675411667 0.9302260675411667 0.9302260675411667 0.9302260675411667 0.9302260675411667 0.9302260675411667 0.9302260675411667 0.9302260675411667 0.00010809642200837466 0.9302260675411667 0.00010809642200837466 0.9302260675411667 0.9302260675411667 0.9302260675411667 0.9302260675411667 0.9302260675411667 0.9302260675411667 0.9302260675411667 0.9302260675411667 0.9302260675411667 0.9302260675411667 0.9302260675411667 0.9302260675411667 0.9302260675411667
8-13585798-G-T 0.9302260675411667 0.9302260675411667 0.9302260675411667 0.9302260675411667 0.9302260675411667 0.9302260675411667 0.9302260675411667 0.9302260675411667 0.00010809642200837466 0.9302260675411667 0.00010809642200837466 0.9302260675411667 0.9302260675411667 0.9302260675411667 0.9302260675411667 0.9302260675411667 0.9302260675411667 0.9302260675411667 0.9302260675411667 0.9302260675411667 0.9302260675411667 0.9302260675411667 0.9302260675411667 0.9302260675411667
16-45427871-C-G 0.9302260675411667 0.9302260675411667 0.9302260675411667 0.9302260675411667 0.9302260675411667 0.9302260675411667 0.9302260675411667 0.9302260675411667 0.00010809642200837466 0.9302260675411667 0.00010809642200837466 0.9302260675411667 0.9302260675411667 0.9302260675411667 0.9302260675411667 0.9302260675411667 0.9302260675411667 0.9302260675411667 0.9302260675411667 0.9302260675411667 0.9302260675411667 0.9302260675411667 0.9302260675411667 0.9302260675411667
6-32692782-G-A 0.9302260675411667 0.00010809642200837466 0.00010809642200837466 0.00010809642200837466 0.00010809642200837466 0.9302260675411667 0.00010809642200837466 0.00010809642200837466 0.00010809642200837466 0.00010809642200837466 0.00010809642200837466 0.00010809642200837466 0.9302260675411667 0.00010809642200837466 0.9302260675411667 0.00010809642200837466 0.00010809642200837466 0.00010809642200837466 0.00010809642200837466 0.00010809642200837466 0.00010809642200837466 0.00010809642200837466 0.00010809642200837466 0.00010809642200837466
4-145513145-G-C 0.00010809642200837466 0.00010809642200837466 0.00010809642200837466 0.00010809642200837466 0.00010809642200837466 0.00010809642200837466 0.00010809642200837466 0.00010809642200837466 0.00010809642200837466 0.00010809642200837466 0.00010809642200837466 0.00010809642200837466 0.00010809642200837466 0.00010809642200837466 0.9302260675411667 0.00010809642200837466 0.00010809642200837466 0.00010809642200837466 0.00010809642200837466 0.00010809642200837466 0.00010809642200837466 0.00010809642200837466 0.00010809642200837466 0.00010809642200837466
6-116256420-T-C 0.9302260675411667 0.00010809642200837466 0.00010809642200837466 0.00010809642200837466 0.00010809642200837466 0.9302260675411667 0.00010809642200837466 0.00010809642200837466 0.00010809642200837466 0.00010809642200837466 0.00010809642200837466 0.00010809642200837466 0.9302260675411667 0.00010809642200837466 0.9302260675411667 0.00010809642200837466 0.00010809642200837466 0.00010809642200837466 0.00010809642200837466 0.00010809642200837466 0.00010809642200837466 0.00010809642200837466 0.00010809642200837466 0.00010809642200837466
10-123118976-C-G 0.9302260675411667 0.9302260675411667 0.9302260675411667 0.9302260675411667 0.9302260675411667 0.9302260675411667 0.9302260675411667 0.9302260675411667 0.9302260675411667 0.9302260675411667 0.9302260675411667 0.00010809642200837466 0.9302260675411667 0.9302260675411667 0.9302260675411667 0.9302260675411667 0.9302260675411667 0.9302260675411667 0.9302260675411667 0.9302260675411667 0.00010809642200837466 0.9302260675411667 0.9302260675411667 0.9302260675411667
13-104297009-T-C 0.9302260675411667 0.00010809642200837466 0.9302260675411667 0.9302260675411667 0.9302260675411667 0.9302260675411667 0.00010809642200837466 0.9302260675411667 0.9302260675411667 0.9302260675411667 0.9302260675411667 0.9302260675411667 0.9302260675411667 0.9302260675411667 0.9302260675411667 0.9302260675411667 0.9302260675411667 0.9302260675411667 0.9302260675411667 0.9302260675411667 0.9302260675411667 0.9302260675411667 0.9302260675411667 0.9302260675411667
3-90695079-T-G 0.00010809642200837466 0.9302260675411667 0.00010809642200837466 0.00010809642200837466 0.00010809642200837466 0.00010809642200837466 0.00010809642200837466 0.9302260675411667 0.00010809642200837466 0.9302260675411667 0.00010809642200837466 0.00010809642200837466 0.00010809642200837466 0.00010809642200837466 0.00010809642200837466 0.9302260675411667 0.00010809642200837466 0.9302260675411667 0.00010809642200837466 0.00010809642200837466 0.00010809642200837466 0.9302260675411667 0.00010809642200837466 0.00010809642200837466
6-88126513-T-G 0.9302260675411667 0.9302260675411667 0.9302260675411667 0.00010809642200837466 0.9302260675411667 0.9302260675411667 0.9302260675411667 0.9302260675411667 0.9302260675411667 0.9302260675411667 0.9302260675411667 0.9302260675411667 0.9302260675411667 0.9302260675411667 0.9302260675411667 0.9302260675411667 0.00010809642200837466 0.9302260675411667 0.9302260675411667 0.00010809642200837466 0.9302260675411667 0.9302260675411667 0.9302260675411667 0.9302260675411667
11-67203375-A-G 0.9302260675411667 0.00010809642200837466 0.9302260675411667 0.9302260675411667 0.9302260675411667 0.9302260675411667 0.00010809642200837466 0.9302260675411667 0.9302260675411667 0.9302260675411667 0.9302260675411667 0.9302260675411667 0.9302260675411667 0.9302260675411667 0.9302260675411667 0.9302260675411667 0.9302260675411667 0.9302260675411667 0.9302260675411667 0.9302260675411667 0.9302260675411667 0.9302260675411667 0.9302260675411667 0.9302260675411667
17-65811257-T-C 0.9302260675411667 0.9302260675411667 0.9302260675411667 0.00010809642200837466 0.9302260675411667 0.9302260675411667 0.9302260675411667 0.9302260675411667 0.9302260675411667 0.9302260675411667 0.9302260675411667 0.9302260675411667 0.9302260675411667 0.9302260675411667 0.9302260675411667 0.9302260675411667 0.00010809642200837466 0.9302260675411667 0.9302260675411667 0.00010809642200837466 0.9302260675411667 0.9302260675411667 0.9302260675411667 0.9302260675411667
17-20814579-T-A 0.9302260675411667 0.9302260675411667 0.9302260675411667 0.00010809642200837466 0.9302260675411667 0.9302260675411667 0.9302260675411667 0.9302260675411667 0.9302260675411667 0.9302260675411667 0.9302260675411667 0.9302260675411667 0.9302260675411667 0.9302260675411667 0.9302260675411667 0.9302260675411667 0.00010809642200837466 0.9302260675411667 0.9302260675411667 0.00010809642200837466 0.9302260675411667 0.9302260675411667 0.9302260675411667 0.9302260675411667
9-121254986-A-C 0.9302260675411667 0.9302260675411667 0.9302260675411667 0.9302260675411667 0.9302260675411667 0.9302260675411667 0.9302260675411667 0.9302260675411667 0.9302260675411667 0.9302260675411667 0.9302260675411667 0.00010809642200837466 0.9302260675411667 0.9302260675411667 0.9302260675411667 0.9302260675411667 0.9302260675411667 0.9302260675411667 0.9302260675411667 0.9302260675411667 0.00010809642200837466 0.9302260675411667 0.9302260675411667 0.9302260675411667
5-112874310-C-T 0.00010809642200837466 0.9302260675411667 0.9302260675411667 0.9302260675411667 0.9302260675411667 0.00010809642200837466 0.9302260675411667 0.9302260675411667 0.9302260675411667 0.9302260675411667 0.9302260675411667 0.9302260675411667 0.00010809642200837466 0.9302260675411667 0.9302260675411667 0.9302260675411667 0.9302260675411667 0.9302260675411667 0.9302260675411667 0.9302260675411667 0.9302260675411667 0.9302260675411667 0.9302260675411667 0.9302260675411667
3-107326356-A-C 0.9302260675411667 0.00010809642200837466 0.9302260675411667 0.00010809642200837466 0.00010809642200837466 0.9302260675411667 0.00010809642200837466 0.00010809642200837466 0.00010809642200837466 0.00010809642200837466 0.00010809642200837466 0.00010809642200837466 0.9302260675411667 0.9302260675411667 0.9302260675411667 0.00010809642200837466 0.00010809642200837466 0.00010809642200837466 0.9302260675411667 0.00010809642200837466 0.00010809642200837466 0.00010809642200837466 0.9302260675411667 0.9302260675411667
5-111585736-C-T 0.00010809642200837466 0.00010809642200837466 0.00010809642200837466 0.00010809642200837466 0.00010809642200837466 0.00010809642200837466 0.00010809642200837466 0.00010809642200837466 0.00010809642200837466 0.00010809642200837466 0.00010809642200837466 0.00010809642200837466 0.00010809642200837466 0.00010809642200837466 0.9302260675411667 0.00010809642200837466 0.00010809642200837466 0.00010809642200837466 0.00010809642200837466 0.00010809642200837466 0.00010809642200837466 0.00010809642200837466 0.00010809642200837466 0.9302260675411667
1-6248992-T-C 0.9302260675411667 0.9302260675411667 0.9302260675411667 0.9302260675411667 0.9302260675411667 0.9302260675411667 0.9302260675411667 0.9302260675411667 0.9302260675411667 0.9302260675411667 0.9302260675411667 0.00010809642200837466 0.9302260675411667 0.9302260675411667 0.9302260675411667 0.9302260675411667 0.9302260675411667 0.9302260675411667 0.9302260675411667 0.9302260675411667 0.00010809642200837466 0.9302260675411667 0.9302260675411667 0.9302260675411667
11-16910033-C-G 0.9302260675411667 0.9302260675411667 0.9302260675411667 0.9302260675411667 0.9302260675411667 0.9302260675411667 0.9302260675411667 0.9302260675411667 0.9302260675411667 0.9302260675411667 0.9302260675411667 0.9302260675411667 0.9302260675411667 0.00010809642200837466 0.9302260675411667 0.9302260675411667 0.9302260675411667 0.9302260675411667 0.9302260675411667 0.9302260675411667 0.9302260675411667 0.9302260675411667 0.9302260675411667 0.00010809642200837466
3-87084013-T-C 0.9302260675411667 0.9302260675411667 0.9302260675411667 0.9302260675411667 0.9302260675411667 0.9302260675411667 0.9302260675411667 0.9302260675411667 0.00010809642200837466 0.9302260675411667 0.00010809642200837466 0.9302260675411667 0.9302260675411667 0.9302260675411667 0.9302260675411667 0.9302260675411667 0.9302260675411667 0.9302260675411667 0.9302260675411667 0.9302260675411667 0.9302260675411667 0.9302260675411667 0.9302260675411667 0.9302260675411667
17-35159812-C-G 0.9302260675411667 0.00010809642200837466 0.9302260675411667 0.9302260675411667 0.9302260675411667 0.9302260675411667 0.00010809642200837466 0.00010809642200837466 0.9302260675411667 0.00010809642200837466 0.9302260675411667 0.9302260675411667 0.9302260675411667 0.9302260675411667 0.9302260675411667 0.9302260675411667 0.9302260675411667 0.9302260675411667 0.9302260675411667 0.9302260675411667 0.9302260675411667 0.9302260675411667 0.9302260675411667 0.9302260675411667
9-104060562-A-G 0.00010809642200837466 0.00010809642200837466 0.00010809642200837466 0.9302260675411667 0.00010809642200837466 0.00010809642200837466 0.00010809642200837466 0.00010809642200837466 0.00010809642200837466 0.00010809642200837466 0.00010809642200837466 0.00010809642200837466 0.00010809642200837466 0.00010809642200837466 0.00010809642200837466 0.00010809642200837466 0.00010809642200837466 0.00010809642200837466 0.00010809642200837466 0.00010809642200837466 0.00010809642200837466 0.00010809642200837466 0.9302260675411667 0.00010809642200837466
18-3027563-A-T 0.00010809642200837466 0.00010809642200837466 0.00010809642200837466 0.00010809642200837466 0.00010809642200837466 0.00010809642200837466 0.00010809642200837466 0.00010809642200837466 0.00010809642200837466 0.00010809642200837466 0.00010809642200837466 0.00010809642200837466 0.00010809642200837466 0.00010809642200837466 0.00010809642200837466 0.00010809642200837466 0.00010809642200837466 0.00010809642200837466 0.00010809642200837466 0.00010809642200837466 0.00010809642200837466 0.00010809642200837466 0.00010809642200837466 0.9302260675411667
2-151668404-T-G 0.9302260675411667 0.00010809642200837466 0.9302260675411667 0.9302260675411667 0.9302260675411667 0.9302260675411667 0.00010809642200837466 0.00010809642200837466 0.9302260675411667 0.00010809642200837466 0.9302260675411667 0.9302260675411667 0.9302260675411667 0.9302260675411667 0.9302260675411667 0.9302260675411667 0.9302260675411667 0.9302260675411667 0.9302260675411667 0.9302260675411667 0.9302260675411667 0.9302260675411667 0.9302260675411667 0.9302260675411667
16-81852613-G-C 0.00010809642200837466 0.9302260675411667 0.9302260675411667 0.9302260675411667 0.9302260675411667 0.00010809642200837466 0.9302260675411667 0.9302260675411667 0.00010809642200837466 0.9302260675411667 0.00010809642200837466 0.9302260675411667 0.00010809642200837466 0.9302260675411667 0.9302260675411667 0.9302260675411667 0.9302260675411667 0.00010809642200837466 0.9302260675411667 0.9302260675411667 0.9302260675411667 0.9302260675411667 0.00010809642200837466 0.9302260675411667
6-5230454-G-A 0.9302260675411667 0.00010809642200837466 0.00010809642200837466 0.00010809642200837466 0.00010809642200837466 0.9302260675411667 0.00010809642200837466 0.00010809642200837466 0.00010809642200837466 0.00010809642200837466 0.00010809642200837466 0.00010809642200837466 0.9302260675411667 0.00010809642200837466 0.9302260675411667 0.00010809642200837466 0.00010809642200837466 0.00010809642200837466 0.00010809642200837466 0.00010809642200837466 0.00010809642200837466 0.00010809642200837466 0.00010809642200837466 0.00010809642200837466
3-100140430-A-C 0.9302260675411667 0.9302260675411667 0.9302260675411667 0.9302260675411667 0.9302260675411667 0.9302260675411667 0.9302260675411667 0.9302260675411667 0.00010809642200837466 0.9302260675411667 0.00010809642200837466 0.9302260675411667 0.9302260675411667 0.9302260675411667 0.9302260675411667 0.9302260675411667 0.9302260675411667 0.9302260675411667 0.9302260675411667 0.9302260675411667 0.9302260675411667 0.9302260675411667 0.9302260675411667 0.9302260675411667
12-83059814-A-T 0.9302260675411667 0.00010809642200837466 0.9302260675411667 0.9302260675411667 0.9302260675411667 0.9302260675411667 0.00010809642200837466 0.9302260675411667 0.9302260675411667 0.9302260675411667 0.9302260675411667 0.9302260675411667 0.9302260675411667 0.9302260675411667 0.9302260675411667 0.9302260675411667 0.9302260675411667 0.9302260675411667 0.9302260675411667 0.9302260675411667 0.9302260675411667 0.9302260675411667 0.9302260675411667 0.9302260675411667
13-49521194-A-G 0.9302260675411667 0.9302260675411667 0.9302260675411667 0.00010809642200837466 0.9302260675411667 0.9302260675411667 0.9302260675411667 0.9302260675411667 0.9302260675411667 0.9302260675411667 0.9302260675411667 0.9302260675411667 0.9302260675411667 0.9302260675411667 0.9302260675411667 0.9302260675411667 0.00010809642200837466 0.9302260675411667 0.9302260675411667 0.00010809642200837466 0.9302260675411667 0.9302260675411667 0.9302260675411667 0.9302260675411667
15-102484040-T-A 0.9302260675411667 0.9302260675411667 0.9302260675411667 0.00010809642200837466 0.9302260675411667 0.9302260675411667 0.9302260675411667 0.9302260675411667 0.9302260675411667 0.9302260675411667 0.9302260675411667 0.9302260675411667 0.9302260675411667 0.9302260675411667 0.9302260675411667 0.9302260675411667 0.00010809642200837466 0.9302260675411667 0.9302260675411667 0.00010809642200837466 0.9302260675411667 0.9302260675411667 0.9302260675411667 0.9302260675411667
16-93683427-C-T 0.9302260675411667 0.9302260675411667 0.9302260675411667 0.00010809642200837466 0.9302260675411667 0.9302260675411667 0.9302260675411667 0.9302260675411667 0.9302260675411667 0.9302260675411667 0.9302260675411667 0.9302260675411667 0.9302260675411667 0.9302260675411667 0.9302260675411667 0.9302260675411667 0.00010809642200837466 0.9302260675411667 0.9302260675411667 0.00010809642200837466 0.9302260675411667 0.9302260675411667 0.9302260675411667 0.9302260675411667
8-69522677-A-C 0.00010809642200837466 0.9302260675411667 0.9302260675411667 0.9302260675411667 0.9302260675411667 0.00010809642200837466 0.9302260675411667 0.9302260675411667 0.00010809642200837466 0.9302260675411667 0.00010809642200837466 0.9302260675411667 0.00010809642200837466 0.9302260675411667 0.00010809642200837466 0.9302260675411667 0.9302260675411667 0.9302260675411667 0.9302260675411667 0.9302260675411667 0.9302260675411667 0.9302260675411667 0.00010809642200837466 0.9302260675411667
4-61595915-C-T 0.9302260675411667 0.9302260675411667 0.9302260675411667 0.9302260675411667 0.9302260675411667 0.9302260675411667 0.9302260675411667 0.9302260675411667 0.9302260675411667 0.9302260675411667 0.9302260675411667 0.9302260675411667 0.9302260675411667 0.00010809642200837466 0.9302260675411667 0.9302260675411667 0.9302260675411667 0.9302260675411667 0.9302260675411667 0.9302260675411667 0.9302260675411667 0.9302260675411667 0.9302260675411667 0.00010809642200837466
11-115609093-C-A 0.9302260675411667 0.9302260675411667 0.9302260675411667 0.00010809642200837466 0.9302260675411667 0.9302260675411667 0.9302260675411667 0.9302260675411667 0.9302260675411667 0.9302260675411667 0.9302260675411667 0.9302260675411667 0.9302260675411667 0.9302260675411667 0.9302260675411667 0.9302260675411667 0.00010809642200837466 0.9302260675411667 0.9302260675411667 0.00010809642200837466 0.9302260675411667 0.9302260675411667 0.9302260675411667 0.9302260675411667
19-39113995-A-T 0.9302260675411667 0.9302260675411667 0.9302260675411667 0.9302260675411667 0.9302260675411667 0.9302260675411667 0.9302260675411667 0.9302260675411667 0.00010809642200837466 0.9302260675411667 0.00010809642200837466 0.9302260675411667 0.9302260675411667 0.9302260675411667 0.9302260675411667 0.9302260675411667 0.9302260675411667 0.9302260675411667 0.9302260675411667 0.9302260675411667 0.9302260675411667 0.9302260675411667 0.9302260675411667 0.9302260675411667
8-119345758-G-A 0.9302260675411667 0.00010809642200837466 0.9302260675411667 0.9302260675411667 0.9302260675411667 0.9302260675411667 0.00010809642200837466 0.00010809642200837466 0.9302260675411667 0.00010809642200837466 0.9302260675411667 0.9302260675411667 0.9302260675411667 0.9302260675411667 0.9302260675411667 0.9302260675411667 0.9302260675411667 0.9302260675411667 0.9302260675411667 0.9302260675411667 0.9302260675411667 0.9302260675411667 0.9302260675411667 0.9302260675411667
4-115239327-G-C 0.9302260675411667 0.9302260675411667 0.9302260675411667 0.9302260675411667 0.9302260675411667 0.9302260675411667 0.9302260675411667 0.9302260675411667 0.00010809642200837466 0.9302260675411667 0.00010809642200837466 0.9302260675411667 0.9302260675411667 0.9302260675411667 0.9302260675411667 0.9302260675411667 0.9302260675411667 0.9302260675411667 0.9302260675411667 0.9302260675411667 0.9302260675411667 0.9302260675411667 0.9302260675411667 0.9302260675411667
4-64017195-A-G 0.9302260675411667 0.9302260675411667 0.9302260675411667 0.9302260675411667 0.9302260675411667 0.9302260675411667 0.00010809642200837466 0.9302260675411667 0.9302260675411667 0.9302260675411667 0.9302260675411667 0.9302260675411667 0.9302260675411667 0.9302260675411667 0.9302260675411667 0.00010809642200837466 0.9302260675411667 0.9302260675411667 0.9302260675411667 0.9302260675411667 0.9302260675411667 0.9302260675411667 0.9302260675411667 0.9302260675411667
5-31645667-C-G 0.00010809642200837466 0.9302260675411667 0.9302260675411667 0.9302260675411667 0.9302260675411667 0.9302260675411667 0.9302260675411667 0.9302260675411667 0.9302260675411667 0.9302260675411667 0.9302260675411667 0.9302260675411667 0.00010809642200837466 0.9302260675411667 0.9302260675411667 0.9302260675411667 0.9302260675411667 0.9302260675411667 0.9302260675411667 0.9302260675411667 0.9302260675411667 0.9302260675411667 0.9302260675411667 0.9302260675411667
1-107079509-T-G 0.9302260675411667 0.00010809642200837466 0.9302260675411667 0.9302260675411667 0.00010809642200837466 0.9302260675411667 0.00010809642200837466 0.00010809642200837466 0.9302260675411667 0.00010809642200837466 0.9302260675411667 0.9302260675411667 0.9302260675411667 0.9302260675411667 0.9302260675411667 0.9302260675411667 0.9302260675411667 0.9302260675411667 0.9302260675411667 0.9302260675411667 0.9302260675411667 0.9302260675411667 0.9302260675411667 0.9302260675411667
1-21229667-T-A 0.9302260675411667 0.9302260675411667 0.9302260675411667 0.00010809642200837466 0.9302260675411667 0.9302260675411667 0.9302260675411667 0.9302260675411667 0.9302260675411667 0.9302260675411667 0.9302260675411667 0.9302260675411667 0.9302260675411667 0.9302260675411667 0.9302260675411667 0.9302260675411667 0.00010809642200837466 0.9302260675411667 0.9302260675411667 0.00010809642200837466 0.9302260675411667 0.9302260675411667 0.9302260675411667 0.9302260675411667
8-94587935-G-A 0.00010809642200837466 0.9302260675411667 0.9302260675411667 0.9302260675411667 0.9302260675411667 0.00010809642200837466 0.9302260675411667 0.9302260675411667 0.9302260675411667 0.9302260675411667 0.9302260675411667 0.9302260675411667 0.00010809642200837466 0.9302260675411667 0.9302260675411667 0.9302260675411667 0.9302260675411667 0.9302260675411667 0.9302260675411667 0.9302260675411667 0.9302260675411667 0.9302260675411667 0.9302260675411667 0.9302260675411667
15-96358955-T-C 0.9302260675411667 0.9302260675411667 0.9302260675411667 0.00010809642200837466 0.9302260675411667 0.9302260675411667 0.9302260675411667 0.9302260675411667 0.9302260675411667 0.9302260675411667 0.9302260675411667 0.9302260675411667 0.9302260675411667 0.9302260675411667 0.9302260675411667 0.9302260675411667 0.00010809642200837466 0.9302260675411667 0.9302260675411667 0.00010809642200837466 0.9302260675411667 0.9302260675411667 0.9302260675411667 0.9302260675411667
2-132539980-T-A 0.00010809642200837466 0.9302260675411667 0.9302260675411667 0.9302260675411667 0.9302260675411667 0.00010809642200837466 0.9302260675411667 0.9302260675411667 0.00010809642200837466 0.9302260675411667 0.00010809642200837466 0.9302260675411667 0.00010809642200837466 0.9302260675411667 0.00010809642200837466 0.9302260675411667 0.9302260675411667 0.9302260675411667 0.9302260675411667 0.9302260675411667 0.9302260675411667 0.9302260675411667 0.00010809642200837466 0.9302260675411667
12-79222026-G-T 0.9302260675411667 0.00010809642200837466 0.9302260675411667 0.9302260675411667 0.9302260675411667 0.9302260675411667 0.00010809642200837466 0.9302260675411667 0.9302260675411667 0.9302260675411667 0.9302260675411667 0.9302260675411667 0.9302260675411667 0.9302260675411667 0.9302260675411667 0.9302260675411667 0.9302260675411667 0.9302260675411667 0.9302260675411667 0.9302260675411667 0.9302260675411667 0.9302260675411667 0.9302260675411667 0.9302260675411667
15-35472162-A-G 0.9302260675411667 0.9302260675411667 0.9302260675411667 0.9302260675411667 0.9302260675411667 0.9302260675411667 0.9302260675411667 0.9302260675411667 0.00010809642200837466 0.9302260675411667 0.00010809642200837466 0.9302260675411667 0.9302260675411667 0.9302260675411667 0.9302260675411667 0.9302260675411667 0.9302260675411667 0.9302260675411667 0.9302260675411667 0.9302260675411667 0.9302260675411667 0.9302260675411667 0.9302260675411667 0.9302260675411667
4-57225727-T-C 0.9302260675411667 0.9302260675411667 0.00010809642200837466 0.9302260675411667 0.9302260675411667 0.9302260675411667 0.00010809642200837466 0.9302260675411667 0.9302260675411667 0.9302260675411667 0.9302260675411667 0.00010809642200837466 0.9302260675411667 0.9302260675411667 0.9302260675411667 0.00010809642200837466 0.9302260675411667 0.9302260675411667 0.00010809642200837466 0.9302260675411667 0.00010809642200837466 0.00010809642200837466 0.9302260675411667 0.9302260675411667
11-6224683-T-A 0.9302260675411667 0.9302260675411667 0.9302260675411667 0.9302260675411667 0.9302260675411667 0.9302260675411667 0.9302260675411667 0.9302260675411667 0.9302260675411667 0.9302260675411667 0.9302260675411667 0.00010809642200837466 0.9302260675411667 0.9302260675411667 0.9302260675411667 0.9302260675411667 0.9302260675411667 0.9302260675411667 0.9302260675411667 0.9302260675411667 0.00010809642200837466 0.9302260675411667 0.9302260675411667 0.9302260675411667
8-71695920-T-C 0.9302260675411667 0.9302260675411667 0.9302260675411667 0.9302260675411667 0.9302260675411667 0.9302260675411667 0.9302260675411667 0.9302260675411667 0.00010809642200837466 0.9302260675411667 0.00010809642200837466 0.9302260675411667 0.9302260675411667 0.9302260675411667 0.9302260675411667 0.9302260675411667 0.9302260675411667 0.9302260675411667 0.9302260675411667 0.9302260675411667 0.9302260675411667 0.9302260675411667 0.9302260675411667 0.9302260675411667
9-103112197-T-A 0.00010809642200837466 0.9302260675411667 0.9302260675411667 0.9302260675411667 0.9302260675411667 0.00010809642200837466 0.9302260675411667 0.9302260675411667 0.9302260675411667 0.9302260675411667 0.9302260675411667 0.9302260675411667 0.00010809642200837466 0.9302260675411667 0.9302260675411667 0.9302260675411667 0.9302260675411667 0.9302260675411667 0.9302260675411667 0.9302260675411667 0.9302260675411667 0.9302260675411667 0.9302260675411667 0.9302260675411667
11-73345984-T-C 0.9302260675411667 0.9302260675411667 0.9302260675411667 0.9302260675411667 0.9302260675411667 0.9302260675411667 0.9302260675411667 0.9302260675411667 0.9302260675411667 0.9302260675411667 0.9302260675411667 0.00010809642200837466 0.9302260675411667 0.9302260675411667 0.9302260675411667 0.9302260675411667 0.9302260675411667 0.9302260675411667 0.9302260675411667 0.9302260675411667 0.00010809642200837466 0.9302260675411667 0.9302260675411667 0.9302260675411667
12-19490647-C-T 0.9302260675411667 0.9302260675411667 0.9302260675411667 0.9302260675411667 0.9302260675411667 0.9302260675411667 0.9302260675411667 0.9302260675411667 0.9302260675411667 0.9302260675411667 0.9302260675411667 0.9302260675411667 0.9302260675411667 0.00010809642200837466 0.9302260675411667 0.9302260675411667 0.9302260675411667 0.9302260675411667 0.9302260675411667 0.9302260675411667 0.9302260675411667 0.9302260675411667 0.9302260675411667 0.00010809642200837466
1-65251646-T-C 0.9302260675411667 0.00010809642200837466 0.9302260675411667 0.9302260675411667 0.00010809642200837466 0.9302260675411667 0.00010809642200837466 0.00010809642200837466 0.9302260675411667 0.00010809642200837466 0.9302260675411667 0.9302260675411667 0.9302260675411667 0.9302260675411667 0.9302260675411667 0.9302260675411667 0.9302260675411667 0.9302260675411667 0.9302260675411667 0.9302260675411667 0.9302260675411667 0.9302260675411667 0.9302260675411667 0.9302260675411667
16-18623089-G-C 0.00010809642200837466 0.9302260675411667 0.9302260675411667 0.9302260675411667 0.9302260675411667 0.00010809642200837466 0.9302260675411667 0.9302260675411667 0.9302260675411667 0.9302260675411667 0.9302260675411667 0.9302260675411667 0.00010809642200837466 0.9302260675411667 0.9302260675411667 0.9302260675411667 0.9302260675411667 0.9302260675411667 0.9302260675411667 0.9302260675411667 0.9302260675411667 0.9302260675411667 0.9302260675411667 0.9302260675411667
11-80007605-T-C 0.9302260675411667 0.00010809642200837466 0.9302260675411667 0.9302260675411667 0.9302260675411667 0.9302260675411667 0.00010809642200837466 0.9302260675411667 0.9302260675411667 0.9302260675411667 0.9302260675411667 0.9302260675411667 0.9302260675411667 0.9302260675411667 0.9302260675411667 0.9302260675411667 0.9302260675411667 0.9302260675411667 0.9302260675411667 0.9302260675411667 0.9302260675411667 0.9302260675411667 0.9302260675411667 0.9302260675411667
16-35967877-T-C 0.00010809642200837466 0.00010809642200837466 0.9302260675411667 0.00010809642200837466 0.9302260675411667 0.00010809642200837466 0.00010809642200837466 0.00010809642200837466 0.00010809642200837466 0.00010809642200837466 0.00010809642200837466 0.00010809642200837466 0.00010809642200837466 0.00010809642200837466 0.9302260675411667 0.00010809642200837466 0.00010809642200837466 0.00010809642200837466 0.00010809642200837466 0.00010809642200837466 0.00010809642200837466 0.00010809642200837466 0.00010809642200837466 0.00010809642200837466
13-66875066-A-T 0.00010809642200837466 0.00010809642200837466 0.00010809642200837466 0.00010809642200837466 0.00010809642200837466 0.00010809642200837466 0.00010809642200837466 0.00010809642200837466 0.00010809642200837466 0.00010809642200837466 0.00010809642200837466 0.00010809642200837466 0.00010809642200837466 0.00010809642200837466 0.00010809642200837466 0.00010809642200837466 0.00010809642200837466 0.00010809642200837466 0.00010809642200837466 0.00010809642200837466 0.00010809642200837466 0.00010809642200837466 0.00010809642200837466 0.9302260675411667
11-110212463-T-A 0.00010809642200837466 0.9302260675411667 0.9302260675411667 0.9302260675411667 0.9302260675411667 0.00010809642200837466 0.9302260675411667 0.9302260675411667 0.9302260675411667 0.9302260675411667 0.9302260675411667 0.9302260675411667 0.00010809642200837466 0.9302260675411667 0.00010809642200837466 0.9302260675411667 0.9302260675411667 0.9302260675411667 0.9302260675411667 0.9302260675411667 0.9302260675411667 0.9302260675411667 0.9302260675411667 0.9302260675411667
3-130929570-T-G 0.9302260675411667 0.9302260675411667 0.9302260675411667 0.9302260675411667 0.9302260675411667 0.9302260675411667 0.9302260675411667 0.9302260675411667 0.00010809642200837466 0.9302260675411667 0.00010809642200837466 0.9302260675411667 0.9302260675411667 0.9302260675411667 0.9302260675411667 0.9302260675411667 0.9302260675411667 0.9302260675411667 0.9302260675411667 0.9302260675411667 0.9302260675411667 0.9302260675411667 0.9302260675411667 0.9302260675411667
8-108800214-C-T 0.00010809642200837466 0.9302260675411667 0.9302260675411667 0.9302260675411667 0.9302260675411667 0.00010809642200837466 0.9302260675411667 0.9302260675411667 0.9302260675411667 0.9302260675411667 0.9302260675411667 0.9302260675411667 0.00010809642200837466 0.9302260675411667 0.9302260675411667 0.9302260675411667 0.9302260675411667 0.9302260675411667 0.9302260675411667 0.9302260675411667 0.9302260675411667 0.9302260675411667 0.9302260675411667 0.9302260675411667
15-82558263-T-G 0.9302260675411667 0.9302260675411667 0.9302260675411667 0.9302260675411667 0.9302260675411667 0.9302260675411667 0.9302260675411667 0.9302260675411667 0.00010809642200837466 0.9302260675411667 0.00010809642200837466 0.9302260675411667 0.9302260675411667 0.9302260675411667 0.9302260675411667 0.9302260675411667 0.9302260675411667 0.9302260675411667 0.9302260675411667 0.9302260675411667 0.9302260675411667 0.9302260675411667 0.9302260675411667 0.9302260675411667
5-72580805-C-T 0.00010809642200837466 0.9302260675411667 0.9302260675411667 0.9302260675411667 0.9302260675411667 0.00010809642200837466 0.9302260675411667 0.9302260675411667 0.9302260675411667 0.9302260675411667 0.9302260675411667 0.9302260675411667 0.00010809642200837466 0.9302260675411667 0.9302260675411667 0.9302260675411667 0.9302260675411667 0.9302260675411667 0.9302260675411667 0.9302260675411667 0.9302260675411667 0.9302260675411667 0.9302260675411667 0.9302260675411667
15-44630115-A-C 0.9302260675411667 0.00010809642200837466 0.9302260675411667 0.9302260675411667 0.9302260675411667 0.9302260675411667 0.00010809642200837466 0.9302260675411667 0.9302260675411667 0.9302260675411667 0.9302260675411667 0.9302260675411667 0.9302260675411667 0.9302260675411667 0.9302260675411667 0.9302260675411667 0.9302260675411667 0.9302260675411667 0.9302260675411667 0.9302260675411667 0.9302260675411667 0.9302260675411667 0.9302260675411667 0.9302260675411667
9-104040471-A-G 0.00010809642200837466 0.00010809642200837466 0.00010809642200837466 0.9302260675411667 0.00010809642200837466 0.00010809642200837466 0.00010809642200837466 0.00010809642200837466 0.00010809642200837466 0.00010809642200837466 0.00010809642200837466 0.00010809642200837466 0.00010809642200837466 0.00010809642200837466 0.00010809642200837466 0.00010809642200837466 0.00010809642200837466 0.00010809642200837466 0.00010809642200837466 0.00010809642200837466 0.00010809642200837466 0.00010809642200837466 0.9302260675411667 0.00010809642200837466
8-88314232-C-G 0.9302260675411667 0.9302260675411667 0.9302260675411667 0.00010809642200837466 0.9302260675411667 0.9302260675411667 0.9302260675411667 0.9302260675411667 0.9302260675411667 0.9302260675411667 0.9302260675411667 0.9302260675411667 0.9302260675411667 0.9302260675411667 0.9302260675411667 0.9302260675411667 0.00010809642200837466 0.9302260675411667 0.9302260675411667 0.00010809642200837466 0.9302260675411667 0.9302260675411667 0.9302260675411667 0.9302260675411667
10-79819505-G-A 0.00010809642200837466 0.9302260675411667 0.9302260675411667 0.9302260675411667 0.9302260675411667 0.00010809642200837466 0.9302260675411667 0.9302260675411667 0.9302260675411667 0.9302260675411667 0.9302260675411667 0.9302260675411667 0.00010809642200837466 0.9302260675411667 0.9302260675411667 0.9302260675411667 0.9302260675411667 0.9302260675411667 0.9302260675411667 0.9302260675411667 0.9302260675411667 0.9302260675411667 0.9302260675411667 0.9302260675411667
19-9706961-G-A 0.00010809642200837466 0.00010809642200837466 0.00010809642200837466 0.00010809642200837466 0.00010809642200837466 0.00010809642200837466 0.00010809642200837466 0.00010809642200837466 0.00010809642200837466 0.00010809642200837466 0.00010809642200837466 0.00010809642200837466 0.00010809642200837466 0.00010809642200837466 0.00010809642200837466 0.00010809642200837466 0.00010809642200837466 0.9302260675411667 0.00010809642200837466 0.00010809642200837466 0.00010809642200837466 0.00010809642200837466 0.00010809642200837466 0.00010809642200837466
3-93212111-G-A 0.9302260675411667 0.9302260675411667 0.9302260675411667 0.9302260675411667 0.9302260675411667 0.9302260675411667 0.9302260675411667 0.9302260675411667 0.00010809642200837466 0.9302260675411667 0.00010809642200837466 0.9302260675411667 0.9302260675411667 0.9302260675411667 0.9302260675411667 0.9302260675411667 0.9302260675411667 0.9302260675411667 0.9302260675411667 0.9302260675411667 0.9302260675411667 0.9302260675411667 0.9302260675411667 0.9302260675411667
5-107497711-T-A 0.00010809642200837466 0.00010809642200837466 0.00010809642200837466 0.00010809642200837466 0.00010809642200837466 0.00010809642200837466 0.00010809642200837466 0.00010809642200837466 0.00010809642200837466 0.00010809642200837466 0.00010809642200837466 0.00010809642200837466 0.00010809642200837466 0.00010809642200837466 0.00010809642200837466 0.00010809642200837466 0.00010809642200837466 0.00010809642200837466 0.00010809642200837466 0.00010809642200837466 0.00010809642200837466 0.9302260675411667 0.00010809642200837466 0.9302260675411667
7-10199922-T-C 0.9302260675411667 0.9302260675411667 0.9302260675411667 0.00010809642200837466 0.9302260675411667 0.9302260675411667 0.9302260675411667 0.9302260675411667 0.9302260675411667 0.9302260675411667 0.9302260675411667 0.9302260675411667 0.9302260675411667 0.9302260675411667 0.9302260675411667 0.9302260675411667 0.00010809642200837466 0.9302260675411667 0.9302260675411667 0.00010809642200837466 0.9302260675411667 0.9302260675411667 0.9302260675411667 0.9302260675411667
17-6956304-T-G 0.9302260675411667 0.9302260675411667 0.9302260675411667 0.9302260675411667 0.9302260675411667 0.9302260675411667 0.9302260675411667 0.9302260675411667 0.9302260675411667 0.9302260675411667 0.9302260675411667 0.00010809642200837466 0.9302260675411667 0.9302260675411667 0.9302260675411667 0.9302260675411667 0.9302260675411667 0.9302260675411667 0.9302260675411667 0.9302260675411667 0.00010809642200837466 0.9302260675411667 0.9302260675411667 0.9302260675411667
13-74360948-A-C 0.00010809642200837466 0.9302260675411667 0.9302260675411667 0.9302260675411667 0.9302260675411667 0.00010809642200837466 0.9302260675411667 0.9302260675411667 0.9302260675411667 0.9302260675411667 0.9302260675411667 0.9302260675411667 0.00010809642200837466 0.9302260675411667 0.00010809642200837466 0.9302260675411667 0.9302260675411667 0.9302260675411667 0.9302260675411667 0.9302260675411667 0.9302260675411667 0.9302260675411667 0.9302260675411667 0.9302260675411667
6-84860677-C-T 0.9302260675411667 0.9302260675411667 0.9302260675411667 0.9302260675411667 0.9302260675411667 0.9302260675411667 0.9302260675411667 0.9302260675411667 0.00010809642200837466 0.9302260675411667 0.00010809642200837466 0.9302260675411667 0.9302260675411667 0.9302260675411667 0.9302260675411667 0.9302260675411667 0.9302260675411667 0.9302260675411667 0.9302260675411667 0.9302260675411667 0.9302260675411667 0.9302260675411667 0.9302260675411667 0.9302260675411667
15-82558263-T-G 0.9302260675411667 0.9302260675411667 0.9302260675411667 0.9302260675411667 0.9302260675411667 0.9302260675411667 0.9302260675411667 0.9302260675411667 0.00010809642200837466 0.9302260675411667 0.00010809642200837466 0.9302260675411667 0.9302260675411667 0.9302260675411667 0.9302260675411667 0.9302260675411667 0.9302260675411667 0.9302260675411667 0.9302260675411667 0.9302260675411667 0.9302260675411667 0.9302260675411667 0.9302260675411667 0.9302260675411667
5-123996941-A-G 0.00010809642200837466 0.9302260675411667 0.9302260675411667 0.9302260675411667 0.9302260675411667 0.00010809642200837466 0.9302260675411667 0.9302260675411667 0.9302260675411667 0.9302260675411667 0.9302260675411667 0.9302260675411667 0.00010809642200837466 0.9302260675411667 0.00010809642200837466 0.9302260675411667 0.9302260675411667 0.9302260675411667 0.9302260675411667 0.9302260675411667 0.9302260675411667 0.9302260675411667 0.9302260675411667 0.9302260675411667
18-11740941-C-G 0.9302260675411667 0.9302260675411667 0.9302260675411667 0.9302260675411667 0.9302260675411667 0.9302260675411667 0.9302260675411667 0.9302260675411667 0.00010809642200837466 0.9302260675411667 0.00010809642200837466 0.9302260675411667 0.9302260675411667 0.9302260675411667 0.9302260675411667 0.9302260675411667 0.9302260675411667 0.9302260675411667 0.9302260675411667 0.9302260675411667 0.9302260675411667 0.9302260675411667 0.9302260675411667 0.9302260675411667
2-76758713-C-T 0.00010809642200837466 0.9302260675411667 0.9302260675411667 0.9302260675411667 0.9302260675411667 0.00010809642200837466 0.9302260675411667 0.9302260675411667 0.9302260675411667 0.9302260675411667 0.9302260675411667 0.9302260675411667 0.00010809642200837466 0.9302260675411667 0.9302260675411667 0.9302260675411667 0.9302260675411667 0.9302260675411667 0.9302260675411667 0.9302260675411667 0.9302260675411667 0.9302260675411667 0.9302260675411667 0.9302260675411667
13-117232872-A-C 0.00010809642200837466 0.00010809642200837466 0.00010809642200837466 0.00010809642200837466 0.00010809642200837466 0.00010809642200837466 0.00010809642200837466 0.00010809642200837466 0.00010809642200837466 0.00010809642200837466 0.00010809642200837466 0.00010809642200837466 0.00010809642200837466 0.00010809642200837466 0.00010809642200837466 0.00010809642200837466 0.00010809642200837466 0.00010809642200837466 0.00010809642200837466 0.00010809642200837466 0.00010809642200837466 0.00010809642200837466 0.00010809642200837466 0.9302260675411667
