HAPLOID 1689 24 C20 C21 C23 C22 C9 C8 C19 C24 C18 C6 C15 C14 C7 C5 C16 C17 C4 C13 C12 C1 C3 C10 C11 C2
8-22919218-A-G 0.9302260675411667 0.00010809642200837466 0.9302260675411667 0.9302260675411667 0.00010809642200837466 0.9302260675411667 0.00010809642200837466 0.00010809642200837466 0.9302260675411667 0.00010809642200837466 0.9302260675411667 0.9302260675411667 0.9302260675411667 0.9302260675411667 0.9302260675411667 0.9302260675411667 0.9302260675411667 0.9302260675411667 0.9302260675411667 0.9302260675411667 0.9302260675411667 0.9302260675411667 0.9302260675411667 0.9302260675411667
19-13342552-T-G 0.00010809642200837466 0.00010809642200837466 0.00010809642200837466 0.00010809642200837466 0.00010809642200837466 0.00010809642200837466 0.00010809642200837466 0.00010809642200837466 0.00010809642200837466 0.00010809642200837466 0.00010809642200837466 0.00010809642200837466 0.00010809642200837466 0.00010809642200837466 0.00010809642200837466 0.00010809642200837466 0.00010809642200837466 0.9302260675411667 0.00010809642200837466 0.00010809642200837466 0.00010809642200837466 0.00010809642200837466 0.00010809642200837466 0.00010809642200837466
3-135411188-T-A 0.9302260675411667 0.00010809642200837466 0.9302260675411667 0.00010809642200837466 0.00010809642200837466 0.9302260675411667 0.00010809642200837466 0.00010809642200837466 0.00010809642200837466 0.00010809642200837466 0.00010809642200837466 0.00010809642200837466 0.9302260675411667 0.9302260675411667 0.9302260675411667 0.00010809642200837466 0.00010809642200837466 0.00010809642200837466 0.9302260675411667 0.9302260675411667 0.00010809642200837466 0.00010809642200837466 0.9302260675411667 0.9302260675411667
7-103442776-A-C 0.9302260675411667 0.00010809642200837466 0.9302260675411667 0.9302260675411667 0.9302260675411667 0.9302260675411667 0.00010809642200837466 0.9302260675411667 0.9302260675411667 0.9302260675411667 0.9302260675411667 0.9302260675411667 0.9302260675411667 0.9302260675411667 0.9302260675411667 0.9302260675411667 0.9302260675411667 0.9302260675411667 0.9302260675411667 0.9302260675411667 0.9302260675411667 0.9302260675411667 0.9302260675411667 0.9302260675411667
10-86872489-A-T 0.9302260675411667 0.9302260675411667 0.9302260675411667 0.9302260675411667 0.9302260675411667 0.9302260675411667 0.9302260675411667 0.9302260675411667 0.00010809642200837466 0.9302260675411667 0.00010809642200837466 0.9302260675411667 0.9302260675411667 0.9302260675411667 0.9302260675411667 0.9302260675411667 0.9302260675411667 0.9302260675411667 0.9302260675411667 0.9302260675411667 0.9302260675411667 0.9302260675411667 0.9302260675411667 0.9302260675411667
6-17555676-G-A 0.9302260675411667 0.9302260675411667 0.9302260675411667 0.9302260675411667 0.9302260675411667 0.9302260675411667 0.9302260675411667 0.9302260675411667 0.9302260675411667 0.9302260675411667 0.9302260675411667 0.00010809642200837466 0.9302260675411667 0.9302260675411667 0.9302260675411667 0.9302260675411667 0.9302260675411667 0.9302260675411667 0.9302260675411667 0.9302260675411667 0.00010809642200837466 0.9302260675411667 0.9302260675411667 0.9302260675411667
9-119958097-C-T 0.9302260675411667 0.00010809642200837466 0.9302260675411667 0.9302260675411667 0.9302260675411667 0.9302260675411667 0.00010809642200837466 0.9302260675411667 0.9302260675411667 0.9302260675411667 0.9302260675411667 0.9302260675411667 0.9302260675411667 0.9302260675411667 0.9302260675411667 0.9302260675411667 0.9302260675411667 0.9302260675411667 0.9302260675411667 0.9302260675411667 0.9302260675411667 0.9302260675411667 0.9302260675411667 0.9302260675411667
2-140660974-G-C 0.00010809642200837466 0.9302260675411667 0.9302260675411667 0.9302260675411667 0.9302260675411667 0.9302260675411667 0.9302260675411667 0.9302260675411667 0.9302260675411667 0.9302260675411667 0.9302260675411667 0.9302260675411667 0.00010809642200837466 0.9302260675411667 0.9302260675411667 0.9302260675411667 0.9302260675411667 0.9302260675411667 0.9302260675411667 0.9302260675411667 0.9302260675411667 0.9302260675411667 0.9302260675411667 0.9302260675411667
14-66828757-T-C 0.9302260675411667 0.00010809642200837466 0.9302260675411667 0.9302260675411667 0.9302260675411667 0.9302260675411667 0.00010809642200837466 0.9302260675411667 0.9302260675411667 0.9302260675411667 0.9302260675411667 0.9302260675411667 0.9302260675411667 0.9302260675411667 0.9302260675411667 0.9302260675411667 0.9302260675411667 0.9302260675411667 0.9302260675411667 0.9302260675411667 0.9302260675411667 0.9302260675411667 0.9302260675411667 0.9302260675411667
7-8377397-T-C 0.00010809642200837466 0.9302260675411667 0.9302260675411667 0.9302260675411667 0.9302260675411667 0.00010809642200837466 0.9302260675411667 0.9302260675411667 0.00010809642200837466 0.9302260675411667 0.00010809642200837466 0.9302260675411667 0.00010809642200837466 0.9302260675411667 0.00010809642200837466 0.9302260675411667 0.9302260675411667 0.9302260675411667 0.9302260675411667 0.9302260675411667 0.9302260675411667 0.9302260675411667 0.00010809642200837466 0.9302260675411667
14-47569842-C-A 0.00010809642200837466 0.00010809642200837466 0.00010809642200837466 0.00010809642200837466 0.00010809642200837466 0.00010809642200837466 0.00010809642200837466 0.00010809642200837466 0.00010809642200837466 0.00010809642200837466 0.00010809642200837466 0.00010809642200837466 0.00010809642200837466 0.00010809642200837466 0.00010809642200837466 0.00010809642200837466 0.00010809642200837466 0.00010809642200837466 0.00010809642200837466 0.00010809642200837466 0.00010809642200837466 0.00010809642200837466 0.00010809642200837466 0.9302260675411667
10-40005864-G-C 0.00010809642200837466 0.00010809642200837466 0.00010809642200837466 0.00010809642200837466 0.00010809642200837466 0.00010809642200837466 0.00010809642200837466 0.00010809642200837466 0.9302260675411667 0.00010809642200837466 0.00010809642200837466 0.00010809642200837466 0.00010809642200837466 0.9302260675411667 0.00010809642200837466 0.00010809642200837466 0.9302260675411667 0.00010809642200837466 0.00010809642200837466 0.00010809642200837466 0.00010809642200837466 0.00010809642200837466 0.00010809642200837466 0.00010809642200837466
14-4323156-G-A 0.9302260675411667 0.9302260675411667 0.9302260675411667 0.9302260675411667 0.9302260675411667 0.9302260675411667 0.9302260675411667 0.9302260675411667 0.9302260675411667 0.9302260675411667 0.9302260675411667 0.9302260675411667 0.9302260675411667 0.00010809642200837466 0.9302260675411667 0.9302260675411667 0.9302260675411667 0.9302260675411667 0.9302260675411667 0.9302260675411667 0.9302260675411667 0.9302260675411667 0.9302260675411667 0.00010809642200837466
9-104022627-G-A 0.00010809642200837466 0.00010809642200837466 0.00010809642200837466 0.9302260675411667 0.00010809642200837466 0.00010809642200837466 0.00010809642200837466 0.00010809642200837466 0.00010809642200837466 0.00010809642200837466 0.00010809642200837466 0.00010809642200837466 0.00010809642200837466 0.00010809642200837466 0.00010809642200837466 0.00010809642200837466 0.00010809642200837466 0.00010809642200837466 0.00010809642200837466 0.00010809642200837466 0.00010809642200837466 0.00010809642200837466 0.9302260675411667 0.00010809642200837466
13-33252852-T-A 0.9302260675411667 0.9302260675411667 0.9302260675411667 0.00010809642200837466 0.9302260675411667 0.9302260675411667 0.9302260675411667 0.9302260675411667 0.9302260675411667 0.9302260675411667 0.9302260675411667 0.9302260675411667 0.9302260675411667 0.9302260675411667 0.9302260675411667 0.9302260675411667 0.00010809642200837466 0.9302260675411667 0.9302260675411667 0.00010809642200837466 0.9302260675411667 0.9302260675411667 0.9302260675411667 0.9302260675411667
10-5368170-A-T 0.9302260675411667 0.00010809642200837466 0.9302260675411667 0.9302260675411667 0.9302260675411667 0.9302260675411667 0.00010809642200837466 0.9302260675411667 0.9302260675411667 0.9302260675411667 0.9302260675411667 0.9302260675411667 0.9302260675411667 0.9302260675411667 0.9302260675411667 0.9302260675411667 0.9302260675411667 0.9302260675411667 0.9302260675411667 0.9302260675411667 0.9302260675411667 0.9302260675411667 0.9302260675411667 0.9302260675411667
1-45820102-T-G 0.9302260675411667 0.9302260675411667 0.9302260675411667 0.9302260675411667 0.9302260675411667 0.9302260675411667 0.9302260675411667 0.9302260675411667 0.00010809642200837466 0.9302260675411667 0.00010809642200837466 0.9302260675411667 0.9302260675411667 0.9302260675411667 0.9302260675411667 0.9302260675411667 0.9302260675411667 0.9302260675411667 0.9302260675411667 0.9302260675411667 0.9302260675411667 0.9302260675411667 0.9302260675411667 0.9302260675411667
9-105392833-G-A 0.9302260675411667 0.9302260675411667 0.9302260675411667 0.9302260675411667 0.9302260675411667 0.9302260675411667 0.9302260675411667 0.9302260675411667 0.9302260675411667 0.9302260675411667 0.9302260675411667 0.9302260675411667 0.9302260675411667 0.00010809642200837466 0.9302260675411667 0.9302260675411667 0.9302260675411667 0.9302260675411667 0.9302260675411667 0.9302260675411667 0.9302260675411667 0.9302260675411667 0.9302260675411667 0.00010809642200837466
16-17561193-C-T 0.00010809642200837466 0.00010809642200837466 0.9302260675411667 0.00010809642200837466 0.9302260675411667 0.00010809642200837466 0.00010809642200837466 0.00010809642200837466 0.00010809642200837466 0.00010809642200837466 0.00010809642200837466 0.00010809642200837466 0.00010809642200837466 0.00010809642200837466 0.9302260675411667 0.00010809642200837466 0.00010809642200837466 0.00010809642200837466 0.00010809642200837466 0.00010809642200837466 0.00010809642200837466 0.00010809642200837466 0.00010809642200837466 0.00010809642200837466
5-150439460-C-G 0.9302260675411667 0.9302260675411667 0.9302260675411667 0.9302260675411667 0.9302260675411667 0.9302260675411667 0.9302260675411667 0.9302260675411667 0.00010809642200837466 0.9302260675411667 0.00010809642200837466 0.9302260675411667 0.9302260675411667 0.9302260675411667 0.9302260675411667 0.9302260675411667 0.9302260675411667 0.9302260675411667 0.9302260675411667 0.9302260675411667 0.9302260675411667 0.9302260675411667 0.9302260675411667 0.9302260675411667
19-40091279-T-C 0.00010809642200837466 0.00010809642200837466 0.00010809642200837466 0.9302260675411667 0.00010809642200837466 0.00010809642200837466 0.00010809642200837466 0.00010809642200837466 0.00010809642200837466 0.00010809642200837466 0.00010809642200837466 0.00010809642200837466 0.00010809642200837466 0.00010809642200837466 0.00010809642200837466 0.00010809642200837466 0.00010809642200837466 0.00010809642200837466 0.00010809642200837466 0.00010809642200837466 0.00010809642200837466 0.00010809642200837466 0.9302260675411667 0.00010809642200837466
8-107057943-A-G 0.9302260675411667 0.00010809642200837466 0.9302260675411667 0.9302260675411667 0.9302260675411667 0.9302260675411667 0.9302260675411667 0.00010809642200837466 0.9302260675411667 0.00010809642200837466 0.9302260675411667 0.9302260675411667 0.9302260675411667 0.9302260675411667 0.9302260675411667 0.9302260675411667 0.9302260675411667 0.9302260675411667 0.9302260675411667 0.9302260675411667 0.9302260675411667 0.9302260675411667 0.9302260675411667 0.9302260675411667
3-127634032-A-G 0.9302260675411667 0.9302260675411667 0.9302260675411667 0.00010809642200837466 0.9302260675411667 0.9302260675411667 0.9302260675411667 0.9302260675411667 0.9302260675411667 0.9302260675411667 0.9302260675411667 0.9302260675411667 0.9302260675411667 0.9302260675411667 0.9302260675411667 0.9302260675411667 0.00010809642200837466 0.9302260675411667 0.9302260675411667 0.00010809642200837466 0.9302260675411667 0.9302260675411667 0.9302260675411667 0.9302260675411667
6-58655702-A-G 0.9302260675411667 0.9302260675411667 0.9302260675411667 0.9302260675411667 0.9302260675411667 0.9302260675411667 0.9302260675411667 0.9302260675411667 0.00010809642200837466 0.9302260675411667 0.00010809642200837466 0.9302260675411667 0.9302260675411667 0.9302260675411667 0.9302260675411667 0.9302260675411667 0.9302260675411667 0.9302260675411667 0.9302260675411667 0.9302260675411667 0.9302260675411667 0.9302260675411667 0.9302260675411667 0.9302260675411667
13-81448977-A-T 0.9302260675411667 0.9302260675411667 0.9302260675411667 0.9302260675411667 0.9302260675411667 0.9302260675411667 0.9302260675411667 0.9302260675411667 0.9302260675411667 0.9302260675411667 0.9302260675411667 0.00010809642200837466 0.9302260675411667 0.9302260675411667 0.00010809642200837466 0.9302260675411667 0.9302260675411667 0.9302260675411667 0.9302260675411667 0.9302260675411667 0.00010809642200837466 0.9302260675411667 0.9302260675411667 0.9302260675411667
6-55132820-G-A 0.9302260675411667 0.00010809642200837466 0.00010809642200837466 0.00010809642200837466 0.00010809642200837466 0.9302260675411667 0.00010809642200837466 0.00010809642200837466 0.00010809642200837466 0.00010809642200837466 0.00010809642200837466 0.00010809642200837466 0.9302260675411667 0.00010809642200837466 0.9302260675411667 0.00010809642200837466 0.00010809642200837466 0.00010809642200837466 0.00010809642200837466 0.00010809642200837466 0.00010809642200837466 0.00010809642200837466 0.00010809642200837466 0.00010809642200837466
6-66535580-A-C 0.00010809642200837466 0.9302260675411667 0.9302260675411667 0.9302260675411667 0.9302260675411667 0.00010809642200837466 0.9302260675411667 0.9302260675411667 0.00010809642200837466 0.9302260675411667 0.00010809642200837466 0.9302260675411667 0.00010809642200837466 0.9302260675411667 0.00010809642200837466 0.9302260675411667 0.9302260675411667 0.00010809642200837466 0.9302260675411667 0.9302260675411667 0.9302260675411667 0.9302260675411667 0.00010809642200837466 0.9302260675411667
13-77742684-C-T 0.00010809642200837466 0.00010809642200837466 0.00010809642200837466 0.00010809642200837466 0.00010809642200837466 0.00010809642200837466 0.00010809642200837466 0.00010809642200837466 0.00010809642200837466 0.00010809642200837466 0.00010809642200837466 0.00010809642200837466 0.00010809642200837466 0.00010809642200837466 0.00010809642200837466 0.00010809642200837466 0.00010809642200837466 0.00010809642200837466 0.00010809642200837466 0.00010809642200837466 0.00010809642200837466 0.00010809642200837466 0.00010809642200837466 0.9302260675411667
3-100140430-A-C 0.9302260675411667 0.9302260675411667 0.9302260675411667 0.9302260675411667 0.9302260675411667 0.9302260675411667 0.9302260675411667 0.9302260675411667 0.00010809642200837466 0.9302260675411667 0.00010809642200837466 0.9302260675411667 0.9302260675411667 0.9302260675411667 0.9302260675411667 0.9302260675411667 0.9302260675411667 0.9302260675411667 0.9302260675411667 0.9302260675411667 0.9302260675411667 0.9302260675411667 0.9302260675411667 0.9302260675411667
6-58655702-A-G 0.9302260675411667 0.9302260675411667 0.9302260675411667 0.9302260675411667 0.9302260675411667 0.9302260675411667 0.9302260675411667 0.9302260675411667 0.00010809642200837466 0.9302260675411667 0.00010809642200837466 0.9302260675411667 0.9302260675411667 0.9302260675411667 0.9302260675411667 0.9302260675411667 0.9302260675411667 0.9302260675411667 0.9302260675411667 0.9302260675411667 0.9302260675411667 0.9302260675411667 0.9302260675411667 0.9302260675411667
13-46681174-A-C 0.9302260675411667 0.00010809642200837466 0.9302260675411667 0.9302260675411667 0.9302260675411667 0.9302260675411667 0.00010809642200837466 0.9302260675411667 0.9302260675411667 0.9302260675411667 0.9302260675411667 0.9302260675411667 0.9302260675411667 0.9302260675411667 0.9302260675411667 0.9302260675411667 0.9302260675411667 0.9302260675411667 0.9302260675411667 0.9302260675411667 0.9302260675411667 0.9302260675411667 0.9302260675411667 0.9302260675411667
15-102490853-T-C 0.9302260675411667 0.00010809642200837466 0.00010809642200837466 0.00010809642200837466 0.00010809642200837466 0.9302260675411667 0.00010809642200837466 0.00010809642200837466 0.00010809642200837466 0.9302260675411667 0.00010809642200837466 0.00010809642200837466 0.9302260675411667 0.9302260675411667 0.9302260675411667 0.9302260675411667 0.00010809642200837466 0.9302260675411667 0.9302260675411667 0.00010809642200837466 0.00010809642200837466 0.9302260675411667 0.9302260675411667 0.9302260675411667
1-150564026-A-C 0.9302260675411667 0.9302260675411667 0.9302260675411667 0.9302260675411667 0.9302260675411667 0.9302260675411667 0.9302260675411667 0.9302260675411667 0.00010809642200837466 0.9302260675411667 0.00010809642200837466 0.9302260675411667 0.9302260675411667 0.9302260675411667 0.9302260675411667 0.9302260675411667 0.9302260675411667 0.9302260675411667 0.9302260675411667 0.9302260675411667 0.9302260675411667 0.9302260675411667 0.9302260675411667 0.9302260675411667
5-118680745-T-C 0.9302260675411667 0.9302260675411667 0.9302260675411667 0.9302260675411667 0.9302260675411667 0.9302260675411667 0.9302260675411667 0.9302260675411667 0.9302260675411667 0.9302260675411667 0.9302260675411667 0.9302260675411667 0.9302260675411667 0.9302260675411667 0.9302260675411667 0.9302260675411667 0.9302260675411667 0.9302260675411667 0.00010809642200837466 0.9302260675411667 0.9302260675411667 0.00010809642200837466 0.9302260675411667 0.9302260675411667
15-27832630-G-T 0.9302260675411667 0.00010809642200837466 0.9302260675411667 0.9302260675411667 0.9302260675411667 0.9302260675411667 0.00010809642200837466 0.9302260675411667 0.9302260675411667 0.9302260675411667 0.9302260675411667 0.9302260675411667 0.9302260675411667 0.9302260675411667 0.9302260675411667 0.9302260675411667 0.9302260675411667 0.9302260675411667 0.9302260675411667 0.9302260675411667 0.9302260675411667 0.9302260675411667 0.9302260675411667 0.9302260675411667
13-81448977-A-T 0.9302260675411667 0.9302260675411667 0.9302260675411667 0.9302260675411667 0.9302260675411667 0.9302260675411667 0.9302260675411667 0.9302260675411667 0.9302260675411667 0.9302260675411667 0.9302260675411667 0.00010809642200837466 0.9302260675411667 0.9302260675411667 0.00010809642200837466 0.9302260675411667 0.9302260675411667 0.9302260675411667 0.9302260675411667 0.9302260675411667 0.00010809642200837466 0.9302260675411667 0.9302260675411667 0.9302260675411667
6-18380980-G-A 0.9302260675411667 0.00010809642200837466 0.00010809642200837466 0.00010809642200837466 0.00010809642200837466 0.9302260675411667 0.00010809642200837466 0.00010809642200837466 0.00010809642200837466 0.00010809642200837466 0.00010809642200837466 0.00010809642200837466 0.9302260675411667 0.00010809642200837466 0.9302260675411667 0.00010809642200837466 0.00010809642200837466 0.00010809642200837466 0.00010809642200837466 0.00010809642200837466 0.00010809642200837466 0.00010809642200837466 0.00010809642200837466 0.00010809642200837466
7-39583446-A-T 0.9302260675411667 0.9302260675411667 0.9302260675411667 0.9302260675411667 0.9302260675411667 0.9302260675411667 0.9302260675411667 0.9302260675411667 0.9302260675411667 0.9302260675411667 0.9302260675411667 0.9302260675411667 0.9302260675411667 0.00010809642200837466 0.9302260675411667 0.9302260675411667 0.9302260675411667 0.9302260675411667 0.9302260675411667 0.9302260675411667 0.9302260675411667 0.9302260675411667 0.9302260675411667 0.00010809642200837466
5-122602185-T-A 0.9302260675411667 0.9302260675411667 0.9302260675411667 0.9302260675411667 0.9302260675411667 0.9302260675411667 0.9302260675411667 0.9302260675411667 0.00010809642200837466 0.9302260675411667 0.00010809642200837466 0.9302260675411667 0.9302260675411667 0.9302260675411667 0.9302260675411667 0.9302260675411667 0.9302260675411667 0.9302260675411667 0.9302260675411667 0.9302260675411667 0.9302260675411667 0.9302260675411667 0.9302260675411667 0.9302260675411667
8-11210854-C-G 0.9302260675411667 0.00010809642200837466 0.9302260675411667 0.9302260675411667 0.9302260675411667 0.9302260675411667 0.00010809642200837466 0.00010809642200837466 0.9302260675411667 0.00010809642200837466 0.9302260675411667 0.9302260675411667 0.9302260675411667 0.9302260675411667 0.9302260675411667 0.9302260675411667 0.9302260675411667 0.9302260675411667 0.9302260675411667 0.9302260675411667 0.9302260675411667 0.9302260675411667 0.9302260675411667 0.9302260675411667
16-48582403-T-A 0.9302260675411667 0.9302260675411667 0.9302260675411667 0.9302260675411667 0.9302260675411667 0.9302260675411667 0.9302260675411667 0.9302260675411667 0.9302260675411667 0.9302260675411667 0.9302260675411667 0.00010809642200837466 0.9302260675411667 0.9302260675411667 0.9302260675411667 0.9302260675411667 0.9302260675411667 0.9302260675411667 0.00010809642200837466 0.9302260675411667 0.00010809642200837466 0.00010809642200837466 0.9302260675411667 0.9302260675411667
10-99263641-C-G 0.00010809642200837466 0.9302260675411667 0.9302260675411667 0.9302260675411667 0.9302260675411667 0.00010809642200837466 0.9302260675411667 0.9302260675411667 0.9302260675411667 0.9302260675411667 0.9302260675411667 0.9302260675411667 0.00010809642200837466 0.9302260675411667 0.00010809642200837466 0.9302260675411667 0.9302260675411667 0.9302260675411667 0.9302260675411667 0.9302260675411667 0.9302260675411667 0.9302260675411667 0.9302260675411667 0.9302260675411667
17-66136193-A-C 0.00010809642200837466 0.9302260675411667 0.9302260675411667 0.9302260675411667 0.9302260675411667 0.00010809642200837466 0.9302260675411667 0.9302260675411667 0.9302260675411667 0.9302260675411667 0.9302260675411667 0.9302260675411667 0.00010809642200837466 0.9302260675411667 0.9302260675411667 0.9302260675411667 0.9302260675411667 0.9302260675411667 0.9302260675411667 0.9302260675411667 0.9302260675411667 0.9302260675411667 0.9302260675411667 0.9302260675411667
2-32997517-A-C 0.00010809642200837466 0.00010809642200837466 0.00010809642200837466 0.00010809642200837466 0.00010809642200837466 0.00010809642200837466 0.00010809642200837466 0.00010809642200837466 0.00010809642200837466 0.00010809642200837466 0.00010809642200837466 0.9302260675411667 0.00010809642200837466 0.00010809642200837466 0.00010809642200837466 0.00010809642200837466 0.00010809642200837466 0.00010809642200837466 0.00010809642200837466 0.00010809642200837466 0.00010809642200837466 0.00010809642200837466 0.00010809642200837466 0.00010809642200837466
2-87737381-A-G 0.9302260675411667 0.00010809642200837466 0.9302260675411667 0.9302260675411667 0.9302260675411667 0.9302260675411667 0.00010809642200837466 0.00010809642200837466 0.9302260675411667 0.00010809642200837466 0.9302260675411667 0.9302260675411667 0.9302260675411667 0.9302260675411667 0.9302260675411667 0.9302260675411667 0.9302260675411667 0.9302260675411667 0.9302260675411667 0.9302260675411667 0.9302260675411667 0.9302260675411667 0.9302260675411667 0.9302260675411667
17-25725937-G-C 0.9302260675411667 0.00010809642200837466 0.9302260675411667 0.9302260675411667 0.9302260675411667 0.9302260675411667 0.00010809642200837466 0.00010809642200837466 0.9302260675411667 0.00010809642200837466 0.9302260675411667 0.9302260675411667 0.9302260675411667 0.9302260675411667 0.9302260675411667 0.9302260675411667 0.9302260675411667 0.9302260675411667 0.9302260675411667 0.9302260675411667 0.9302260675411667 0.9302260675411667 0.9302260675411667 0.9302260675411667
8-42457786-A-G 0.00010809642200837466 0.00010809642200837466 0.00010809642200837466 0.00010809642200837466 0.00010809642200837466 0.00010809642200837466 0.00010809642200837466 0.9302260675411667 0.00010809642200837466 0.00010809642200837466 0.00010809642200837466 0.9302260675411667 0.00010809642200837466 0.00010809642200837466 0.00010809642200837466 0.00010809642200837466 0.00010809642200837466 0.00010809642200837466 0.00010809642200837466 0.00010809642200837466 0.00010809642200837466 0.00010809642200837466 0.9302260675411667 0.00010809642200837466
17-23824856-G-A 0.00010809642200837466 0.9302260675411667 0.9302260675411667 0.9302260675411667 0.9302260675411667 0.00010809642200837466 0.9302260675411667 0.9302260675411667 0.9302260675411667 0.9302260675411667 0.9302260675411667 0.9302260675411667 0.00010809642200837466 0.9302260675411667 0.00010809642200837466 0.9302260675411667 0.9302260675411667 0.9302260675411667 0.9302260675411667 0.9302260675411667 0.9302260675411667 0.9302260675411667 0.9302260675411667 0.9302260675411667
11-102846229-A-T 0.9302260675411667 0.00010809642200837466 0.9302260675411667 0.9302260675411667 0.9302260675411667 0.9302260675411667 0.00010809642200837466 0.9302260675411667 0.9302260675411667 0.9302260675411667 0.9302260675411667 0.9302260675411667 0.9302260675411667 0.9302260675411667 0.9302260675411667 0.9302260675411667 0.9302260675411667 0.9302260675411667 0.9302260675411667 0.9302260675411667 0.9302260675411667 0.9302260675411667 0.9302260675411667 0.9302260675411667
14-47250745-A-G 0.9302260675411667 0.9302260675411667 0.9302260675411667 0.9302260675411667 0.9302260675411667 0.9302260675411667 0.9302260675411667 0.9302260675411667 0.00010809642200837466 0.9302260675411667 0.00010809642200837466 0.9302260675411667 0.9302260675411667 0.9302260675411667 0.9302260675411667 0.9302260675411667 0.9302260675411667 0.9302260675411667 0.9302260675411667 0.9302260675411667 0.9302260675411667 0.9302260675411667 0.9302260675411667 0.9302260675411667
9-109217713-C-T 0.00010809642200837466 0.9302260675411667 0.9302260675411667 0.9302260675411667 0.9302260675411667 0.00010809642200837466 0.9302260675411667 0.9302260675411667 0.9302260675411667 0.9302260675411667 0.9302260675411667 0.9302260675411667 0.00010809642200837466 0.9302260675411667 0.9302260675411667 0.9302260675411667 0.9302260675411667 0.9302260675411667 0.9302260675411667 0.9302260675411667 0.9302260675411667 0.9302260675411667 0.9302260675411667 0.9302260675411667
6-55132820-G-A 0.9302260675411667 0.00010809642200837466 0.00010809642200837466 0.00010809642200837466 0.00010809642200837466 0.9302260675411667 0.00010809642200837466 0.00010809642200837466 0.00010809642200837466 0.00010809642200837466 0.00010809642200837466 0.00010809642200837466 0.9302260675411667 0.00010809642200837466 0.9302260675411667 0.00010809642200837466 0.00010809642200837466 0.00010809642200837466 0.00010809642200837466 0.00010809642200837466 0.00010809642200837466 0.00010809642200837466 0.00010809642200837466 0.00010809642200837466
12-37398748-T-G 0.9302260675411667 0.9302260675411667 0.9302260675411667 0.9302260675411667 0.9302260675411667 0.9302260675411667 0.9302260675411667 0.9302260675411667 0.00010809642200837466 0.9302260675411667 0.00010809642200837466 0.9302260675411667 0.9302260675411667 0.9302260675411667 0.9302260675411667 0.9302260675411667 0.9302260675411667 0.9302260675411667 0.9302260675411667 0.9302260675411667 0.9302260675411667 0.9302260675411667 0.9302260675411667 0.9302260675411667
19-56848926-C-G 0.00010809642200837466 0.00010809642200837466 0.00010809642200837466 0.00010809642200837466 0.00010809642200837466 0.00010809642200837466 0.00010809642200837466 0.00010809642200837466 0.00010809642200837466 0.00010809642200837466 0.00010809642200837466 0.00010809642200837466 0.00010809642200837466 0.00010809642200837466 0.00010809642200837466 0.00010809642200837466 0.00010809642200837466 0.9302260675411667 0.00010809642200837466 0.00010809642200837466 0.00010809642200837466 0.00010809642200837466 0.00010809642200837466 0.00010809642200837466
3-92789386-C-T 0.9302260675411667 0.9302260675411667 0.9302260675411667 0.9302260675411667 0.9302260675411667 0.9302260675411667 0.9302260675411667 0.9302260675411667 0.00010809642200837466 0.9302260675411667 0.00010809642200837466 0.9302260675411667 0.9302260675411667 0.9302260675411667 0.9302260675411667 0.9302260675411667 0.9302260675411667 0.9302260675411667 0.9302260675411667 0.9302260675411667 0.9302260675411667 0.9302260675411667 0.9302260675411667 0.9302260675411667
10-75553829-G-A 0.9302260675411667 0.9302260675411667 0.9302260675411667 0.9302260675411667 0.9302260675411667 0.9302260675411667 0.9302260675411667 0.9302260675411667 0.9302260675411667 0.9302260675411667 0.9302260675411667 0.9302260675411667 0.9302260675411667 0.00010809642200837466 0.9302260675411667 0.9302260675411667 0.9302260675411667 0.9302260675411667 0.9302260675411667 0.9302260675411667 0.9302260675411667 0.9302260675411667 0.9302260675411667 0.00010809642200837466
5-114341272-A-C 0.00010809642200837466 0.00010809642200837466 0.00010809642200837466 0.9302260675411667 0.00010809642200837466 0.00010809642200837466 0.00010809642200837466 0.00010809642200837466 0.00010809642200837466 0.00010809642200837466 0.00010809642200837466 0.9302260675411667 0.00010809642200837466 0.00010809642200837466 0.00010809642200837466 0.00010809642200837466 0.00010809642200837466 0.00010809642200837466 0.00010809642200837466 0.00010809642200837466 0.00010809642200837466 0.00010809642200837466 0.00010809642200837466 0.00010809642200837466
1-5602235-T-C 0.00010809642200837466 0.9302260675411667 0.9302260675411667 0.9302260675411667 0.9302260675411667 0.00010809642200837466 0.9302260675411667 0.9302260675411667 0.9302260675411667 0.9302260675411667 0.9302260675411667 0.9302260675411667 0.00010809642200837466 0.9302260675411667 0.9302260675411667 0.9302260675411667 0.9302260675411667 0.9302260675411667 0.9302260675411667 0.9302260675411667 0.9302260675411667 0.9302260675411667 0.9302260675411667 0.9302260675411667
2-172352894-C-T 0.9302260675411667 0.9302260675411667 0.9302260675411667 0.9302260675411667 0.9302260675411667 0.9302260675411667 0.9302260675411667 0.9302260675411667 0.00010809642200837466 0.9302260675411667 0.00010809642200837466 0.9302260675411667 0.9302260675411667 0.9302260675411667 0.9302260675411667 0.9302260675411667 0.9302260675411667 0.9302260675411667 0.9302260675411667 0.9302260675411667 0.9302260675411667 0.9302260675411667 0.9302260675411667 0.9302260675411667
2-147042275-T-C 0.9302260675411667 0.9302260675411667 0.9302260675411667 0.9302260675411667 0.9302260675411667 0.9302260675411667 0.9302260675411667 0.9302260675411667 0.9302260675411667 0.9302260675411667 0.9302260675411667 0.9302260675411667 0.9302260675411667 0.9302260675411667 0.9302260675411667 0.9302260675411667 0.9302260675411667 0.9302260675411667 0.00010809642200837466 0.9302260675411667 0.9302260675411667 0.00010809642200837466 0.9302260675411667 0.9302260675411667
18-35222039-A-G 0.9302260675411667 0.9302260675411667 0.9302260675411667 0.9302260675411667 0.9302260675411667 0.9302260675411667 0.9302260675411667 0.9302260675411667 0.00010809642200837466 0.9302260675411667 0.00010809642200837466 0.9302260675411667 0.9302260675411667 0.9302260675411667 0.9302260675411667 0.9302260675411667 0.9302260675411667 0.9302260675411667 0.9302260675411667 0.9302260675411667 0.9302260675411667 0.9302260675411667 0.9302260675411667 0.9302260675411667
8-71692914-C-T 0.9302260675411667 0.9302260675411667 0.9302260675411667 0.00010809642200837466 0.9302260675411667 0.9302260675411667 0.9302260675411667 0.9302260675411667 0.9302260675411667 0.9302260675411667 0.9302260675411667 0.9302260675411667 0.9302260675411667 0.9302260675411667 0.9302260675411667 0.9302260675411667 0.00010809642200837466 0.9302260675411667 0.9302260675411667 0.00010809642200837466 0.9302260675411667 0.9302260675411667 0.9302260675411667 0.9302260675411667
4-152407189-C-T 0.9302260675411667 0.00010809642200837466 0.9302260675411667 0.9302260675411667 0.00010809642200837466 0.9302260675411667 0.00010809642200837466 0.00010809642200837466 0.9302260675411667 0.00010809642200837466 0.9302260675411667 0.9302260675411667 0.9302260675411667 0.9302260675411667 0.9302260675411667 0.9302260675411667 0.9302260675411667 0.9302260675411667 0.9302260675411667 0.9302260675411667 0.9302260675411667 0.9302260675411667 0.9302260675411667 0.9302260675411667
9-53498860-T-C 0.9302260675411667 0.00010809642200837466 0.9302260675411667 0.9302260675411667 0.9302260675411667 0.9302260675411667 0.00010809642200837466 0.9302260675411667 0.9302260675411667 0.9302260675411667 0.9302260675411667 0.9302260675411667 0.9302260675411667 0.9302260675411667 0.9302260675411667 0.9302260675411667 0.9302260675411667 0.9302260675411667 0.9302260675411667 0.9302260675411667 0.9302260675411667 0.9302260675411667 0.9302260675411667 0.9302260675411667
5-147571392-C-T 0.00010809642200837466 0.9302260675411667 0.9302260675411667 0.9302260675411667 0.9302260675411667 0.00010809642200837466 0.9302260675411667 0.9302260675411667 0.9302260675411667 0.9302260675411667 0.9302260675411667 0.9302260675411667 0.00010809642200837466 0.9302260675411667 0.9302260675411667 0.9302260675411667 0.9302260675411667 0.9302260675411667 0.9302260675411667 0.9302260675411667 0.9302260675411667 0.9302260675411667 0.9302260675411667 0.9302260675411667
2-151668404-T-G 0.9302260675411667 0.00010809642200837466 0.9302260675411667 0.9302260675411667 0.9302260675411667 0.9302260675411667 0.00010809642200837466 0.00010809642200837466 0.9302260675411667 0.00010809642200837466 0.9302260675411667 0.9302260675411667 0.9302260675411667 0.9302260675411667 0.9302260675411667 0.9302260675411667 0.9302260675411667 0.9302260675411667 0.9302260675411667 0.9302260675411667 0.9302260675411667 0.9302260675411667 0.9302260675411667 0.9302260675411667
7-15556670-C-A 0.9302260675411667 0.9302260675411667 0.9302260675411667 0.9302260675411667 0.9302260675411667 0.9302260675411667 0.9302260675411667 0.9302260675411667 0.9302260675411667 0.9302260675411667 0.9302260675411667 0.00010809642200837466 0.9302260675411667 0.9302260675411667 0.9302260675411667 0.9302260675411667 0.9302260675411667 0.9302260675411667 0.9302260675411667 0.9302260675411667 0.00010809642200837466 0.9302260675411667 0.9302260675411667 0.9302260675411667
13-46687230-A-G 0.9302260675411667 0.00010809642200837466 0.9302260675411667 0.9302260675411667 0.9302260675411667 0.9302260675411667 0.00010809642200837466 0.9302260675411667 0.9302260675411667 0.9302260675411667 0.9302260675411667 0.9302260675411667 0.9302260675411667 0.9302260675411667 0.9302260675411667 0.9302260675411667 0.9302260675411667 0.9302260675411667 0.9302260675411667 0.9302260675411667 0.9302260675411667 0.9302260675411667 0.9302260675411667 0.9302260675411667
15-10574566-C-T 0.9302260675411667 0.00010809642200837466 0.9302260675411667 0.9302260675411667 0.9302260675411667 0.9302260675411667 0.00010809642200837466 0.9302260675411667 0.9302260675411667 0.9302260675411667 0.9302260675411667 0.9302260675411667 0.9302260675411667 0.9302260675411667 0.9302260675411667 0.9302260675411667 0.9302260675411667 0.9302260675411667 0.9302260675411667 0.9302260675411667 0.9302260675411667 0.9302260675411667 0.9302260675411667 0.9302260675411667
12-111428007-G-A 0.9302260675411667 0.9302260675411667 0.9302260675411667 0.9302260675411667 0.9302260675411667 0.9302260675411667 0.9302260675411667 0.9302260675411667 0.00010809642200837466 0.9302260675411667 0.00010809642200837466 0.9302260675411667 0.9302260675411667 0.9302260675411667 0.9302260675411667 0.9302260675411667 0.9302260675411667 0.9302260675411667 0.9302260675411667 0.9302260675411667 0.9302260675411667 0.9302260675411667 0.9302260675411667 0.9302260675411667
8-105259773-C-T 0.00010809642200837466 0.9302260675411667 0.9302260675411667 0.9302260675411667 0.9302260675411667 0.9302260675411667 0.9302260675411667 0.9302260675411667 0.9302260675411667 0.9302260675411667 0.9302260675411667 0.9302260675411667 0.00010809642200837466 0.9302260675411667 0.9302260675411667 0.9302260675411667 0.9302260675411667 0.9302260675411667 0.9302260675411667 0.9302260675411667 0.9302260675411667 0.9302260675411667 0.9302260675411667 0.9302260675411667
8-13773280-T-A 0.00010809642200837466 0.9302260675411667 0.9302260675411667 0.9302260675411667 0.9302260675411667 0.9302260675411667 0.9302260675411667 0.9302260675411667 0.9302260675411667 0.9302260675411667 0.9302260675411667 0.9302260675411667 0.00010809642200837466 0.9302260675411667 0.9302260675411667 0.9302260675411667 0.9302260675411667 0.9302260675411667 0.9302260675411667 0.9302260675411667 0.9302260675411667 0.9302260675411667 0.9302260675411667 0.9302260675411667
4-43570159-A-G 0.9302260675411667 0.00010809642200837466 0.9302260675411667 0.9302260675411667 0.9302260675411667 0.9302260675411667 0.00010809642200837466 0.9302260675411667 0.9302260675411667 0.9302260675411667 0.9302260675411667 0.9302260675411667 0.9302260675411667 0.9302260675411667 0.9302260675411667 0.9302260675411667 0.9302260675411667 0.9302260675411667 0.9302260675411667 0.9302260675411667 0.9302260675411667 0.9302260675411667 0.9302260675411667 0.9302260675411667
5-124791693-G-A 0.9302260675411667 0.00010809642200837466 0.9302260675411667 0.9302260675411667 0.00010809642200837466 0.9302260675411667 0.00010809642200837466 0.00010809642200837466 0.9302260675411667 0.00010809642200837466 0.9302260675411667 0.9302260675411667 0.9302260675411667 0.9302260675411667 0.9302260675411667 0.9302260675411667 0.9302260675411667 0.9302260675411667 0.9302260675411667 0.9302260675411667 0.9302260675411667 0.9302260675411667 0.9302260675411667 0.9302260675411667
15-82335537-G-A 0.9302260675411667 0.9302260675411667 0.9302260675411667 0.9302260675411667 0.9302260675411667 0.9302260675411667 0.9302260675411667 0.9302260675411667 0.00010809642200837466 0.9302260675411667 0.00010809642200837466 0.9302260675411667 0.9302260675411667 0.9302260675411667 0.9302260675411667 0.9302260675411667 0.9302260675411667 0.9302260675411667 0.9302260675411667 0.9302260675411667 0.9302260675411667 0.9302260675411667 0.9302260675411667 0.9302260675411667
6-54297945-T-C 0.9302260675411667 0.9302260675411667 0.9302260675411667 0.9302260675411667 0.9302260675411667 0.9302260675411667 0.9302260675411667 0.9302260675411667 0.00010809642200837466 0.9302260675411667 0.00010809642200837466 0.9302260675411667 0.9302260675411667 0.9302260675411667 0.9302260675411667 0.9302260675411667 0.9302260675411667 0.9302260675411667 0.9302260675411667 0.9302260675411667 0.9302260675411667 0.9302260675411667 0.9302260675411667 0.9302260675411667
12-112916391-G-C 0.00010809642200837466 0.9302260675411667 0.9302260675411667 0.9302260675411667 0.9302260675411667 0.9302260675411667 0.9302260675411667 0.9302260675411667 0.9302260675411667 0.9302260675411667 0.9302260675411667 0.9302260675411667 0.00010809642200837466 0.9302260675411667 0.9302260675411667 0.9302260675411667 0.9302260675411667 0.9302260675411667 0.9302260675411667 0.9302260675411667 0.9302260675411667 0.9302260675411667 0.9302260675411667 0.9302260675411667
3-94773078-A-T 0.9302260675411667 0.9302260675411667 0.9302260675411667 0.9302260675411667 0.9302260675411667 0.9302260675411667 0.9302260675411667 0.9302260675411667 0.00010809642200837466 0.9302260675411667 0.00010809642200837466 0.9302260675411667 0.9302260675411667 0.9302260675411667 0.9302260675411667 0.9302260675411667 0.9302260675411667 0.9302260675411667 0.9302260675411667 0.9302260675411667 0.9302260675411667 0.9302260675411667 0.9302260675411667 0.9302260675411667
3-134967080-T-G 0.9302260675411667 0.00010809642200837466 0.9302260675411667 0.00010809642200837466 0.00010809642200837466 0.9302260675411667 0.00010809642200837466 0.00010809642200837466 0.00010809642200837466 0.00010809642200837466 0.00010809642200837466 0.00010809642200837466 0.9302260675411667 0.9302260675411667 0.9302260675411667 0.00010809642200837466 0.00010809642200837466 0.00010809642200837466 0.9302260675411667 0.9302260675411667 0.00010809642200837466 0.00010809642200837466 0.9302260675411667 0.9302260675411667
14-23463036-A-C 0.00010809642200837466 0.00010809642200837466 0.00010809642200837466 0.00010809642200837466 0.00010809642200837466 0.00010809642200837466 0.00010809642200837466 0.00010809642200837466 0.00010809642200837466 0.00010809642200837466 0.00010809642200837466 0.00010809642200837466 0.00010809642200837466 0.00010809642200837466 0.00010809642200837466 0.00010809642200837466 0.00010809642200837466 0.9302260675411667 0.00010809642200837466 0.00010809642200837466 0.00010809642200837466 0.00010809642200837466 0.00010809642200837466 0.00010809642200837466
3-112302461-T-G 0.00010809642200837466 0.9302260675411667 0.9302260675411667 0.9302260675411667 0.9302260675411667 0.00010809642200837466 0.9302260675411667 0.9302260675411667 0.9302260675411667 0.9302260675411667 0.9302260675411667 0.9302260675411667 0.00010809642200837466 0.9302260675411667 0.00010809642200837466 0.9302260675411667 0.9302260675411667 0.9302260675411667 0.9302260675411667 0.9302260675411667 0.9302260675411667 0.9302260675411667 0.00010809642200837466 0.9302260675411667
2-173920423-C-A 0.9302260675411667 0.9302260675411667 0.9302260675411667 0.9302260675411667 0.9302260675411667 0.9302260675411667 0.00010809642200837466 0.9302260675411667 0.9302260675411667 0.9302260675411667 0.9302260675411667 0.9302260675411667 0.9302260675411667 0.9302260675411667 0.9302260675411667 0.00010809642200837466 0.9302260675411667 0.9302260675411667 0.9302260675411667 0.9302260675411667 0.9302260675411667 0.9302260675411667 0.9302260675411667 0.9302260675411667
3-64596770-T-G 0.9302260675411667 0.9302260675411667 0.9302260675411667 0.9302260675411667 0.9302260675411667 0.9302260675411667 0.9302260675411667 0.9302260675411667 0.9302260675411667 0.9302260675411667 0.9302260675411667 0.9302260675411667 0.9302260675411667 0.00010809642200837466 0.9302260675411667 0.9302260675411667 0.9302260675411667 0.9302260675411667 0.9302260675411667 0.9302260675411667 0.9302260675411667 0.9302260675411667 0.9302260675411667 0.00010809642200837466
11-70220818-T-C 0.9302260675411667 0.9302260675411667 0.9302260675411667 0.9302260675411667 0.9302260675411667 0.9302260675411667 0.9302260675411667 0.9302260675411667 0.9302260675411667 0.9302260675411667 0.9302260675411667 0.9302260675411667 0.9302260675411667 0.00010809642200837466 0.9302260675411667 0.9302260675411667 0.9302260675411667 0.9302260675411667 0.9302260675411667 0.9302260675411667 0.9302260675411667 0.9302260675411667 0.9302260675411667 0.00010809642200837466
8-105234378-A-G 0.9302260675411667 0.9302260675411667 0.9302260675411667 0.9302260675411667 0.9302260675411667 0.9302260675411667 0.9302260675411667 0.9302260675411667 0.9302260675411667 0.9302260675411667 0.9302260675411667 0.00010809642200837466 0.9302260675411667 0.9302260675411667 0.9302260675411667 0.9302260675411667 0.9302260675411667 0.9302260675411667 0.9302260675411667 0.9302260675411667 0.00010809642200837466 0.9302260675411667 0.9302260675411667 0.9302260675411667
9-7159013-A-G 0.9302260675411667 0.9302260675411667 0.9302260675411667 0.00010809642200837466 0.9302260675411667 0.9302260675411667 0.9302260675411667 0.9302260675411667 0.9302260675411667 0.9302260675411667 0.9302260675411667 0.9302260675411667 0.9302260675411667 0.9302260675411667 0.9302260675411667 0.9302260675411667 0.00010809642200837466 0.9302260675411667 0.9302260675411667 0.00010809642200837466 0.9302260675411667 0.9302260675411667 0.9302260675411667 0.9302260675411667
1-172172754-A-T 0.9302260675411667 0.9302260675411667 0.9302260675411667 0.9302260675411667 0.9302260675411667 0.9302260675411667 0.9302260675411667 0.9302260675411667 0.9302260675411667 0.9302260675411667 0.9302260675411667 0.00010809642200837466 0.9302260675411667 0.9302260675411667 0.9302260675411667 0.9302260675411667 0.9302260675411667 0.9302260675411667 0.9302260675411667 0.9302260675411667 0.00010809642200837466 0.9302260675411667 0.9302260675411667 0.9302260675411667
5-124887479-G-T 0.9302260675411667 0.9302260675411667 0.9302260675411667 0.9302260675411667 0.9302260675411667 0.9302260675411667 0.9302260675411667 0.9302260675411667 0.9302260675411667 0.9302260675411667 0.9302260675411667 0.9302260675411667 0.9302260675411667 0.00010809642200837466 0.9302260675411667 0.9302260675411667 0.9302260675411667 0.9302260675411667 0.9302260675411667 0.9302260675411667 0.9302260675411667 0.9302260675411667 0.9302260675411667 0.00010809642200837466
11-102846229-A-T 0.9302260675411667 0.00010809642200837466 0.9302260675411667 0.9302260675411667 0.9302260675411667 0.9302260675411667 0.00010809642200837466 0.9302260675411667 0.9302260675411667 0.9302260675411667 0.9302260675411667 0.9302260675411667 0.9302260675411667 0.9302260675411667 0.9302260675411667 0.9302260675411667 0.9302260675411667 0.9302260675411667 0.9302260675411667 0.9302260675411667 0.9302260675411667 0.9302260675411667 0.9302260675411667 0.9302260675411667
3-145600438-A-T 0.9302260675411667 0.00010809642200837466 0.9302260675411667 0.9302260675411667 0.9302260675411667 0.9302260675411667 0.00010809642200837466 0.9302260675411667 0.9302260675411667 0.9302260675411667 0.9302260675411667 0.9302260675411667 0.9302260675411667 0.9302260675411667 0.9302260675411667 0.9302260675411667 0.9302260675411667 0.9302260675411667 0.9302260675411667 0.9302260675411667 0.9302260675411667 0.9302260675411667 0.9302260675411667 0.9302260675411667
7-141611575-T-A 0.9302260675411667 0.9302260675411667 0.9302260675411667 0.9302260675411667 0.9302260675411667 0.9302260675411667 0.9302260675411667 0.9302260675411667 0.00010809642200837466 0.9302260675411667 0.00010809642200837466 0.9302260675411667 0.9302260675411667 0.9302260675411667 0.9302260675411667 0.9302260675411667 0.9302260675411667 0.9302260675411667 0.9302260675411667 0.9302260675411667 0.9302260675411667 0.9302260675411667 0.9302260675411667 0.9302260675411667
2-127535557-T-A 0.9302260675411667 0.9302260675411667 0.9302260675411667 0.9302260675411667 0.9302260675411667 0.9302260675411667 0.9302260675411667 0.9302260675411667 0.00010809642200837466 0.9302260675411667 0.00010809642200837466 0.9302260675411667 0.9302260675411667 0.9302260675411667 0.9302260675411667 0.9302260675411667 0.9302260675411667 0.9302260675411667 0.9302260675411667 0.9302260675411667 0.9302260675411667 0.9302260675411667 0.9302260675411667 0.9302260675411667
15-101892250-G-C 0.9302260675411667 0.00010809642200837466 0.00010809642200837466 0.00010809642200837466 0.00010809642200837466 0.9302260675411667 0.00010809642200837466 0.00010809642200837466 0.00010809642200837466 0.9302260675411667 0.00010809642200837466 0.00010809642200837466 0.9302260675411667 0.9302260675411667 0.9302260675411667 0.9302260675411667 0.00010809642200837466 0.9302260675411667 0.9302260675411667 0.00010809642200837466 0.00010809642200837466 0.9302260675411667 0.9302260675411667 0.9302260675411667
9-104046364-G-C 0.00010809642200837466 0.00010809642200837466 0.00010809642200837466 0.9302260675411667 0.00010809642200837466 0.00010809642200837466 0.00010809642200837466 0.00010809642200837466 0.00010809642200837466 0.00010809642200837466 0.00010809642200837466 0.00010809642200837466 0.00010809642200837466 0.00010809642200837466 0.00010809642200837466 0.00010809642200837466 0.00010809642200837466 0.00010809642200837466 0.00010809642200837466 0.00010809642200837466 0.00010809642200837466 0.00010809642200837466 0.9302260675411667 0.00010809642200837466
4-115239327-G-C 0.9302260675411667 0.9302260675411667 0.9302260675411667 0.9302260675411667 0.9302260675411667 0.9302260675411667 0.9302260675411667 0.9302260675411667 0.00010809642200837466 0.9302260675411667 0.00010809642200837466 0.9302260675411667 0.9302260675411667 0.9302260675411667 0.9302260675411667 0.9302260675411667 0.9302260675411667 0.9302260675411667 0.9302260675411667 0.9302260675411667 0.9302260675411667 0.9302260675411667 0.9302260675411667 0.9302260675411667
8-21316452-A-C 0.00010809642200837466 0.9302260675411667 0.9302260675411667 0.9302260675411667 0.9302260675411667 0.00010809642200837466 0.9302260675411667 0.9302260675411667 0.00010809642200837466 0.9302260675411667 0.00010809642200837466 0.9302260675411667 0.00010809642200837466 0.9302260675411667 0.00010809642200837466 0.9302260675411667 0.9302260675411667 0.9302260675411667 0.9302260675411667 0.9302260675411667 0.9302260675411667 0.9302260675411667 0.00010809642200837466 0.9302260675411667
16-17081718-T-G 0.9302260675411667 0.00010809642200837466 0.9302260675411667 0.9302260675411667 0.9302260675411667 0.9302260675411667 0.00010809642200837466 0.9302260675411667 0.9302260675411667 0.9302260675411667 0.9302260675411667 0.9302260675411667 0.9302260675411667 0.9302260675411667 0.9302260675411667 0.9302260675411667 0.9302260675411667 0.9302260675411667 0.9302260675411667 0.9302260675411667 0.9302260675411667 0.9302260675411667 0.9302260675411667 0.9302260675411667
8-3877073-A-C 0.00010809642200837466 0.9302260675411667 0.9302260675411667 0.9302260675411667 0.9302260675411667 0.00010809642200837466 0.9302260675411667 0.9302260675411667 0.00010809642200837466 0.9302260675411667 0.00010809642200837466 0.9302260675411667 0.00010809642200837466 0.9302260675411667 0.00010809642200837466 0.9302260675411667 0.9302260675411667 0.00010809642200837466 0.9302260675411667 0.9302260675411667 0.9302260675411667 0.9302260675411667 0.00010809642200837466 0.9302260675411667
16-10237193-A-T 0.9302260675411667 0.9302260675411667 0.9302260675411667 0.9302260675411667 0.9302260675411667 0.9302260675411667 0.9302260675411667 0.9302260675411667 0.00010809642200837466 0.9302260675411667 0.00010809642200837466 0.9302260675411667 0.9302260675411667 0.9302260675411667 0.9302260675411667 0.9302260675411667 0.9302260675411667 0.9302260675411667 0.9302260675411667 0.9302260675411667 0.9302260675411667 0.9302260675411667 0.9302260675411667 0.9302260675411667
19-10722165-C-G 0.00010809642200837466 0.9302260675411667 0.9302260675411667 0.9302260675411667 0.9302260675411667 0.00010809642200837466 0.9302260675411667 0.9302260675411667 0.9302260675411667 0.9302260675411667 0.9302260675411667 0.9302260675411667 0.00010809642200837466 0.9302260675411667 0.9302260675411667 0.9302260675411667 0.9302260675411667 0.9302260675411667 0.9302260675411667 0.9302260675411667 0.9302260675411667 0.9302260675411667 0.9302260675411667 0.9302260675411667
2-163204638-G-C 0.9302260675411667 0.9302260675411667 0.9302260675411667 0.9302260675411667 0.9302260675411667 0.9302260675411667 0.9302260675411667 0.9302260675411667 0.00010809642200837466 0.9302260675411667 0.00010809642200837466 0.9302260675411667 0.9302260675411667 0.9302260675411667 0.9302260675411667 0.9302260675411667 0.9302260675411667 0.9302260675411667 0.9302260675411667 0.9302260675411667 0.9302260675411667 0.9302260675411667 0.9302260675411667 0.9302260675411667
5-21756942-T-G 0.9302260675411667 0.9302260675411667 0.9302260675411667 0.9302260675411667 0.9302260675411667 0.9302260675411667 0.9302260675411667 0.9302260675411667 0.00010809642200837466 0.9302260675411667 0.00010809642200837466 0.9302260675411667 0.9302260675411667 0.9302260675411667 0.9302260675411667 0.9302260675411667 0.9302260675411667 0.9302260675411667 0.9302260675411667 0.9302260675411667 0.9302260675411667 0.9302260675411667 0.9302260675411667 0.9302260675411667
5-107497711-T-A 0.00010809642200837466 0.00010809642200837466 0.00010809642200837466 0.00010809642200837466 0.00010809642200837466 0.00010809642200837466 0.00010809642200837466 0.00010809642200837466 0.00010809642200837466 0.00010809642200837466 0.00010809642200837466 0.00010809642200837466 0.00010809642200837466 0.00010809642200837466 0.00010809642200837466 0.00010809642200837466 0.00010809642200837466 0.00010809642200837466 0.00010809642200837466 0.00010809642200837466 0.00010809642200837466 0.9302260675411667 0.00010809642200837466 0.9302260675411667
8-25159608-C-T 0.00010809642200837466 0.9302260675411667 0.9302260675411667 0.9302260675411667 0.9302260675411667 0.00010809642200837466 0.9302260675411667 0.9302260675411667 0.9302260675411667 0.9302260675411667 0.9302260675411667 0.9302260675411667 0.00010809642200837466 0.9302260675411667 0.00010809642200837466 0.9302260675411667 0.9302260675411667 0.9302260675411667 0.9302260675411667 0.9302260675411667 0.9302260675411667 0.9302260675411667 0.00010809642200837466 0.9302260675411667
16-17652201-C-T 0.9302260675411667 0.00010809642200837466 0.9302260675411667 0.9302260675411667 0.9302260675411667 0.9302260675411667 0.00010809642200837466 0.00010809642200837466 0.9302260675411667 0.00010809642200837466 0.9302260675411667 0.9302260675411667 0.9302260675411667 0.9302260675411667 0.9302260675411667 0.9302260675411667 0.9302260675411667 0.9302260675411667 0.9302260675411667 0.9302260675411667 0.9302260675411667 0.9302260675411667 0.9302260675411667 0.9302260675411667
15-77231520-A-T 0.9302260675411667 0.9302260675411667 0.9302260675411667 0.9302260675411667 0.9302260675411667 0.9302260675411667 0.9302260675411667 0.9302260675411667 0.00010809642200837466 0.9302260675411667 0.00010809642200837466 0.9302260675411667 0.9302260675411667 0.9302260675411667 0.9302260675411667 0.9302260675411667 0.9302260675411667 0.9302260675411667 0.9302260675411667 0.9302260675411667 0.9302260675411667 0.9302260675411667 0.9302260675411667 0.9302260675411667
3-84690712-T-G 0.9302260675411667 0.00010809642200837466 0.9302260675411667 0.9302260675411667 0.9302260675411667 0.9302260675411667 0.00010809642200837466 0.9302260675411667 0.9302260675411667 0.9302260675411667 0.9302260675411667 0.9302260675411667 0.9302260675411667 0.9302260675411667 0.9302260675411667 0.9302260675411667 0.9302260675411667 0.9302260675411667 0.9302260675411667 0.9302260675411667 0.9302260675411667 0.9302260675411667 0.9302260675411667 0.9302260675411667
7-13440153-G-T 0.9302260675411667 0.9302260675411667 0.9302260675411667 0.9302260675411667 0.9302260675411667 0.9302260675411667 0.9302260675411667 0.9302260675411667 0.9302260675411667 0.9302260675411667 0.9302260675411667 0.9302260675411667 0.9302260675411667 0.00010809642200837466 0.9302260675411667 0.9302260675411667 0.9302260675411667 0.9302260675411667 0.9302260675411667 0.9302260675411667 0.9302260675411667 0.9302260675411667 0.9302260675411667 0.00010809642200837466
8-85261365-A-G 0.9302260675411667 0.9302260675411667 0.9302260675411667 0.9302260675411667 0.9302260675411667 0.9302260675411667 0.9302260675411667 0.9302260675411667 0.00010809642200837466 0.9302260675411667 0.00010809642200837466 0.9302260675411667 0.9302260675411667 0.9302260675411667 0.9302260675411667 0.9302260675411667 0.9302260675411667 0.9302260675411667 0.9302260675411667 0.9302260675411667 0.9302260675411667 0.9302260675411667 0.9302260675411667 0.9302260675411667
7-17211606-T-A 0.9302260675411667 0.00010809642200837466 0.9302260675411667 0.9302260675411667 0.00010809642200837466 0.9302260675411667 0.00010809642200837466 0.00010809642200837466 0.9302260675411667 0.00010809642200837466 0.9302260675411667 0.9302260675411667 0.9302260675411667 0.9302260675411667 0.9302260675411667 0.9302260675411667 0.9302260675411667 0.9302260675411667 0.9302260675411667 0.9302260675411667 0.9302260675411667 0.9302260675411667 0.9302260675411667 0.9302260675411667
5-78474099-A-G 0.00010809642200837466 0.00010809642200837466 0.00010809642200837466 0.00010809642200837466 0.00010809642200837466 0.00010809642200837466 0.00010809642200837466 0.00010809642200837466 0.00010809642200837466 0.00010809642200837466 0.00010809642200837466 0.9302260675411667 0.00010809642200837466 0.00010809642200837466 0.00010809642200837466 0.00010809642200837466 0.00010809642200837466 0.00010809642200837466 0.00010809642200837466 0.00010809642200837466 0.00010809642200837466 0.00010809642200837466 0.00010809642200837466 0.00010809642200837466
8-11635064-C-G 0.00010809642200837466 0.9302260675411667 0.9302260675411667 0.9302260675411667 0.9302260675411667 0.9302260675411667 0.9302260675411667 0.9302260675411667 0.9302260675411667 0.9302260675411667 0.9302260675411667 0.9302260675411667 0.00010809642200837466 0.9302260675411667 0.9302260675411667 0.9302260675411667 0.9302260675411667 0.9302260675411667 0.9302260675411667 0.9302260675411667 0.9302260675411667 0.9302260675411667 0.9302260675411667 0.9302260675411667
16-7224225-T-A 0.00010809642200837466 0.9302260675411667 0.9302260675411667 0.9302260675411667 0.9302260675411667 0.9302260675411667 0.9302260675411667 0.9302260675411667 0.9302260675411667 0.9302260675411667 0.9302260675411667 0.9302260675411667 0.00010809642200837466 0.9302260675411667 0.9302260675411667 0.9302260675411667 0.9302260675411667 0.9302260675411667 0.9302260675411667 0.9302260675411667 0.9302260675411667 0.9302260675411667 0.9302260675411667 0.9302260675411667
4-57225727-T-C 0.9302260675411667 0.9302260675411667 0.00010809642200837466 0.9302260675411667 0.9302260675411667 0.9302260675411667 0.00010809642200837466 0.9302260675411667 0.9302260675411667 0.9302260675411667 0.9302260675411667 0.00010809642200837466 0.9302260675411667 0.9302260675411667 0.9302260675411667 0.00010809642200837466 0.9302260675411667 0.9302260675411667 0.00010809642200837466 0.9302260675411667 0.00010809642200837466 0.00010809642200837466 0.9302260675411667 0.9302260675411667
17-32674342-A-G 0.9302260675411667 0.9302260675411667 0.9302260675411667 0.9302260675411667 0.9302260675411667 0.9302260675411667 0.9302260675411667 0.9302260675411667 0.00010809642200837466 0.9302260675411667 0.00010809642200837466 0.9302260675411667 0.9302260675411667 0.9302260675411667 0.9302260675411667 0.9302260675411667 0.9302260675411667 0.9302260675411667 0.9302260675411667 0.9302260675411667 0.9302260675411667 0.9302260675411667 0.9302260675411667 0.9302260675411667
4-11400230-A-C 0.9302260675411667 0.9302260675411667 0.9302260675411667 0.9302260675411667 0.9302260675411667 0.9302260675411667 0.9302260675411667 0.9302260675411667 0.9302260675411667 0.9302260675411667 0.9302260675411667 0.00010809642200837466 0.9302260675411667 0.9302260675411667 0.9302260675411667 0.9302260675411667 0.9302260675411667 0.9302260675411667 0.9302260675411667 0.9302260675411667 0.00010809642200837466 0.9302260675411667 0.9302260675411667 0.9302260675411667
8-92889276-A-T 0.9302260675411667 0.9302260675411667 0.9302260675411667 0.9302260675411667 0.9302260675411667 0.9302260675411667 0.9302260675411667 0.9302260675411667 0.9302260675411667 0.9302260675411667 0.9302260675411667 0.00010809642200837466 0.9302260675411667 0.9302260675411667 0.9302260675411667 0.9302260675411667 0.9302260675411667 0.9302260675411667 0.9302260675411667 0.9302260675411667 0.00010809642200837466 0.9302260675411667 0.9302260675411667 0.9302260675411667
8-72757323-C-G 0.00010809642200837466 0.9302260675411667 0.9302260675411667 0.9302260675411667 0.9302260675411667 0.9302260675411667 0.9302260675411667 0.9302260675411667 0.9302260675411667 0.9302260675411667 0.9302260675411667 0.9302260675411667 0.00010809642200837466 0.9302260675411667 0.9302260675411667 0.9302260675411667 0.9302260675411667 0.9302260675411667 0.9302260675411667 0.9302260675411667 0.9302260675411667 0.9302260675411667 0.9302260675411667 0.9302260675411667
7-122290640-C-G 0.9302260675411667 0.9302260675411667 0.9302260675411667 0.9302260675411667 0.9302260675411667 0.9302260675411667 0.9302260675411667 0.9302260675411667 0.00010809642200837466 0.9302260675411667 0.00010809642200837466 0.9302260675411667 0.9302260675411667 0.9302260675411667 0.9302260675411667 0.9302260675411667 0.9302260675411667 0.9302260675411667 0.9302260675411667 0.9302260675411667 0.9302260675411667 0.9302260675411667 0.9302260675411667 0.9302260675411667
16-5026566-A-G 0.9302260675411667 0.9302260675411667 0.9302260675411667 0.9302260675411667 0.9302260675411667 0.9302260675411667 0.9302260675411667 0.9302260675411667 0.00010809642200837466 0.9302260675411667 0.00010809642200837466 0.9302260675411667 0.9302260675411667 0.9302260675411667 0.9302260675411667 0.9302260675411667 0.9302260675411667 0.9302260675411667 0.9302260675411667 0.9302260675411667 0.9302260675411667 0.9302260675411667 0.9302260675411667 0.9302260675411667
14-51523317-T-C 0.9302260675411667 0.9302260675411667 0.9302260675411667 0.00010809642200837466 0.9302260675411667 0.9302260675411667 0.9302260675411667 0.9302260675411667 0.9302260675411667 0.9302260675411667 0.9302260675411667 0.9302260675411667 0.9302260675411667 0.00010809642200837466 0.9302260675411667 0.9302260675411667 0.00010809642200837466 0.9302260675411667 0.9302260675411667 0.00010809642200837466 0.9302260675411667 0.9302260675411667 0.9302260675411667 0.00010809642200837466
2-181995507-T-C 0.00010809642200837466 0.00010809642200837466 0.00010809642200837466 0.00010809642200837466 0.00010809642200837466 0.00010809642200837466 0.00010809642200837466 0.00010809642200837466 0.00010809642200837466 0.00010809642200837466 0.00010809642200837466 0.9302260675411667 0.00010809642200837466 0.00010809642200837466 0.00010809642200837466 0.00010809642200837466 0.00010809642200837466 0.00010809642200837466 0.00010809642200837466 0.00010809642200837466 0.00010809642200837466 0.00010809642200837466 0.00010809642200837466 0.00010809642200837466
14-20727957-G-C 0.00010809642200837466 0.9302260675411667 0.9302260675411667 0.9302260675411667 0.9302260675411667 0.9302260675411667 0.9302260675411667 0.9302260675411667 0.9302260675411667 0.9302260675411667 0.9302260675411667 0.9302260675411667 0.00010809642200837466 0.9302260675411667 0.9302260675411667 0.9302260675411667 0.9302260675411667 0.9302260675411667 0.9302260675411667 0.9302260675411667 0.9302260675411667 0.9302260675411667 0.9302260675411667 0.9302260675411667
11-84152783-T-C 0.9302260675411667 0.9302260675411667 0.9302260675411667 0.9302260675411667 0.9302260675411667 0.9302260675411667 0.9302260675411667 0.9302260675411667 0.9302260675411667 0.9302260675411667 0.9302260675411667 0.00010809642200837466 0.9302260675411667 0.9302260675411667 0.9302260675411667 0.9302260675411667 0.9302260675411667 0.9302260675411667 0.9302260675411667 0.9302260675411667 0.00010809642200837466 0.9302260675411667 0.9302260675411667 0.9302260675411667
4-115239327-G-C 0.9302260675411667 0.9302260675411667 0.9302260675411667 0.9302260675411667 0.9302260675411667 0.9302260675411667 0.9302260675411667 0.9302260675411667 0.00010809642200837466 0.9302260675411667 0.00010809642200837466 0.9302260675411667 0.9302260675411667 0.9302260675411667 0.9302260675411667 0.9302260675411667 0.9302260675411667 0.9302260675411667 0.9302260675411667 0.9302260675411667 0.9302260675411667 0.9302260675411667 0.9302260675411667 0.9302260675411667
4-40176465-A-G 0.9302260675411667 0.9302260675411667 0.9302260675411667 0.9302260675411667 0.9302260675411667 0.9302260675411667 0.9302260675411667 0.9302260675411667 0.00010809642200837466 0.9302260675411667 0.00010809642200837466 0.9302260675411667 0.9302260675411667 0.9302260675411667 0.9302260675411667 0.9302260675411667 0.9302260675411667 0.9302260675411667 0.9302260675411667 0.9302260675411667 0.9302260675411667 0.9302260675411667 0.9302260675411667 0.9302260675411667
13-46681174-A-C 0.9302260675411667 0.00010809642200837466 0.9302260675411667 0.9302260675411667 0.9302260675411667 0.9302260675411667 0.00010809642200837466 0.9302260675411667 0.9302260675411667 0.9302260675411667 0.9302260675411667 0.9302260675411667 0.9302260675411667 0.9302260675411667 0.9302260675411667 0.9302260675411667 0.9302260675411667 0.9302260675411667 0.9302260675411667 0.9302260675411667 0.9302260675411667 0.9302260675411667 0.9302260675411667 0.9302260675411667
11-121651751-A-G 0.00010809642200837466 0.00010809642200837466 0.00010809642200837466 0.00010809642200837466 0.00010809642200837466 0.00010809642200837466 0.00010809642200837466 0.9302260675411667 0.00010809642200837466 0.00010809642200837466 0.00010809642200837466 0.00010809642200837466 0.00010809642200837466 0.00010809642200837466 0.00010809642200837466 0.00010809642200837466 0.00010809642200837466 0.00010809642200837466 0.00010809642200837466 0.00010809642200837466 0.00010809642200837466 0.00010809642200837466 0.00010809642200837466 0.00010809642200837466
7-103442776-A-C 0.9302260675411667 0.00010809642200837466 0.9302260675411667 0.9302260675411667 0.9302260675411667 0.9302260675411667 0.00010809642200837466 0.9302260675411667 0.9302260675411667 0.9302260675411667 0.9302260675411667 0.9302260675411667 0.9302260675411667 0.9302260675411667 0.9302260675411667 0.9302260675411667 0.9302260675411667 0.9302260675411667 0.9302260675411667 0.9302260675411667 0.9302260675411667 0.9302260675411667 0.9302260675411667 0.9302260675411667
15-8651084-A-T 0.9302260675411667 0.00010809642200837466 0.9302260675411667 0.00010809642200837466 0.00010809642200837466 0.9302260675411667 0.00010809642200837466 0.00010809642200837466 0.00010809642200837466 0.00010809642200837466 0.00010809642200837466 0.00010809642200837466 0.9302260675411667 0.9302260675411667 0.9302260675411667 0.9302260675411667 0.00010809642200837466 0.9302260675411667 0.9302260675411667 0.00010809642200837466 0.00010809642200837466 0.9302260675411667 0.9302260675411667 0.9302260675411667
5-141962527-T-C 0.9302260675411667 0.9302260675411667 0.9302260675411667 0.9302260675411667 0.9302260675411667 0.9302260675411667 0.9302260675411667 0.9302260675411667 0.9302260675411667 0.9302260675411667 0.9302260675411667 0.00010809642200837466 0.9302260675411667 0.9302260675411667 0.9302260675411667 0.9302260675411667 0.9302260675411667 0.9302260675411667 0.9302260675411667 0.9302260675411667 0.00010809642200837466 0.9302260675411667 0.9302260675411667 0.9302260675411667
6-64533592-A-G 0.9302260675411667 0.9302260675411667 0.9302260675411667 0.9302260675411667 0.9302260675411667 0.9302260675411667 0.9302260675411667 0.9302260675411667 0.00010809642200837466 0.9302260675411667 0.00010809642200837466 0.9302260675411667 0.9302260675411667 0.9302260675411667 0.9302260675411667 0.9302260675411667 0.9302260675411667 0.9302260675411667 0.9302260675411667 0.9302260675411667 0.9302260675411667 0.9302260675411667 0.9302260675411667 0.9302260675411667
6-70331272-A-G 0.9302260675411667 0.9302260675411667 0.9302260675411667 0.00010809642200837466 0.9302260675411667 0.9302260675411667 0.9302260675411667 0.9302260675411667 0.9302260675411667 0.9302260675411667 0.9302260675411667 0.9302260675411667 0.9302260675411667 0.9302260675411667 0.9302260675411667 0.9302260675411667 0.00010809642200837466 0.9302260675411667 0.9302260675411667 0.00010809642200837466 0.9302260675411667 0.9302260675411667 0.9302260675411667 0.9302260675411667
1-150461958-T-A 0.00010809642200837466 0.9302260675411667 0.9302260675411667 0.9302260675411667 0.9302260675411667 0.00010809642200837466 0.9302260675411667 0.9302260675411667 0.00010809642200837466 0.9302260675411667 0.00010809642200837466 0.9302260675411667 0.00010809642200837466 0.9302260675411667 0.00010809642200837466 0.9302260675411667 0.9302260675411667 0.00010809642200837466 0.9302260675411667 0.9302260675411667 0.9302260675411667 0.9302260675411667 0.00010809642200837466 0.9302260675411667
11-36024605-T-C 0.9302260675411667 0.9302260675411667 0.9302260675411667 0.9302260675411667 0.9302260675411667 0.9302260675411667 0.9302260675411667 0.9302260675411667 0.9302260675411667 0.9302260675411667 0.9302260675411667 0.00010809642200837466 0.9302260675411667 0.9302260675411667 0.9302260675411667 0.9302260675411667 0.9302260675411667 0.9302260675411667 0.9302260675411667 0.9302260675411667 0.00010809642200837466 0.9302260675411667 0.9302260675411667 0.9302260675411667
19-38070926-T-G 0.9302260675411667 0.9302260675411667 0.9302260675411667 0.9302260675411667 0.9302260675411667 0.9302260675411667 0.9302260675411667 0.9302260675411667 0.9302260675411667 0.9302260675411667 0.9302260675411667 0.00010809642200837466 0.9302260675411667 0.9302260675411667 0.9302260675411667 0.9302260675411667 0.9302260675411667 0.9302260675411667 0.9302260675411667 0.9302260675411667 0.00010809642200837466 0.9302260675411667 0.9302260675411667 0.9302260675411667
13-78287060-T-C 0.9302260675411667 0.9302260675411667 0.9302260675411667 0.9302260675411667 0.9302260675411667 0.9302260675411667 0.9302260675411667 0.9302260675411667 0.9302260675411667 0.9302260675411667 0.9302260675411667 0.00010809642200837466 0.9302260675411667 0.9302260675411667 0.9302260675411667 0.9302260675411667 0.9302260675411667 0.9302260675411667 0.9302260675411667 0.9302260675411667 0.00010809642200837466 0.9302260675411667 0.9302260675411667 0.9302260675411667
10-130390858-G-A 0.00010809642200837466 0.00010809642200837466 0.00010809642200837466 0.00010809642200837466 0.00010809642200837466 0.00010809642200837466 0.00010809642200837466 0.00010809642200837466 0.00010809642200837466 0.00010809642200837466 0.00010809642200837466 0.00010809642200837466 0.00010809642200837466 0.00010809642200837466 0.00010809642200837466 0.00010809642200837466 0.00010809642200837466 0.9302260675411667 0.00010809642200837466 0.00010809642200837466 0.00010809642200837466 0.00010809642200837466 0.00010809642200837466 0.00010809642200837466
7-108824929-T-A 0.9302260675411667 0.9302260675411667 0.9302260675411667 0.9302260675411667 0.9302260675411667 0.9302260675411667 0.00010809642200837466 0.9302260675411667 0.9302260675411667 0.9302260675411667 0.9302260675411667 0.9302260675411667 0.9302260675411667 0.9302260675411667 0.9302260675411667 0.00010809642200837466 0.9302260675411667 0.9302260675411667 0.9302260675411667 0.9302260675411667 0.9302260675411667 0.9302260675411667 0.9302260675411667 0.9302260675411667
13-3353117-A-G 0.9302260675411667 0.9302260675411667 0.9302260675411667 0.9302260675411667 0.9302260675411667 0.9302260675411667 0.9302260675411667 0.9302260675411667 0.9302260675411667 0.9302260675411667 0.9302260675411667 0.00010809642200837466 0.9302260675411667 0.9302260675411667 0.9302260675411667 0.9302260675411667 0.9302260675411667 0.9302260675411667 0.9302260675411667 0.9302260675411667 0.00010809642200837466 0.9302260675411667 0.9302260675411667 0.9302260675411667
16-62928255-A-G 0.9302260675411667 0.9302260675411667 0.9302260675411667 0.9302260675411667 0.9302260675411667 0.9302260675411667 0.9302260675411667 0.9302260675411667 0.9302260675411667 0.9302260675411667 0.9302260675411667 0.00010809642200837466 0.9302260675411667 0.9302260675411667 0.9302260675411667 0.9302260675411667 0.9302260675411667 0.9302260675411667 0.00010809642200837466 0.9302260675411667 0.9302260675411667 0.00010809642200837466 0.9302260675411667 0.9302260675411667
6-113676655-G-A 0.00010809642200837466 0.9302260675411667 0.9302260675411667 0.9302260675411667 0.9302260675411667 0.00010809642200837466 0.9302260675411667 0.9302260675411667 0.9302260675411667 0.9302260675411667 0.9302260675411667 0.9302260675411667 0.00010809642200837466 0.9302260675411667 0.9302260675411667 0.9302260675411667 0.9302260675411667 0.9302260675411667 0.9302260675411667 0.9302260675411667 0.9302260675411667 0.9302260675411667 0.9302260675411667 0.9302260675411667
2-129123332-G-A 0.00010809642200837466 0.00010809642200837466 0.00010809642200837466 0.00010809642200837466 0.00010809642200837466 0.00010809642200837466 0.00010809642200837466 0.00010809642200837466 0.00010809642200837466 0.00010809642200837466 0.00010809642200837466 0.9302260675411667 0.00010809642200837466 0.00010809642200837466 0.00010809642200837466 0.00010809642200837466 0.00010809642200837466 0.00010809642200837466 0.00010809642200837466 0.00010809642200837466 0.00010809642200837466 0.00010809642200837466 0.00010809642200837466 0.00010809642200837466
13-43550991-T-C 0.00010809642200837466 0.00010809642200837466 0.00010809642200837466 0.00010809642200837466 0.00010809642200837466 0.00010809642200837466 0.00010809642200837466 0.00010809642200837466 0.00010809642200837466 0.00010809642200837466 0.00010809642200837466 0.00010809642200837466 0.00010809642200837466 0.00010809642200837466 0.00010809642200837466 0.00010809642200837466 0.00010809642200837466 0.00010809642200837466 0.00010809642200837466 0.00010809642200837466 0.00010809642200837466 0.00010809642200837466 0.00010809642200837466 0.9302260675411667
19-42182491-T-C 0.9302260675411667 0.9302260675411667 0.9302260675411667 0.9302260675411667 0.9302260675411667 0.9302260675411667 0.9302260675411667 0.9302260675411667 0.00010809642200837466 0.9302260675411667 0.00010809642200837466 0.9302260675411667 0.9302260675411667 0.9302260675411667 0.9302260675411667 0.9302260675411667 0.9302260675411667 0.9302260675411667 0.9302260675411667 0.9302260675411667 0.9302260675411667 0.9302260675411667 0.9302260675411667 0.9302260675411667
4-108266467-G-C 0.9302260675411667 0.9302260675411667 0.9302260675411667 0.9302260675411667 0.9302260675411667 0.9302260675411667 0.9302260675411667 0.9302260675411667 0.9302260675411667 0.9302260675411667 0.9302260675411667 0.9302260675411667 0.9302260675411667 0.00010809642200837466 0.9302260675411667 0.9302260675411667 0.9302260675411667 0.9302260675411667 0.9302260675411667 0.9302260675411667 0.9302260675411667 0.9302260675411667 0.9302260675411667 0.00010809642200837466
9-22567879-A-G 0.9302260675411667 0.9302260675411667 0.9302260675411667 0.9302260675411667 0.9302260675411667 0.9302260675411667 0.9302260675411667 0.9302260675411667 0.9302260675411667 0.9302260675411667 0.9302260675411667 0.00010809642200837466 0.9302260675411667 0.9302260675411667 0.9302260675411667 0.9302260675411667 0.9302260675411667 0.9302260675411667 0.9302260675411667 0.9302260675411667 0.00010809642200837466 0.9302260675411667 0.9302260675411667 0.9302260675411667
14-42069790-A-T 0.00010809642200837466 0.00010809642200837466 0.00010809642200837466 0.00010809642200837466 0.00010809642200837466 0.00010809642200837466 0.00010809642200837466 0.00010809642200837466 0.00010809642200837466 0.00010809642200837466 0.00010809642200837466 0.00010809642200837466 0.00010809642200837466 0.00010809642200837466 0.00010809642200837466 0.00010809642200837466 0.00010809642200837466 0.9302260675411667 0.00010809642200837466 0.00010809642200837466 0.00010809642200837466 0.00010809642200837466 0.00010809642200837466 0.00010809642200837466
6-121924361-T-C 0.00010809642200837466 0.9302260675411667 0.9302260675411667 0.9302260675411667 0.9302260675411667 0.00010809642200837466 0.9302260675411667 0.9302260675411667 0.9302260675411667 0.9302260675411667 0.9302260675411667 0.9302260675411667 0.00010809642200837466 0.9302260675411667 0.00010809642200837466 0.9302260675411667 0.9302260675411667 0.00010809642200837466 0.9302260675411667 0.9302260675411667 0.9302260675411667 0.9302260675411667 0.00010809642200837466 0.9302260675411667
13-120195763-A-G 0.00010809642200837466 0.00010809642200837466 0.00010809642200837466 0.00010809642200837466 0.00010809642200837466 0.00010809642200837466 0.00010809642200837466 0.00010809642200837466 0.00010809642200837466 0.00010809642200837466 0.00010809642200837466 0.00010809642200837466 0.00010809642200837466 0.00010809642200837466 0.00010809642200837466 0.00010809642200837466 0.00010809642200837466 0.00010809642200837466 0.00010809642200837466 0.00010809642200837466 0.00010809642200837466 0.00010809642200837466 0.00010809642200837466 0.9302260675411667
4-113184743-A-C 0.9302260675411667 0.9302260675411667 0.9302260675411667 0.00010809642200837466 0.9302260675411667 0.9302260675411667 0.9302260675411667 0.9302260675411667 0.9302260675411667 0.9302260675411667 0.9302260675411667 0.9302260675411667 0.9302260675411667 0.9302260675411667 0.9302260675411667 0.9302260675411667 0.00010809642200837466 0.9302260675411667 0.9302260675411667 0.00010809642200837466 0.9302260675411667 0.9302260675411667 0.9302260675411667 0.9302260675411667
19-48535388-A-G 0.9302260675411667 0.9302260675411667 0.9302260675411667 0.9302260675411667 0.9302260675411667 0.9302260675411667 0.9302260675411667 0.9302260675411667 0.00010809642200837466 0.9302260675411667 0.00010809642200837466 0.9302260675411667 0.9302260675411667 0.9302260675411667 0.9302260675411667 0.9302260675411667 0.9302260675411667 0.9302260675411667 0.9302260675411667 0.9302260675411667 0.9302260675411667 0.9302260675411667 0.9302260675411667 0.9302260675411667
1-136952051-A-G 0.00010809642200837466 0.00010809642200837466 0.00010809642200837466 0.00010809642200837466 0.00010809642200837466 0.00010809642200837466 0.00010809642200837466 0.00010809642200837466 0.00010809642200837466 0.00010809642200837466 0.00010809642200837466 0.00010809642200837466 0.00010809642200837466 0.00010809642200837466 0.00010809642200837466 0.9302260675411667 0.00010809642200837466 0.00010809642200837466 0.00010809642200837466 0.00010809642200837466 0.00010809642200837466 0.00010809642200837466 0.00010809642200837466 0.00010809642200837466
2-174422805-C-T 0.9302260675411667 0.00010809642200837466 0.9302260675411667 0.9302260675411667 0.9302260675411667 0.9302260675411667 0.00010809642200837466 0.00010809642200837466 0.9302260675411667 0.00010809642200837466 0.9302260675411667 0.9302260675411667 0.9302260675411667 0.9302260675411667 0.9302260675411667 0.9302260675411667 0.9302260675411667 0.9302260675411667 0.9302260675411667 0.9302260675411667 0.9302260675411667 0.9302260675411667 0.9302260675411667 0.9302260675411667
3-28078190-A-T 0.00010809642200837466 0.9302260675411667 0.9302260675411667 0.9302260675411667 0.9302260675411667 0.00010809642200837466 0.9302260675411667 0.9302260675411667 0.9302260675411667 0.9302260675411667 0.9302260675411667 0.9302260675411667 0.00010809642200837466 0.9302260675411667 0.00010809642200837466 0.9302260675411667 0.9302260675411667 0.9302260675411667 0.9302260675411667 0.00010809642200837466 0.9302260675411667 0.9302260675411667 0.00010809642200837466 0.9302260675411667
6-91748307-T-C 0.00010809642200837466 0.9302260675411667 0.9302260675411667 0.9302260675411667 0.9302260675411667 0.00010809642200837466 0.9302260675411667 0.9302260675411667 0.9302260675411667 0.9302260675411667 0.9302260675411667 0.9302260675411667 0.00010809642200837466 0.9302260675411667 0.00010809642200837466 0.9302260675411667 0.9302260675411667 0.9302260675411667 0.9302260675411667 0.9302260675411667 0.9302260675411667 0.9302260675411667 0.9302260675411667 0.9302260675411667
3-135235378-A-G 0.9302260675411667 0.9302260675411667 0.9302260675411667 0.9302260675411667 0.9302260675411667 0.9302260675411667 0.9302260675411667 0.9302260675411667 0.00010809642200837466 0.9302260675411667 0.00010809642200837466 0.9302260675411667 0.9302260675411667 0.9302260675411667 0.9302260675411667 0.9302260675411667 0.9302260675411667 0.9302260675411667 0.9302260675411667 0.9302260675411667 0.9302260675411667 0.9302260675411667 0.9302260675411667 0.9302260675411667
12-101042525-A-C 0.9302260675411667 0.00010809642200837466 0.9302260675411667 0.9302260675411667 0.9302260675411667 0.9302260675411667 0.00010809642200837466 0.00010809642200837466 0.9302260675411667 0.00010809642200837466 0.9302260675411667 0.9302260675411667 0.9302260675411667 0.9302260675411667 0.9302260675411667 0.9302260675411667 0.9302260675411667 0.9302260675411667 0.9302260675411667 0.9302260675411667 0.9302260675411667 0.9302260675411667 0.9302260675411667 0.9302260675411667
2-140660974-G-C 0.00010809642200837466 0.9302260675411667 0.9302260675411667 0.9302260675411667 0.9302260675411667 0.9302260675411667 0.9302260675411667 0.9302260675411667 0.9302260675411667 0.9302260675411667 0.9302260675411667 0.9302260675411667 0.00010809642200837466 0.9302260675411667 0.9302260675411667 0.9302260675411667 0.9302260675411667 0.9302260675411667 0.9302260675411667 0.9302260675411667 0.9302260675411667 0.9302260675411667 0.9302260675411667 0.9302260675411667
19-13654826-T-C 0.00010809642200837466 0.9302260675411667 0.9302260675411667 0.9302260675411667 0.9302260675411667 0.00010809642200837466 0.9302260675411667 0.9302260675411667 0.9302260675411667 0.9302260675411667 0.9302260675411667 0.9302260675411667 0.00010809642200837466 0.9302260675411667 0.00010809642200837466 0.9302260675411667 0.9302260675411667 0.9302260675411667 0.9302260675411667 0.9302260675411667 0.9302260675411667 0.9302260675411667 0.9302260675411667 0.9302260675411667
16-29471997-T-G 0.9302260675411667 0.9302260675411667 0.9302260675411667 0.9302260675411667 0.9302260675411667 0.9302260675411667 0.9302260675411667 0.9302260675411667 0.00010809642200837466 0.9302260675411667 0.00010809642200837466 0.9302260675411667 0.9302260675411667 0.9302260675411667 0.9302260675411667 0.9302260675411667 0.9302260675411667 0.9302260675411667 0.9302260675411667 0.9302260675411667 0.9302260675411667 0.9302260675411667 0.9302260675411667 0.9302260675411667
15-4101759-A-G 0.9302260675411667 0.9302260675411667 0.9302260675411667 0.9302260675411667 0.9302260675411667 0.9302260675411667 0.9302260675411667 0.9302260675411667 0.00010809642200837466 0.9302260675411667 0.00010809642200837466 0.9302260675411667 0.9302260675411667 0.9302260675411667 0.9302260675411667 0.9302260675411667 0.9302260675411667 0.9302260675411667 0.9302260675411667 0.9302260675411667 0.9302260675411667 0.9302260675411667 0.9302260675411667 0.9302260675411667
16-35967877-T-C 0.00010809642200837466 0.00010809642200837466 0.9302260675411667 0.00010809642200837466 0.9302260675411667 0.00010809642200837466 0.00010809642200837466 0.00010809642200837466 0.00010809642200837466 0.00010809642200837466 0.00010809642200837466 0.00010809642200837466 0.00010809642200837466 0.00010809642200837466 0.9302260675411667 0.00010809642200837466 0.00010809642200837466 0.00010809642200837466 0.00010809642200837466 0.00010809642200837466 0.00010809642200837466 0.00010809642200837466 0.00010809642200837466 0.00010809642200837466
16-29471997-T-G 0.9302260675411667 0.9302260675411667 0.9302260675411667 0.9302260675411667 0.9302260675411667 0.9302260675411667 0.9302260675411667 0.9302260675411667 0.00010809642200837466 0.9302260675411667 0.00010809642200837466 0.9302260675411667 0.9302260675411667 0.9302260675411667 0.9302260675411667 0.9302260675411667 0.9302260675411667 0.9302260675411667 0.9302260675411667 0.9302260675411667 0.9302260675411667 0.9302260675411667 0.9302260675411667 0.9302260675411667
2-76790114-G-C 0.9302260675411667 0.00010809642200837466 0.9302260675411667 0.9302260675411667 0.9302260675411667 0.9302260675411667 0.00010809642200837466 0.00010809642200837466 0.9302260675411667 0.00010809642200837466 0.9302260675411667 0.9302260675411667 0.9302260675411667 0.9302260675411667 0.9302260675411667 0.9302260675411667 0.9302260675411667 0.9302260675411667 0.9302260675411667 0.9302260675411667 0.9302260675411667 0.9302260675411667 0.9302260675411667 0.9302260675411667
2-102832406-C-A 0.00010809642200837466 0.9302260675411667 0.9302260675411667 0.9302260675411667 0.9302260675411667 0.00010809642200837466 0.9302260675411667 0.9302260675411667 0.9302260675411667 0.9302260675411667 0.9302260675411667 0.9302260675411667 0.00010809642200837466 0.9302260675411667 0.9302260675411667 0.9302260675411667 0.9302260675411667 0.9302260675411667 0.9302260675411667 0.9302260675411667 0.9302260675411667 0.9302260675411667 0.9302260675411667 0.9302260675411667
13-21229346-G-A 0.00010809642200837466 0.00010809642200837466 0.00010809642200837466 0.00010809642200837466 0.00010809642200837466 0.9302260675411667 0.00010809642200837466 0.00010809642200837466 0.00010809642200837466 0.00010809642200837466 0.00010809642200837466 0.00010809642200837466 0.00010809642200837466 0.00010809642200837466 0.00010809642200837466 0.00010809642200837466 0.9302260675411667 0.9302260675411667 0.00010809642200837466 0.00010809642200837466 0.00010809642200837466 0.00010809642200837466 0.00010809642200837466 0.00010809642200837466
3-119141870-T-C 0.9302260675411667 0.9302260675411667 0.9302260675411667 0.9302260675411667 0.9302260675411667 0.9302260675411667 0.9302260675411667 0.9302260675411667 0.00010809642200837466 0.9302260675411667 0.00010809642200837466 0.9302260675411667 0.9302260675411667 0.9302260675411667 0.9302260675411667 0.9302260675411667 0.9302260675411667 0.9302260675411667 0.9302260675411667 0.9302260675411667 0.9302260675411667 0.9302260675411667 0.9302260675411667 0.9302260675411667
7-141611575-T-A 0.9302260675411667 0.9302260675411667 0.9302260675411667 0.9302260675411667 0.9302260675411667 0.9302260675411667 0.9302260675411667 0.9302260675411667 0.00010809642200837466 0.9302260675411667 0.00010809642200837466 0.9302260675411667 0.9302260675411667 0.9302260675411667 0.9302260675411667 0.9302260675411667 0.9302260675411667 0.9302260675411667 0.9302260675411667 0.9302260675411667 0.9302260675411667 0.9302260675411667 0.9302260675411667 0.9302260675411667
10-107686444-A-G 0.00010809642200837466 0.9302260675411667 0.9302260675411667 0.9302260675411667 0.9302260675411667 0.00010809642200837466 0.9302260675411667 0.9302260675411667 0.9302260675411667 0.9302260675411667 0.9302260675411667 0.9302260675411667 0.00010809642200837466 0.9302260675411667 0.00010809642200837466 0.9302260675411667 0.9302260675411667 0.9302260675411667 0.9302260675411667 0.9302260675411667 0.9302260675411667 0.9302260675411667 0.9302260675411667 0.9302260675411667
1-133657437-G-A 0.9302260675411667 0.00010809642200837466 0.9302260675411667 0.9302260675411667 0.00010809642200837466 0.9302260675411667 0.00010809642200837466 0.00010809642200837466 0.9302260675411667 0.00010809642200837466 0.9302260675411667 0.9302260675411667 0.9302260675411667 0.9302260675411667 0.9302260675411667 0.9302260675411667 0.9302260675411667 0.9302260675411667 0.9302260675411667 0.9302260675411667 0.9302260675411667 0.9302260675411667 0.9302260675411667 0.9302260675411667
3-8881200-G-C 0.9302260675411667 0.00010809642200837466 0.9302260675411667 0.9302260675411667 0.9302260675411667 0.9302260675411667 0.00010809642200837466 0.9302260675411667 0.9302260675411667 0.9302260675411667 0.9302260675411667 0.9302260675411667 0.9302260675411667 0.9302260675411667 0.9302260675411667 0.9302260675411667 0.9302260675411667 0.9302260675411667 0.9302260675411667 0.9302260675411667 0.9302260675411667 0.9302260675411667 0.9302260675411667 0.9302260675411667
6-123202113-G-A 0.00010809642200837466 0.9302260675411667 0.9302260675411667 0.9302260675411667 0.9302260675411667 0.00010809642200837466 0.9302260675411667 0.9302260675411667 0.00010809642200837466 0.9302260675411667 0.00010809642200837466 0.9302260675411667 0.00010809642200837466 0.9302260675411667 0.00010809642200837466 0.9302260675411667 0.9302260675411667 0.9302260675411667 0.9302260675411667 0.9302260675411667 0.9302260675411667 0.9302260675411667 0.00010809642200837466 0.9302260675411667
5-8521002-T-G 0.9302260675411667 0.00010809642200837466 0.9302260675411667 0.9302260675411667 0.9302260675411667 0.9302260675411667 0.00010809642200837466 0.9302260675411667 0.9302260675411667 0.9302260675411667 0.9302260675411667 0.9302260675411667 0.9302260675411667 0.9302260675411667 0.9302260675411667 0.9302260675411667 0.9302260675411667 0.9302260675411667 0.9302260675411667 0.9302260675411667 0.9302260675411667 0.9302260675411667 0.9302260675411667 0.9302260675411667
15-36100046-G-C 0.9302260675411667 0.9302260675411667 0.9302260675411667 0.9302260675411667 0.9302260675411667 0.9302260675411667 0.9302260675411667 0.9302260675411667 0.00010809642200837466 0.9302260675411667 0.00010809642200837466 0.9302260675411667 0.9302260675411667 0.9302260675411667 0.9302260675411667 0.9302260675411667 0.9302260675411667 0.9302260675411667 0.9302260675411667 0.9302260675411667 0.9302260675411667 0.9302260675411667 0.9302260675411667 0.9302260675411667
16-19654698-A-T 0.00010809642200837466 0.9302260675411667 0.9302260675411667 0.9302260675411667 0.9302260675411667 0.00010809642200837466 0.9302260675411667 0.9302260675411667 0.9302260675411667 0.9302260675411667 0.9302260675411667 0.9302260675411667 0.00010809642200837466 0.9302260675411667 0.00010809642200837466 0.9302260675411667 0.9302260675411667 0.9302260675411667 0.9302260675411667 0.9302260675411667 0.9302260675411667 0.9302260675411667 0.9302260675411667 0.9302260675411667
6-70331272-A-G 0.9302260675411667 0.9302260675411667 0.9302260675411667 0.00010809642200837466 0.9302260675411667 0.9302260675411667 0.9302260675411667 0.9302260675411667 0.9302260675411667 0.9302260675411667 0.9302260675411667 0.9302260675411667 0.9302260675411667 0.9302260675411667 0.9302260675411667 0.9302260675411667 0.00010809642200837466 0.9302260675411667 0.9302260675411667 0.00010809642200837466 0.9302260675411667 0.9302260675411667 0.9302260675411667 0.9302260675411667
7-130539024-G-T 0.9302260675411667 0.00010809642200837466 0.9302260675411667 0.9302260675411667 0.9302260675411667 0.9302260675411667 0.00010809642200837466 0.9302260675411667 0.9302260675411667 0.9302260675411667 0.9302260675411667 0.9302260675411667 0.9302260675411667 0.9302260675411667 0.9302260675411667 0.9302260675411667 0.9302260675411667 0.9302260675411667 0.9302260675411667 0.9302260675411667 0.9302260675411667 0.9302260675411667 0.9302260675411667 0.9302260675411667
15-76615027-C-T 0.00010809642200837466 0.9302260675411667 0.9302260675411667 0.9302260675411667 0.9302260675411667 0.00010809642200837466 0.9302260675411667 0.9302260675411667 0.9302260675411667 0.9302260675411667 0.9302260675411667 0.9302260675411667 0.00010809642200837466 0.9302260675411667 0.9302260675411667 0.9302260675411667 0.9302260675411667 0.9302260675411667 0.9302260675411667 0.9302260675411667 0.9302260675411667 0.9302260675411667 0.9302260675411667 0.9302260675411667
6-123050516-A-T 0.9302260675411667 0.9302260675411667 0.9302260675411667 0.00010809642200837466 0.9302260675411667 0.9302260675411667 0.9302260675411667 0.9302260675411667 0.9302260675411667 0.9302260675411667 0.9302260675411667 0.9302260675411667 0.9302260675411667 0.9302260675411667 0.9302260675411667 0.9302260675411667 0.00010809642200837466 0.9302260675411667 0.9302260675411667 0.00010809642200837466 0.9302260675411667 0.9302260675411667 0.9302260675411667 0.9302260675411667
9-72061608-C-A 0.9302260675411667 0.9302260675411667 0.9302260675411667 0.9302260675411667 0.9302260675411667 0.9302260675411667 0.9302260675411667 0.9302260675411667 0.9302260675411667 0.9302260675411667 0.9302260675411667 0.9302260675411667 0.9302260675411667 0.00010809642200837466 0.9302260675411667 0.9302260675411667 0.9302260675411667 0.9302260675411667 0.9302260675411667 0.9302260675411667 0.9302260675411667 0.9302260675411667 0.9302260675411667 0.00010809642200837466
16-38004684-C-T 0.9302260675411667 0.9302260675411667 0.9302260675411667 0.9302260675411667 0.9302260675411667 0.9302260675411667 0.9302260675411667 0.9302260675411667 0.00010809642200837466 0.9302260675411667 0.00010809642200837466 0.9302260675411667 0.9302260675411667 0.9302260675411667 0.9302260675411667 0.9302260675411667 0.9302260675411667 0.9302260675411667 0.9302260675411667 0.9302260675411667 0.9302260675411667 0.9302260675411667 0.9302260675411667 0.9302260675411667
3-33815913-T-A 0.9302260675411667 0.00010809642200837466 0.9302260675411667 0.9302260675411667 0.9302260675411667 0.9302260675411667 0.00010809642200837466 0.9302260675411667 0.9302260675411667 0.9302260675411667 0.9302260675411667 0.9302260675411667 0.9302260675411667 0.9302260675411667 0.9302260675411667 0.9302260675411667 0.9302260675411667 0.9302260675411667 0.9302260675411667 0.9302260675411667 0.9302260675411667 0.9302260675411667 0.9302260675411667 0.9302260675411667
4-42872159-A-T 0.9302260675411667 0.00010809642200837466 0.9302260675411667 0.9302260675411667 0.9302260675411667 0.9302260675411667 0.00010809642200837466 0.9302260675411667 0.9302260675411667 0.9302260675411667 0.9302260675411667 0.9302260675411667 0.9302260675411667 0.9302260675411667 0.9302260675411667 0.9302260675411667 0.9302260675411667 0.9302260675411667 0.9302260675411667 0.9302260675411667 0.9302260675411667 0.9302260675411667 0.9302260675411667 0.9302260675411667
18-40210967-A-T 0.00010809642200837466 0.9302260675411667 0.9302260675411667 0.9302260675411667 0.9302260675411667 0.9302260675411667 0.9302260675411667 0.9302260675411667 0.9302260675411667 0.9302260675411667 0.9302260675411667 0.9302260675411667 0.00010809642200837466 0.9302260675411667 0.9302260675411667 0.9302260675411667 0.9302260675411667 0.9302260675411667 0.9302260675411667 0.9302260675411667 0.9302260675411667 0.9302260675411667 0.9302260675411667 0.9302260675411667
16-87397063-A-G 0.00010809642200837466 0.00010809642200837466 0.00010809642200837466 0.00010809642200837466 0.00010809642200837466 0.00010809642200837466 0.00010809642200837466 0.00010809642200837466 0.00010809642200837466 0.00010809642200837466 0.00010809642200837466 0.00010809642200837466 0.00010809642200837466 0.9302260675411667 0.00010809642200837466 0.00010809642200837466 0.00010809642200837466 0.00010809642200837466 0.00010809642200837466 0.00010809642200837466 0.00010809642200837466 0.00010809642200837466 0.00010809642200837466 0.9302260675411667
2-181719262-T-C 0.9302260675411667 0.9302260675411667 0.9302260675411667 0.9302260675411667 0.9302260675411667 0.9302260675411667 0.9302260675411667 0.9302260675411667 0.00010809642200837466 0.9302260675411667 0.00010809642200837466 0.9302260675411667 0.9302260675411667 0.9302260675411667 0.9302260675411667 0.9302260675411667 0.9302260675411667 0.9302260675411667 0.9302260675411667 0.9302260675411667 0.9302260675411667 0.9302260675411667 0.9302260675411667 0.9302260675411667
9-70631213-A-G 0.00010809642200837466 0.9302260675411667 0.9302260675411667 0.9302260675411667 0.9302260675411667 0.00010809642200837466 0.9302260675411667 0.9302260675411667 0.00010809642200837466 0.9302260675411667 0.00010809642200837466 0.9302260675411667 0.00010809642200837466 0.9302260675411667 0.00010809642200837466 0.9302260675411667 0.9302260675411667 0.00010809642200837466 0.9302260675411667 0.9302260675411667 0.9302260675411667 0.9302260675411667 0.00010809642200837466 0.9302260675411667
14-55240309-C-G 0.00010809642200837466 0.9302260675411667 0.9302260675411667 0.9302260675411667 0.9302260675411667 0.9302260675411667 0.9302260675411667 0.9302260675411667 0.9302260675411667 0.9302260675411667 0.9302260675411667 0.9302260675411667 0.00010809642200837466 0.9302260675411667 0.9302260675411667 0.9302260675411667 0.9302260675411667 0.9302260675411667 0.9302260675411667 0.9302260675411667 0.9302260675411667 0.9302260675411667 0.9302260675411667 0.9302260675411667
9-104023335-G-A 0.00010809642200837466 0.00010809642200837466 0.00010809642200837466 0.9302260675411667 0.00010809642200837466 0.00010809642200837466 0.00010809642200837466 0.00010809642200837466 0.00010809642200837466 0.00010809642200837466 0.00010809642200837466 0.00010809642200837466 0.00010809642200837466 0.00010809642200837466 0.00010809642200837466 0.00010809642200837466 0.00010809642200837466 0.00010809642200837466 0.00010809642200837466 0.00010809642200837466 0.00010809642200837466 0.00010809642200837466 0.9302260675411667 0.00010809642200837466
15-97680417-G-C 0.9302260675411667 0.9302260675411667 0.9302260675411667 0.9302260675411667 0.9302260675411667 0.9302260675411667 0.9302260675411667 0.9302260675411667 0.9302260675411667 0.9302260675411667 0.9302260675411667 0.9302260675411667 0.9302260675411667 0.00010809642200837466 0.9302260675411667 0.9302260675411667 0.9302260675411667 0.9302260675411667 0.9302260675411667 0.9302260675411667 0.9302260675411667 0.9302260675411667 0.9302260675411667 0.00010809642200837466
15-32609097-C-A 0.00010809642200837466 0.9302260675411667 0.9302260675411667 0.9302260675411667 0.9302260675411667 0.00010809642200837466 0.9302260675411667 0.9302260675411667 0.9302260675411667 0.9302260675411667 0.9302260675411667 0.9302260675411667 0.00010809642200837466 0.9302260675411667 0.00010809642200837466 0.9302260675411667 0.9302260675411667 0.9302260675411667 0.9302260675411667 0.9302260675411667 0.9302260675411667 0.9302260675411667 0.9302260675411667 0.9302260675411667
2-31006963-T-C 0.9302260675411667 0.9302260675411667 0.9302260675411667 0.9302260675411667 0.9302260675411667 0.9302260675411667 0.9302260675411667 0.9302260675411667 0.00010809642200837466 0.9302260675411667 0.00010809642200837466 0.9302260675411667 0.9302260675411667 0.9302260675411667 0.9302260675411667 0.9302260675411667 0.9302260675411667 0.9302260675411667 0.9302260675411667 0.9302260675411667 0.9302260675411667 0.9302260675411667 0.9302260675411667 0.9302260675411667
10-3139416-C-T 0.9302260675411667 0.00010809642200837466 0.9302260675411667 0.9302260675411667 0.9302260675411667 0.9302260675411667 0.00010809642200837466 0.9302260675411667 0.9302260675411667 0.9302260675411667 0.9302260675411667 0.9302260675411667 0.9302260675411667 0.9302260675411667 0.9302260675411667 0.9302260675411667 0.9302260675411667 0.9302260675411667 0.9302260675411667 0.9302260675411667 0.9302260675411667 0.9302260675411667 0.9302260675411667 0.9302260675411667
2-105172229-A-C 0.9302260675411667 0.00010809642200837466 0.9302260675411667 0.9302260675411667 0.9302260675411667 0.9302260675411667 0.00010809642200837466 0.9302260675411667 0.9302260675411667 0.9302260675411667 0.9302260675411667 0.9302260675411667 0.9302260675411667 0.9302260675411667 0.9302260675411667 0.9302260675411667 0.9302260675411667 0.9302260675411667 0.9302260675411667 0.9302260675411667 0.9302260675411667 0.9302260675411667 0.9302260675411667 0.9302260675411667
1-38341603-C-G 0.9302260675411667 0.00010809642200837466 0.9302260675411667 0.9302260675411667 0.9302260675411667 0.9302260675411667 0.00010809642200837466 0.9302260675411667 0.9302260675411667 0.9302260675411667 0.9302260675411667 0.9302260675411667 0.9302260675411667 0.9302260675411667 0.9302260675411667 0.9302260675411667 0.9302260675411667 0.9302260675411667 0.9302260675411667 0.9302260675411667 0.9302260675411667 0.9302260675411667 0.9302260675411667 0.9302260675411667
16-37826661-G-A 0.00010809642200837466 0.00010809642200837466 0.9302260675411667 0.00010809642200837466 0.9302260675411667 0.00010809642200837466 0.00010809642200837466 0.00010809642200837466 0.00010809642200837466 0.00010809642200837466 0.00010809642200837466 0.00010809642200837466 0.00010809642200837466 0.00010809642200837466 0.9302260675411667 0.00010809642200837466 0.00010809642200837466 0.00010809642200837466 0.00010809642200837466 0.00010809642200837466 0.00010809642200837466 0.00010809642200837466 0.00010809642200837466 0.00010809642200837466
3-158036850-A-G 0.00010809642200837466 0.9302260675411667 0.00010809642200837466 0.00010809642200837466 0.00010809642200837466 0.00010809642200837466 0.00010809642200837466 0.9302260675411667 0.00010809642200837466 0.9302260675411667 0.00010809642200837466 0.00010809642200837466 0.00010809642200837466 0.00010809642200837466 0.9302260675411667 0.9302260675411667 0.00010809642200837466 0.9302260675411667 0.00010809642200837466 0.00010809642200837466 0.00010809642200837466 0.9302260675411667 0.00010809642200837466 0.00010809642200837466
19-34231656-A-T 0.9302260675411667 0.9302260675411667 0.9302260675411667 0.9302260675411667 0.9302260675411667 0.9302260675411667 0.9302260675411667 0.9302260675411667 0.9302260675411667 0.9302260675411667 0.9302260675411667 0.00010809642200837466 0.9302260675411667 0.9302260675411667 0.9302260675411667 0.9302260675411667 0.9302260675411667 0.9302260675411667 0.9302260675411667 0.9302260675411667 0.00010809642200837466 0.9302260675411667 0.9302260675411667 0.9302260675411667
6-121849890-T-C 0.9302260675411667 0.9302260675411667 0.9302260675411667 0.9302260675411667 0.9302260675411667 0.9302260675411667 0.9302260675411667 0.9302260675411667 0.9302260675411667 0.9302260675411667 0.9302260675411667 0.00010809642200837466 0.9302260675411667 0.9302260675411667 0.9302260675411667 0.9302260675411667 0.9302260675411667 0.9302260675411667 0.9302260675411667 0.9302260675411667 0.00010809642200837466 0.9302260675411667 0.9302260675411667 0.9302260675411667
8-106928311-C-A 0.9302260675411667 0.9302260675411667 0.9302260675411667 0.9302260675411667 0.9302260675411667 0.9302260675411667 0.9302260675411667 0.9302260675411667 0.9302260675411667 0.9302260675411667 0.9302260675411667 0.00010809642200837466 0.9302260675411667 0.9302260675411667 0.9302260675411667 0.9302260675411667 0.9302260675411667 0.9302260675411667 0.9302260675411667 0.9302260675411667 0.00010809642200837466 0.9302260675411667 0.9302260675411667 0.9302260675411667
5-124791693-G-A 0.9302260675411667 0.00010809642200837466 0.9302260675411667 0.9302260675411667 0.00010809642200837466 0.9302260675411667 0.00010809642200837466 0.00010809642200837466 0.9302260675411667 0.00010809642200837466 0.9302260675411667 0.9302260675411667 0.9302260675411667 0.9302260675411667 0.9302260675411667 0.9302260675411667 0.9302260675411667 0.9302260675411667 0.9302260675411667 0.9302260675411667 0.9302260675411667 0.9302260675411667 0.9302260675411667 0.9302260675411667
7-16675732-G-A 0.00010809642200837466 0.9302260675411667 0.9302260675411667 0.9302260675411667 0.9302260675411667 0.00010809642200837466 0.9302260675411667 0.9302260675411667 0.00010809642200837466 0.9302260675411667 0.00010809642200837466 0.9302260675411667 0.00010809642200837466 0.9302260675411667 0.00010809642200837466 0.9302260675411667 0.9302260675411667 0.00010809642200837466 0.9302260675411667 0.9302260675411667 0.9302260675411667 0.9302260675411667 0.00010809642200837466 0.9302260675411667
6-149361848-C-A 0.9302260675411667 0.00010809642200837466 0.00010809642200837466 0.00010809642200837466 0.00010809642200837466 0.9302260675411667 0.00010809642200837466 0.00010809642200837466 0.00010809642200837466 0.00010809642200837466 0.00010809642200837466 0.00010809642200837466 0.9302260675411667 0.00010809642200837466 0.9302260675411667 0.00010809642200837466 0.00010809642200837466 0.00010809642200837466 0.00010809642200837466 0.00010809642200837466 0.00010809642200837466 0.00010809642200837466 0.00010809642200837466 0.00010809642200837466
1-14270868-T-C 0.9302260675411667 0.9302260675411667 0.9302260675411667 0.9302260675411667 0.9302260675411667 0.9302260675411667 0.9302260675411667 0.9302260675411667 0.9302260675411667 0.9302260675411667 0.9302260675411667 0.00010809642200837466 0.9302260675411667 0.9302260675411667 0.9302260675411667 0.9302260675411667 0.9302260675411667 0.9302260675411667 0.9302260675411667 0.9302260675411667 0.00010809642200837466 0.9302260675411667 0.9302260675411667 0.9302260675411667
13-77761761-T-A 0.9302260675411667 0.00010809642200837466 0.9302260675411667 0.9302260675411667 0.00010809642200837466 0.9302260675411667 0.00010809642200837466 0.00010809642200837466 0.9302260675411667 0.00010809642200837466 0.9302260675411667 0.9302260675411667 0.9302260675411667 0.9302260675411667 0.9302260675411667 0.9302260675411667 0.9302260675411667 0.9302260675411667 0.9302260675411667 0.9302260675411667 0.9302260675411667 0.9302260675411667 0.9302260675411667 0.9302260675411667
4-139660293-T-C 0.9302260675411667 0.00010809642200837466 0.00010809642200837466 0.00010809642200837466 0.00010809642200837466 0.9302260675411667 0.00010809642200837466 0.00010809642200837466 0.00010809642200837466 0.00010809642200837466 0.00010809642200837466 0.00010809642200837466 0.9302260675411667 0.00010809642200837466 0.00010809642200837466 0.00010809642200837466 0.00010809642200837466 0.00010809642200837466 0.00010809642200837466 0.00010809642200837466 0.00010809642200837466 0.00010809642200837466 0.00010809642200837466 0.00010809642200837466
4-19283432-C-A 0.9302260675411667 0.9302260675411667 0.9302260675411667 0.9302260675411667 0.9302260675411667 0.9302260675411667 0.9302260675411667 0.9302260675411667 0.00010809642200837466 0.9302260675411667 0.00010809642200837466 0.9302260675411667 0.9302260675411667 0.9302260675411667 0.9302260675411667 0.9302260675411667 0.9302260675411667 0.9302260675411667 0.9302260675411667 0.9302260675411667 0.9302260675411667 0.9302260675411667 0.9302260675411667 0.9302260675411667
7-58828374-A-G 0.9302260675411667 0.00010809642200837466 0.9302260675411667 0.9302260675411667 0.9302260675411667 0.9302260675411667 0.00010809642200837466 0.9302260675411667 0.9302260675411667 0.9302260675411667 0.9302260675411667 0.9302260675411667 0.9302260675411667 0.9302260675411667 0.9302260675411667 0.9302260675411667 0.9302260675411667 0.9302260675411667 0.9302260675411667 0.9302260675411667 0.9302260675411667 0.9302260675411667 0.9302260675411667 0.9302260675411667
8-9990441-C-T 0.9302260675411667 0.9302260675411667 0.9302260675411667 0.9302260675411667 0.9302260675411667 0.9302260675411667 0.9302260675411667 0.9302260675411667 0.00010809642200837466 0.9302260675411667 0.00010809642200837466 0.9302260675411667 0.9302260675411667 0.9302260675411667 0.9302260675411667 0.9302260675411667 0.9302260675411667 0.9302260675411667 0.9302260675411667 0.9302260675411667 0.9302260675411667 0.9302260675411667 0.9302260675411667 0.9302260675411667
16-4418607-C-T 0.9302260675411667 0.9302260675411667 0.9302260675411667 0.9302260675411667 0.9302260675411667 0.9302260675411667 0.9302260675411667 0.9302260675411667 0.00010809642200837466 0.9302260675411667 0.00010809642200837466 0.9302260675411667 0.9302260675411667 0.9302260675411667 0.9302260675411667 0.9302260675411667 0.9302260675411667 0.9302260675411667 0.9302260675411667 0.9302260675411667 0.9302260675411667 0.9302260675411667 0.9302260675411667 0.9302260675411667
4-155067084-G-A 0.00010809642200837466 0.9302260675411667 0.9302260675411667 0.9302260675411667 0.9302260675411667 0.9302260675411667 0.9302260675411667 0.9302260675411667 0.9302260675411667 0.9302260675411667 0.9302260675411667 0.9302260675411667 0.00010809642200837466 0.9302260675411667 0.9302260675411667 0.9302260675411667 0.9302260675411667 0.9302260675411667 0.9302260675411667 0.9302260675411667 0.9302260675411667 0.9302260675411667 0.9302260675411667 0.9302260675411667
16-30354369-A-G 0.9302260675411667 0.00010809642200837466 0.9302260675411667 0.9302260675411667 0.9302260675411667 0.9302260675411667 0.00010809642200837466 0.9302260675411667 0.9302260675411667 0.9302260675411667 0.9302260675411667 0.9302260675411667 0.9302260675411667 0.9302260675411667 0.9302260675411667 0.9302260675411667 0.9302260675411667 0.9302260675411667 0.9302260675411667 0.9302260675411667 0.9302260675411667 0.9302260675411667 0.9302260675411667 0.9302260675411667
1-133132344-G-C 0.9302260675411667 0.9302260675411667 0.9302260675411667 0.9302260675411667 0.9302260675411667 0.9302260675411667 0.9302260675411667 0.9302260675411667 0.00010809642200837466 0.9302260675411667 0.00010809642200837466 0.9302260675411667 0.9302260675411667 0.9302260675411667 0.9302260675411667 0.9302260675411667 0.9302260675411667 0.9302260675411667 0.9302260675411667 0.9302260675411667 0.9302260675411667 0.9302260675411667 0.9302260675411667 0.9302260675411667
8-93502466-G-A 0.9302260675411667 0.9302260675411667 0.9302260675411667 0.9302260675411667 0.9302260675411667 0.9302260675411667 0.9302260675411667 0.9302260675411667 0.00010809642200837466 0.9302260675411667 0.00010809642200837466 0.9302260675411667 0.9302260675411667 0.9302260675411667 0.9302260675411667 0.9302260675411667 0.9302260675411667 0.9302260675411667 0.9302260675411667 0.9302260675411667 0.9302260675411667 0.9302260675411667 0.9302260675411667 0.9302260675411667
9-15968322-T-C 0.9302260675411667 0.9302260675411667 0.9302260675411667 0.9302260675411667 0.9302260675411667 0.9302260675411667 0.9302260675411667 0.9302260675411667 0.9302260675411667 0.9302260675411667 0.9302260675411667 0.00010809642200837466 0.9302260675411667 0.9302260675411667 0.9302260675411667 0.9302260675411667 0.9302260675411667 0.9302260675411667 0.9302260675411667 0.9302260675411667 0.00010809642200837466 0.9302260675411667 0.9302260675411667 0.9302260675411667
19-34081410-A-G 0.9302260675411667 0.9302260675411667 0.9302260675411667 0.9302260675411667 0.9302260675411667 0.9302260675411667 0.9302260675411667 0.9302260675411667 0.00010809642200837466 0.9302260675411667 0.00010809642200837466 0.9302260675411667 0.9302260675411667 0.9302260675411667 0.9302260675411667 0.9302260675411667 0.9302260675411667 0.9302260675411667 0.9302260675411667 0.9302260675411667 0.9302260675411667 0.9302260675411667 0.9302260675411667 0.9302260675411667
12-84450972-T-A 0.9302260675411667 0.9302260675411667 0.9302260675411667 0.9302260675411667 0.9302260675411667 0.9302260675411667 0.9302260675411667 0.9302260675411667 0.00010809642200837466 0.9302260675411667 0.00010809642200837466 0.9302260675411667 0.9302260675411667 0.9302260675411667 0.9302260675411667 0.9302260675411667 0.9302260675411667 0.9302260675411667 0.9302260675411667 0.9302260675411667 0.9302260675411667 0.9302260675411667 0.9302260675411667 0.9302260675411667
10-127746321-C-G 0.9302260675411667 0.00010809642200837466 0.9302260675411667 0.9302260675411667 0.9302260675411667 0.9302260675411667 0.9302260675411667 0.00010809642200837466 0.9302260675411667 0.00010809642200837466 0.9302260675411667 0.9302260675411667 0.9302260675411667 0.9302260675411667 0.9302260675411667 0.9302260675411667 0.9302260675411667 0.9302260675411667 0.9302260675411667 0.9302260675411667 0.9302260675411667 0.9302260675411667 0.9302260675411667 0.9302260675411667
10-40005864-G-C 0.00010809642200837466 0.00010809642200837466 0.00010809642200837466 0.00010809642200837466 0.00010809642200837466 0.00010809642200837466 0.00010809642200837466 0.00010809642200837466 0.9302260675411667 0.00010809642200837466 0.00010809642200837466 0.00010809642200837466 0.00010809642200837466 0.9302260675411667 0.00010809642200837466 0.00010809642200837466 0.9302260675411667 0.00010809642200837466 0.00010809642200837466 0.00010809642200837466 0.00010809642200837466 0.00010809642200837466 0.00010809642200837466 0.00010809642200837466
13-49521194-A-G 0.9302260675411667 0.9302260675411667 0.9302260675411667 0.00010809642200837466 0.9302260675411667 0.9302260675411667 0.9302260675411667 0.9302260675411667 0.9302260675411667 0.9302260675411667 0.9302260675411667 0.9302260675411667 0.9302260675411667 0.9302260675411667 0.9302260675411667 0.9302260675411667 0.00010809642200837466 0.9302260675411667 0.9302260675411667 0.00010809642200837466 0.9302260675411667 0.9302260675411667 0.9302260675411667 0.9302260675411667
2-154626825-G-A 0.00010809642200837466 0.00010809642200837466 0.00010809642200837466 0.00010809642200837466 0.00010809642200837466 0.00010809642200837466 0.00010809642200837466 0.00010809642200837466 0.00010809642200837466 0.00010809642200837466 0.00010809642200837466 0.9302260675411667 0.00010809642200837466 0.00010809642200837466 0.00010809642200837466 0.00010809642200837466 0.00010809642200837466 0.00010809642200837466 0.00010809642200837466 0.00010809642200837466 0.00010809642200837466 0.00010809642200837466 0.00010809642200837466 0.00010809642200837466
2-130658480-C-G 0.00010809642200837466 0.00010809642200837466 0.00010809642200837466 0.00010809642200837466 0.00010809642200837466 0.00010809642200837466 0.00010809642200837466 0.00010809642200837466 0.00010809642200837466 0.00010809642200837466 0.00010809642200837466 0.9302260675411667 0.00010809642200837466 0.00010809642200837466 0.00010809642200837466 0.00010809642200837466 0.00010809642200837466 0.00010809642200837466 0.00010809642200837466 0.00010809642200837466 0.00010809642200837466 0.00010809642200837466 0.00010809642200837466 0.00010809642200837466
15-97680417-G-C 0.9302260675411667 0.9302260675411667 0.9302260675411667 0.9302260675411667 0.9302260675411667 0.9302260675411667 0.9302260675411667 0.9302260675411667 0.9302260675411667 0.9302260675411667 0.9302260675411667 0.9302260675411667 0.9302260675411667 0.00010809642200837466 0.9302260675411667 0.9302260675411667 0.9302260675411667 0.9302260675411667 0.9302260675411667 0.9302260675411667 0.9302260675411667 0.9302260675411667 0.9302260675411667 0.00010809642200837466
2-178369351-G-T 0.9302260675411667 0.9302260675411667 0.9302260675411667 0.9302260675411667 0.9302260675411667 0.9302260675411667 0.9302260675411667 0.9302260675411667 0.00010809642200837466 0.9302260675411667 0.00010809642200837466 0.9302260675411667 0.9302260675411667 0.9302260675411667 0.9302260675411667 0.9302260675411667 0.9302260675411667 0.9302260675411667 0.9302260675411667 0.9302260675411667 0.9302260675411667 0.9302260675411667 0.9302260675411667 0.9302260675411667
5-72227782-C-A 0.9302260675411667 0.9302260675411667 0.00010809642200837466 0.9302260675411667 0.9302260675411667 0.9302260675411667 0.00010809642200837466 0.9302260675411667 0.9302260675411667 0.9302260675411667 0.9302260675411667 0.00010809642200837466 0.9302260675411667 0.9302260675411667 0.9302260675411667 0.00010809642200837466 0.9302260675411667 0.9302260675411667 0.00010809642200837466 0.9302260675411667 0.00010809642200837466 0.00010809642200837466 0.9302260675411667 0.9302260675411667
3-138958770-G-A 0.00010809642200837466 0.9302260675411667 0.00010809642200837466 0.00010809642200837466 0.00010809642200837466 0.00010809642200837466 0.00010809642200837466 0.9302260675411667 0.00010809642200837466 0.9302260675411667 0.00010809642200837466 0.00010809642200837466 0.00010809642200837466 0.00010809642200837466 0.00010809642200837466 0.9302260675411667 0.00010809642200837466 0.9302260675411667 0.00010809642200837466 0.00010809642200837466 0.00010809642200837466 0.9302260675411667 0.00010809642200837466 0.00010809642200837466
2-92943209-G-A 0.00010809642200837466 0.00010809642200837466 0.00010809642200837466 0.00010809642200837466 0.00010809642200837466 0.00010809642200837466 0.00010809642200837466 0.00010809642200837466 0.00010809642200837466 0.00010809642200837466 0.00010809642200837466 0.9302260675411667 0.00010809642200837466 0.00010809642200837466 0.00010809642200837466 0.00010809642200837466 0.00010809642200837466 0.00010809642200837466 0.00010809642200837466 0.00010809642200837466 0.00010809642200837466 0.00010809642200837466 0.00010809642200837466 0.00010809642200837466
5-67611014-T-C 0.9302260675411667 0.9302260675411667 0.9302260675411667 0.00010809642200837466 0.9302260675411667 0.9302260675411667 0.9302260675411667 0.9302260675411667 0.9302260675411667 0.9302260675411667 0.9302260675411667 0.9302260675411667 0.9302260675411667 0.9302260675411667 0.9302260675411667 0.9302260675411667 0.00010809642200837466 0.9302260675411667 0.9302260675411667 0.00010809642200837466 0.9302260675411667 0.9302260675411667 0.9302260675411667 0.9302260675411667
7-108422477-A-G 0.9302260675411667 0.9302260675411667 0.9302260675411667 0.9302260675411667 0.9302260675411667 0.9302260675411667 0.9302260675411667 0.9302260675411667 0.00010809642200837466 0.9302260675411667 0.00010809642200837466 0.9302260675411667 0.9302260675411667 0.9302260675411667 0.9302260675411667 0.9302260675411667 0.9302260675411667 0.9302260675411667 0.9302260675411667 0.9302260675411667 0.9302260675411667 0.9302260675411667 0.9302260675411667 0.9302260675411667
5-145994734-T-A 0.00010809642200837466 0.00010809642200837466 0.00010809642200837466 0.00010809642200837466 0.00010809642200837466 0.00010809642200837466 0.00010809642200837466 0.00010809642200837466 0.00010809642200837466 0.00010809642200837466 0.00010809642200837466 0.00010809642200837466 0.00010809642200837466 0.00010809642200837466 0.00010809642200837466 0.00010809642200837466 0.00010809642200837466 0.00010809642200837466 0.00010809642200837466 0.00010809642200837466 0.00010809642200837466 0.00010809642200837466 0.00010809642200837466 0.9302260675411667
10-90751005-T-G 0.9302260675411667 0.9302260675411667 0.9302260675411667 0.9302260675411667 0.9302260675411667 0.9302260675411667 0.9302260675411667 0.9302260675411667 0.00010809642200837466 0.9302260675411667 0.00010809642200837466 0.9302260675411667 0.9302260675411667 0.9302260675411667 0.9302260675411667 0.9302260675411667 0.9302260675411667 0.9302260675411667 0.9302260675411667 0.9302260675411667 0.9302260675411667 0.9302260675411667 0.9302260675411667 0.9302260675411667
15-76178577-T-C 0.9302260675411667 0.9302260675411667 0.9302260675411667 0.9302260675411667 0.9302260675411667 0.9302260675411667 0.9302260675411667 0.9302260675411667 0.9302260675411667 0.9302260675411667 0.9302260675411667 0.00010809642200837466 0.9302260675411667 0.9302260675411667 0.9302260675411667 0.9302260675411667 0.9302260675411667 0.9302260675411667 0.9302260675411667 0.9302260675411667 0.00010809642200837466 0.9302260675411667 0.9302260675411667 0.9302260675411667
3-87084013-T-C 0.9302260675411667 0.9302260675411667 0.9302260675411667 0.9302260675411667 0.9302260675411667 0.9302260675411667 0.9302260675411667 0.9302260675411667 0.00010809642200837466 0.9302260675411667 0.00010809642200837466 0.9302260675411667 0.9302260675411667 0.9302260675411667 0.9302260675411667 0.9302260675411667 0.9302260675411667 0.9302260675411667 0.9302260675411667 0.9302260675411667 0.9302260675411667 0.9302260675411667 0.9302260675411667 0.9302260675411667
2-76790114-G-C 0.9302260675411667 0.00010809642200837466 0.9302260675411667 0.9302260675411667 0.9302260675411667 0.9302260675411667 0.00010809642200837466 0.00010809642200837466 0.9302260675411667 0.00010809642200837466 0.9302260675411667 0.9302260675411667 0.9302260675411667 0.9302260675411667 0.9302260675411667 0.9302260675411667 0.9302260675411667 0.9302260675411667 0.9302260675411667 0.9302260675411667 0.9302260675411667 0.9302260675411667 0.9302260675411667 0.9302260675411667
4-63972794-A-C 0.9302260675411667 0.9302260675411667 0.9302260675411667 0.9302260675411667 0.9302260675411667 0.9302260675411667 0.9302260675411667 0.9302260675411667 0.00010809642200837466 0.9302260675411667 0.00010809642200837466 0.9302260675411667 0.9302260675411667 0.9302260675411667 0.9302260675411667 0.9302260675411667 0.9302260675411667 0.9302260675411667 0.9302260675411667 0.9302260675411667 0.9302260675411667 0.9302260675411667 0.9302260675411667 0.9302260675411667
13-24856736-G-A 0.9302260675411667 0.9302260675411667 0.9302260675411667 0.9302260675411667 0.9302260675411667 0.9302260675411667 0.9302260675411667 0.9302260675411667 0.00010809642200837466 0.9302260675411667 0.00010809642200837466 0.9302260675411667 0.9302260675411667 0.9302260675411667 0.9302260675411667 0.9302260675411667 0.9302260675411667 0.9302260675411667 0.9302260675411667 0.9302260675411667 0.9302260675411667 0.9302260675411667 0.9302260675411667 0.9302260675411667
15-63938577-T-C 0.9302260675411667 0.9302260675411667 0.9302260675411667 0.9302260675411667 0.9302260675411667 0.9302260675411667 0.9302260675411667 0.9302260675411667 0.9302260675411667 0.9302260675411667 0.9302260675411667 0.9302260675411667 0.9302260675411667 0.00010809642200837466 0.9302260675411667 0.9302260675411667 0.9302260675411667 0.9302260675411667 0.9302260675411667 0.9302260675411667 0.9302260675411667 0.9302260675411667 0.9302260675411667 0.00010809642200837466
6-58655702-A-G 0.9302260675411667 0.9302260675411667 0.9302260675411667 0.9302260675411667 0.9302260675411667 0.9302260675411667 0.9302260675411667 0.9302260675411667 0.00010809642200837466 0.9302260675411667 0.00010809642200837466 0.9302260675411667 0.9302260675411667 0.9302260675411667 0.9302260675411667 0.9302260675411667 0.9302260675411667 0.9302260675411667 0.9302260675411667 0.9302260675411667 0.9302260675411667 0.9302260675411667 0.9302260675411667 0.9302260675411667
6-54297945-T-C 0.9302260675411667 0.9302260675411667 0.9302260675411667 0.9302260675411667 0.9302260675411667 0.9302260675411667 0.9302260675411667 0.9302260675411667 0.00010809642200837466 0.9302260675411667 0.00010809642200837466 0.9302260675411667 0.9302260675411667 0.9302260675411667 0.9302260675411667 0.9302260675411667 0.9302260675411667 0.9302260675411667 0.9302260675411667 0.9302260675411667 0.9302260675411667 0.9302260675411667 0.9302260675411667 0.9302260675411667
1-88214783-C-G 0.00010809642200837466 0.00010809642200837466 0.00010809642200837466 0.00010809642200837466 0.00010809642200837466 0.00010809642200837466 0.00010809642200837466 0.00010809642200837466 0.00010809642200837466 0.00010809642200837466 0.9302260675411667 0.9302260675411667 0.00010809642200837466 0.00010809642200837466 0.00010809642200837466 0.00010809642200837466 0.9302260675411667 0.00010809642200837466 0.00010809642200837466 0.00010809642200837466 0.00010809642200837466 0.00010809642200837466 0.9302260675411667 0.00010809642200837466
13-67609711-A-T 0.9302260675411667 0.9302260675411667 0.9302260675411667 0.9302260675411667 0.9302260675411667 0.9302260675411667 0.9302260675411667 0.9302260675411667 0.00010809642200837466 0.9302260675411667 0.00010809642200837466 0.9302260675411667 0.9302260675411667 0.9302260675411667 0.9302260675411667 0.9302260675411667 0.9302260675411667 0.9302260675411667 0.9302260675411667 0.9302260675411667 0.9302260675411667 0.9302260675411667 0.9302260675411667 0.9302260675411667
14-8644365-T-G 0.00010809642200837466 0.00010809642200837466 0.00010809642200837466 0.00010809642200837466 0.00010809642200837466 0.00010809642200837466 0.00010809642200837466 0.00010809642200837466 0.00010809642200837466 0.00010809642200837466 0.00010809642200837466 0.00010809642200837466 0.00010809642200837466 0.00010809642200837466 0.00010809642200837466 0.00010809642200837466 0.00010809642200837466 0.9302260675411667 0.00010809642200837466 0.00010809642200837466 0.00010809642200837466 0.00010809642200837466 0.00010809642200837466 0.00010809642200837466
15-16851029-A-G 0.00010809642200837466 0.9302260675411667 0.9302260675411667 0.9302260675411667 0.9302260675411667 0.00010809642200837466 0.9302260675411667 0.9302260675411667 0.9302260675411667 0.9302260675411667 0.9302260675411667 0.9302260675411667 0.00010809642200837466 0.9302260675411667 0.9302260675411667 0.9302260675411667 0.9302260675411667 0.9302260675411667 0.9302260675411667 0.9302260675411667 0.9302260675411667 0.9302260675411667 0.9302260675411667 0.9302260675411667
1-92589267-G-A 0.9302260675411667 0.00010809642200837466 0.9302260675411667 0.9302260675411667 0.9302260675411667 0.9302260675411667 0.00010809642200837466 0.00010809642200837466 0.9302260675411667 0.00010809642200837466 0.9302260675411667 0.9302260675411667 0.9302260675411667 0.9302260675411667 0.9302260675411667 0.9302260675411667 0.9302260675411667 0.9302260675411667 0.9302260675411667 0.9302260675411667 0.9302260675411667 0.9302260675411667 0.9302260675411667 0.9302260675411667
5-142390272-A-G 0.00010809642200837466 0.00010809642200837466 0.9302260675411667 0.00010809642200837466 0.00010809642200837466 0.00010809642200837466 0.00010809642200837466 0.00010809642200837466 0.00010809642200837466 0.00010809642200837466 0.00010809642200837466 0.00010809642200837466 0.00010809642200837466 0.00010809642200837466 0.00010809642200837466 0.00010809642200837466 0.00010809642200837466 0.00010809642200837466 0.00010809642200837466 0.00010809642200837466 0.00010809642200837466 0.00010809642200837466 0.00010809642200837466 0.00010809642200837466
2-102832406-C-A 0.00010809642200837466 0.9302260675411667 0.9302260675411667 0.9302260675411667 0.9302260675411667 0.00010809642200837466 0.9302260675411667 0.9302260675411667 0.9302260675411667 0.9302260675411667 0.9302260675411667 0.9302260675411667 0.00010809642200837466 0.9302260675411667 0.9302260675411667 0.9302260675411667 0.9302260675411667 0.9302260675411667 0.9302260675411667 0.9302260675411667 0.9302260675411667 0.9302260675411667 0.9302260675411667 0.9302260675411667
8-77420033-A-G 0.9302260675411667 0.9302260675411667 0.9302260675411667 0.00010809642200837466 0.9302260675411667 0.9302260675411667 0.9302260675411667 0.9302260675411667 0.9302260675411667 0.9302260675411667 0.9302260675411667 0.9302260675411667 0.9302260675411667 0.9302260675411667 0.9302260675411667 0.9302260675411667 0.00010809642200837466 0.9302260675411667 0.9302260675411667 0.00010809642200837466 0.9302260675411667 0.9302260675411667 0.9302260675411667 0.9302260675411667
19-42747619-C-A 0.9302260675411667 0.9302260675411667 0.9302260675411667 0.9302260675411667 0.9302260675411667 0.9302260675411667 0.9302260675411667 0.9302260675411667 0.00010809642200837466 0.9302260675411667 0.00010809642200837466 0.9302260675411667 0.9302260675411667 0.9302260675411667 0.9302260675411667 0.9302260675411667 0.9302260675411667 0.9302260675411667 0.9302260675411667 0.9302260675411667 0.9302260675411667 0.9302260675411667 0.9302260675411667 0.9302260675411667
8-69522677-A-C 0.00010809642200837466 0.9302260675411667 0.9302260675411667 0.9302260675411667 0.9302260675411667 0.00010809642200837466 0.9302260675411667 0.9302260675411667 0.00010809642200837466 0.9302260675411667 0.00010809642200837466 0.9302260675411667 0.00010809642200837466 0.9302260675411667 0.00010809642200837466 0.9302260675411667 0.9302260675411667 0.9302260675411667 0.9302260675411667 0.9302260675411667 0.9302260675411667 0.9302260675411667 0.00010809642200837466 0.9302260675411667
15-9612668-A-T 0.9302260675411667 0.9302260675411667 0.9302260675411667 0.9302260675411667 0.9302260675411667 0.9302260675411667 0.9302260675411667 0.9302260675411667 0.9302260675411667 0.9302260675411667 0.9302260675411667 0.9302260675411667 0.9302260675411667 0.00010809642200837466 0.9302260675411667 0.9302260675411667 0.9302260675411667 0.9302260675411667 0.9302260675411667 0.9302260675411667 0.9302260675411667 0.9302260675411667 0.9302260675411667 0.00010809642200837466
7-44105987-T-C 0.9302260675411667 0.9302260675411667 0.9302260675411667 0.9302260675411667 0.9302260675411667 0.9302260675411667 0.9302260675411667 0.9302260675411667 0.00010809642200837466 0.9302260675411667 0.00010809642200837466 0.9302260675411667 0.9302260675411667 0.9302260675411667 0.9302260675411667 0.9302260675411667 0.9302260675411667 0.9302260675411667 0.9302260675411667 0.9302260675411667 0.9302260675411667 0.9302260675411667 0.9302260675411667 0.9302260675411667
16-5049899-G-C 0.9302260675411667 0.9302260675411667 0.9302260675411667 0.00010809642200837466 0.9302260675411667 0.9302260675411667 0.9302260675411667 0.9302260675411667 0.9302260675411667 0.9302260675411667 0.9302260675411667 0.9302260675411667 0.9302260675411667 0.9302260675411667 0.9302260675411667 0.9302260675411667 0.00010809642200837466 0.9302260675411667 0.9302260675411667 0.00010809642200837466 0.9302260675411667 0.9302260675411667 0.9302260675411667 0.9302260675411667
8-9990441-C-T 0.9302260675411667 0.9302260675411667 0.9302260675411667 0.9302260675411667 0.9302260675411667 0.9302260675411667 0.9302260675411667 0.9302260675411667 0.00010809642200837466 0.9302260675411667 0.00010809642200837466 0.9302260675411667 0.9302260675411667 0.9302260675411667 0.9302260675411667 0.9302260675411667 0.9302260675411667 0.9302260675411667 0.9302260675411667 0.9302260675411667 0.9302260675411667 0.9302260675411667 0.9302260675411667 0.9302260675411667
13-99344676-C-G 0.9302260675411667 0.00010809642200837466 0.9302260675411667 0.9302260675411667 0.9302260675411667 0.9302260675411667 0.00010809642200837466 0.9302260675411667 0.9302260675411667 0.9302260675411667 0.9302260675411667 0.9302260675411667 0.9302260675411667 0.9302260675411667 0.9302260675411667 0.9302260675411667 0.9302260675411667 0.9302260675411667 0.9302260675411667 0.9302260675411667 0.9302260675411667 0.9302260675411667 0.9302260675411667 0.9302260675411667
3-146505419-C-G 0.00010809642200837466 0.9302260675411667 0.00010809642200837466 0.00010809642200837466 0.00010809642200837466 0.00010809642200837466 0.00010809642200837466 0.9302260675411667 0.00010809642200837466 0.9302260675411667 0.00010809642200837466 0.00010809642200837466 0.00010809642200837466 0.00010809642200837466 0.9302260675411667 0.9302260675411667 0.00010809642200837466 0.9302260675411667 0.00010809642200837466 0.00010809642200837466 0.00010809642200837466 0.9302260675411667 0.00010809642200837466 0.00010809642200837466
14-76099331-C-A 0.9302260675411667 0.9302260675411667 0.9302260675411667 0.9302260675411667 0.9302260675411667 0.9302260675411667 0.9302260675411667 0.9302260675411667 0.9302260675411667 0.9302260675411667 0.9302260675411667 0.9302260675411667 0.9302260675411667 0.00010809642200837466 0.9302260675411667 0.9302260675411667 0.9302260675411667 0.9302260675411667 0.9302260675411667 0.9302260675411667 0.9302260675411667 0.9302260675411667 0.9302260675411667 0.00010809642200837466
16-17081718-T-G 0.9302260675411667 0.00010809642200837466 0.9302260675411667 0.9302260675411667 0.9302260675411667 0.9302260675411667 0.00010809642200837466 0.9302260675411667 0.9302260675411667 0.9302260675411667 0.9302260675411667 0.9302260675411667 0.9302260675411667 0.9302260675411667 0.9302260675411667 0.9302260675411667 0.9302260675411667 0.9302260675411667 0.9302260675411667 0.9302260675411667 0.9302260675411667 0.9302260675411667 0.9302260675411667 0.9302260675411667
6-88126513-T-G 0.9302260675411667 0.9302260675411667 0.9302260675411667 0.00010809642200837466 0.9302260675411667 0.9302260675411667 0.9302260675411667 0.9302260675411667 0.9302260675411667 0.9302260675411667 0.9302260675411667 0.9302260675411667 0.9302260675411667 0.9302260675411667 0.9302260675411667 0.9302260675411667 0.00010809642200837466 0.9302260675411667 0.9302260675411667 0.00010809642200837466 0.9302260675411667 0.9302260675411667 0.9302260675411667 0.9302260675411667
2-129123332-G-A 0.00010809642200837466 0.00010809642200837466 0.00010809642200837466 0.00010809642200837466 0.00010809642200837466 0.00010809642200837466 0.00010809642200837466 0.00010809642200837466 0.00010809642200837466 0.00010809642200837466 0.00010809642200837466 0.9302260675411667 0.00010809642200837466 0.00010809642200837466 0.00010809642200837466 0.00010809642200837466 0.00010809642200837466 0.00010809642200837466 0.00010809642200837466 0.00010809642200837466 0.00010809642200837466 0.00010809642200837466 0.00010809642200837466 0.00010809642200837466
1-133132344-G-C 0.9302260675411667 0.9302260675411667 0.9302260675411667 0.9302260675411667 0.9302260675411667 0.9302260675411667 0.9302260675411667 0.9302260675411667 0.00010809642200837466 0.9302260675411667 0.00010809642200837466 0.9302260675411667 0.9302260675411667 0.9302260675411667 0.9302260675411667 0.9302260675411667 0.9302260675411667 0.9302260675411667 0.9302260675411667 0.9302260675411667 0.9302260675411667 0.9302260675411667 0.9302260675411667 0.9302260675411667
18-22105438-A-T 0.9302260675411667 0.9302260675411667 0.9302260675411667 0.9302260675411667 0.9302260675411667 0.9302260675411667 0.9302260675411667 0.9302260675411667 0.00010809642200837466 0.9302260675411667 0.00010809642200837466 0.9302260675411667 0.9302260675411667 0.9302260675411667 0.9302260675411667 0.9302260675411667 0.9302260675411667 0.9302260675411667 0.9302260675411667 0.9302260675411667 0.9302260675411667 0.9302260675411667 0.9302260675411667 0.9302260675411667
6-68151785-T-C 0.9302260675411667 0.9302260675411667 0.9302260675411667 0.9302260675411667 0.9302260675411667 0.9302260675411667 0.9302260675411667 0.9302260675411667 0.9302260675411667 0.9302260675411667 0.9302260675411667 0.00010809642200837466 0.9302260675411667 0.9302260675411667 0.9302260675411667 0.9302260675411667 0.9302260675411667 0.9302260675411667 0.9302260675411667 0.9302260675411667 0.00010809642200837466 0.9302260675411667 0.9302260675411667 0.9302260675411667
15-101930750-A-C 0.9302260675411667 0.9302260675411667 0.9302260675411667 0.00010809642200837466 0.9302260675411667 0.9302260675411667 0.9302260675411667 0.9302260675411667 0.9302260675411667 0.9302260675411667 0.9302260675411667 0.9302260675411667 0.9302260675411667 0.9302260675411667 0.9302260675411667 0.9302260675411667 0.00010809642200837466 0.9302260675411667 0.9302260675411667 0.00010809642200837466 0.9302260675411667 0.9302260675411667 0.9302260675411667 0.9302260675411667
16-62928255-A-G 0.9302260675411667 0.9302260675411667 0.9302260675411667 0.9302260675411667 0.9302260675411667 0.9302260675411667 0.9302260675411667 0.9302260675411667 0.9302260675411667 0.9302260675411667 0.9302260675411667 0.00010809642200837466 0.9302260675411667 0.9302260675411667 0.9302260675411667 0.9302260675411667 0.9302260675411667 0.9302260675411667 0.00010809642200837466 0.9302260675411667 0.9302260675411667 0.00010809642200837466 0.9302260675411667 0.9302260675411667
7-118780019-C-T 0.9302260675411667 0.00010809642200837466 0.9302260675411667 0.9302260675411667 0.9302260675411667 0.9302260675411667 0.00010809642200837466 0.00010809642200837466 0.9302260675411667 0.00010809642200837466 0.9302260675411667 0.9302260675411667 0.9302260675411667 0.9302260675411667 0.9302260675411667 0.9302260675411667 0.9302260675411667 0.9302260675411667 0.9302260675411667 0.9302260675411667 0.9302260675411667 0.9302260675411667 0.9302260675411667 0.9302260675411667
9-103112197-T-A 0.00010809642200837466 0.9302260675411667 0.9302260675411667 0.9302260675411667 0.9302260675411667 0.00010809642200837466 0.9302260675411667 0.9302260675411667 0.9302260675411667 0.9302260675411667 0.9302260675411667 0.9302260675411667 0.00010809642200837466 0.9302260675411667 0.9302260675411667 0.9302260675411667 0.9302260675411667 0.9302260675411667 0.9302260675411667 0.9302260675411667 0.9302260675411667 0.9302260675411667 0.9302260675411667 0.9302260675411667
6-121924361-T-C 0.00010809642200837466 0.9302260675411667 0.9302260675411667 0.9302260675411667 0.9302260675411667 0.00010809642200837466 0.9302260675411667 0.9302260675411667 0.9302260675411667 0.9302260675411667 0.9302260675411667 0.9302260675411667 0.00010809642200837466 0.9302260675411667 0.00010809642200837466 0.9302260675411667 0.9302260675411667 0.00010809642200837466 0.9302260675411667 0.9302260675411667 0.9302260675411667 0.9302260675411667 0.00010809642200837466 0.9302260675411667
7-10199922-T-C 0.9302260675411667 0.9302260675411667 0.9302260675411667 0.00010809642200837466 0.9302260675411667 0.9302260675411667 0.9302260675411667 0.9302260675411667 0.9302260675411667 0.9302260675411667 0.9302260675411667 0.9302260675411667 0.9302260675411667 0.9302260675411667 0.9302260675411667 0.9302260675411667 0.00010809642200837466 0.9302260675411667 0.9302260675411667 0.00010809642200837466 0.9302260675411667 0.9302260675411667 0.9302260675411667 0.9302260675411667
6-65831430-A-G 0.00010809642200837466 0.00010809642200837466 0.00010809642200837466 0.00010809642200837466 0.00010809642200837466 0.00010809642200837466 0.00010809642200837466 0.00010809642200837466 0.9302260675411667 0.00010809642200837466 0.9302260675411667 0.00010809642200837466 0.00010809642200837466 0.00010809642200837466 0.00010809642200837466 0.00010809642200837466 0.00010809642200837466 0.00010809642200837466 0.00010809642200837466 0.00010809642200837466 0.00010809642200837466 0.00010809642200837466 0.00010809642200837466 0.00010809642200837466
2-12980411-T-G 0.00010809642200837466 0.9302260675411667 0.9302260675411667 0.9302260675411667 0.9302260675411667 0.9302260675411667 0.9302260675411667 0.9302260675411667 0.9302260675411667 0.9302260675411667 0.9302260675411667 0.9302260675411667 0.00010809642200837466 0.9302260675411667 0.9302260675411667 0.9302260675411667 0.9302260675411667 0.9302260675411667 0.9302260675411667 0.9302260675411667 0.9302260675411667 0.9302260675411667 0.9302260675411667 0.9302260675411667
4-115800300-A-G 0.00010809642200837466 0.9302260675411667 0.9302260675411667 0.9302260675411667 0.9302260675411667 0.00010809642200837466 0.9302260675411667 0.9302260675411667 0.9302260675411667 0.9302260675411667 0.9302260675411667 0.9302260675411667 0.00010809642200837466 0.9302260675411667 0.00010809642200837466 0.9302260675411667 0.9302260675411667 0.9302260675411667 0.9302260675411667 0.9302260675411667 0.9302260675411667 0.9302260675411667 0.00010809642200837466 0.9302260675411667
1-177043950-T-G 0.9302260675411667 0.9302260675411667 0.9302260675411667 0.00010809642200837466 0.9302260675411667 0.9302260675411667 0.9302260675411667 0.9302260675411667 0.9302260675411667 0.9302260675411667 0.9302260675411667 0.9302260675411667 0.9302260675411667 0.9302260675411667 0.9302260675411667 0.9302260675411667 0.00010809642200837466 0.9302260675411667 0.9302260675411667 0.00010809642200837466 0.9302260675411667 0.9302260675411667 0.9302260675411667 0.9302260675411667
11-102351205-T-C 0.9302260675411667 0.9302260675411667 0.9302260675411667 0.9302260675411667 0.9302260675411667 0.9302260675411667 0.9302260675411667 0.9302260675411667 0.00010809642200837466 0.9302260675411667 0.00010809642200837466 0.9302260675411667 0.9302260675411667 0.9302260675411667 0.9302260675411667 0.9302260675411667 0.9302260675411667 0.9302260675411667 0.9302260675411667 0.9302260675411667 0.9302260675411667 0.9302260675411667 0.9302260675411667 0.9302260675411667
15-101031723-G-A 0.9302260675411667 0.9302260675411667 0.9302260675411667 0.9302260675411667 0.9302260675411667 0.9302260675411667 0.9302260675411667 0.9302260675411667 0.00010809642200837466 0.9302260675411667 0.00010809642200837466 0.9302260675411667 0.9302260675411667 0.9302260675411667 0.9302260675411667 0.9302260675411667 0.9302260675411667 0.9302260675411667 0.9302260675411667 0.9302260675411667 0.9302260675411667 0.9302260675411667 0.9302260675411667 0.9302260675411667
1-46243240-T-G 0.9302260675411667 0.00010809642200837466 0.9302260675411667 0.9302260675411667 0.00010809642200837466 0.9302260675411667 0.00010809642200837466 0.00010809642200837466 0.9302260675411667 0.00010809642200837466 0.9302260675411667 0.9302260675411667 0.9302260675411667 0.9302260675411667 0.9302260675411667 0.9302260675411667 0.9302260675411667 0.9302260675411667 0.9302260675411667 0.9302260675411667 0.9302260675411667 0.9302260675411667 0.9302260675411667 0.9302260675411667
14-4323156-G-A 0.9302260675411667 0.9302260675411667 0.9302260675411667 0.9302260675411667 0.9302260675411667 0.9302260675411667 0.9302260675411667 0.9302260675411667 0.9302260675411667 0.9302260675411667 0.9302260675411667 0.9302260675411667 0.9302260675411667 0.00010809642200837466 0.9302260675411667 0.9302260675411667 0.9302260675411667 0.9302260675411667 0.9302260675411667 0.9302260675411667 0.9302260675411667 0.9302260675411667 0.9302260675411667 0.00010809642200837466
1-185399222-C-G 0.00010809642200837466 0.9302260675411667 0.9302260675411667 0.9302260675411667 0.9302260675411667 0.00010809642200837466 0.9302260675411667 0.9302260675411667 0.9302260675411667 0.9302260675411667 0.9302260675411667 0.9302260675411667 0.00010809642200837466 0.9302260675411667 0.9302260675411667 0.9302260675411667 0.9302260675411667 0.9302260675411667 0.9302260675411667 0.9302260675411667 0.9302260675411667 0.9302260675411667 0.9302260675411667 0.9302260675411667
13-66543323-C-T 0.00010809642200837466 0.00010809642200837466 0.00010809642200837466 0.00010809642200837466 0.00010809642200837466 0.00010809642200837466 0.00010809642200837466 0.00010809642200837466 0.00010809642200837466 0.00010809642200837466 0.00010809642200837466 0.00010809642200837466 0.00010809642200837466 0.00010809642200837466 0.00010809642200837466 0.00010809642200837466 0.00010809642200837466 0.00010809642200837466 0.00010809642200837466 0.00010809642200837466 0.00010809642200837466 0.00010809642200837466 0.00010809642200837466 0.9302260675411667
6-87188709-A-T 0.9302260675411667 0.00010809642200837466 0.00010809642200837466 0.00010809642200837466 0.00010809642200837466 0.9302260675411667 0.00010809642200837466 0.00010809642200837466 0.00010809642200837466 0.00010809642200837466 0.00010809642200837466 0.00010809642200837466 0.9302260675411667 0.00010809642200837466 0.9302260675411667 0.00010809642200837466 0.00010809642200837466 0.00010809642200837466 0.00010809642200837466 0.00010809642200837466 0.00010809642200837466 0.00010809642200837466 0.00010809642200837466 0.00010809642200837466
15-44630115-A-C 0.9302260675411667 0.00010809642200837466 0.9302260675411667 0.9302260675411667 0.9302260675411667 0.9302260675411667 0.00010809642200837466 0.9302260675411667 0.9302260675411667 0.9302260675411667 0.9302260675411667 0.9302260675411667 0.9302260675411667 0.9302260675411667 0.9302260675411667 0.9302260675411667 0.9302260675411667 0.9302260675411667 0.9302260675411667 0.9302260675411667 0.9302260675411667 0.9302260675411667 0.9302260675411667 0.9302260675411667
3-8881200-G-C 0.9302260675411667 0.00010809642200837466 0.9302260675411667 0.9302260675411667 0.9302260675411667 0.9302260675411667 0.00010809642200837466 0.9302260675411667 0.9302260675411667 0.9302260675411667 0.9302260675411667 0.9302260675411667 0.9302260675411667 0.9302260675411667 0.9302260675411667 0.9302260675411667 0.9302260675411667 0.9302260675411667 0.9302260675411667 0.9302260675411667 0.9302260675411667 0.9302260675411667 0.9302260675411667 0.9302260675411667
2-155185631-G-A 0.9302260675411667 0.00010809642200837466 0.9302260675411667 0.9302260675411667 0.9302260675411667 0.9302260675411667 0.00010809642200837466 0.9302260675411667 0.9302260675411667 0.9302260675411667 0.9302260675411667 0.9302260675411667 0.9302260675411667 0.9302260675411667 0.9302260675411667 0.9302260675411667 0.9302260675411667 0.9302260675411667 0.9302260675411667 0.9302260675411667 0.9302260675411667 0.9302260675411667 0.9302260675411667 0.9302260675411667
7-59728404-T-A 0.9302260675411667 0.00010809642200837466 0.9302260675411667 0.9302260675411667 0.9302260675411667 0.9302260675411667 0.00010809642200837466 0.9302260675411667 0.9302260675411667 0.9302260675411667 0.9302260675411667 0.9302260675411667 0.9302260675411667 0.9302260675411667 0.9302260675411667 0.9302260675411667 0.9302260675411667 0.9302260675411667 0.9302260675411667 0.9302260675411667 0.9302260675411667 0.9302260675411667 0.9302260675411667 0.9302260675411667
13-94531978-T-G 0.00010809642200837466 0.00010809642200837466 0.00010809642200837466 0.00010809642200837466 0.00010809642200837466 0.00010809642200837466 0.00010809642200837466 0.00010809642200837466 0.00010809642200837466 0.00010809642200837466 0.00010809642200837466 0.00010809642200837466 0.00010809642200837466 0.00010809642200837466 0.00010809642200837466 0.00010809642200837466 0.00010809642200837466 0.00010809642200837466 0.00010809642200837466 0.00010809642200837466 0.00010809642200837466 0.00010809642200837466 0.00010809642200837466 0.9302260675411667
6-113676655-G-A 0.00010809642200837466 0.9302260675411667 0.9302260675411667 0.9302260675411667 0.9302260675411667 0.00010809642200837466 0.9302260675411667 0.9302260675411667 0.9302260675411667 0.9302260675411667 0.9302260675411667 0.9302260675411667 0.00010809642200837466 0.9302260675411667 0.9302260675411667 0.9302260675411667 0.9302260675411667 0.9302260675411667 0.9302260675411667 0.9302260675411667 0.9302260675411667 0.9302260675411667 0.9302260675411667 0.9302260675411667
19-23994815-G-C 0.00010809642200837466 0.9302260675411667 0.9302260675411667 0.9302260675411667 0.9302260675411667 0.9302260675411667 0.9302260675411667 0.9302260675411667 0.9302260675411667 0.9302260675411667 0.9302260675411667 0.9302260675411667 0.00010809642200837466 0.9302260675411667 0.9302260675411667 0.9302260675411667 0.9302260675411667 0.9302260675411667 0.9302260675411667 0.9302260675411667 0.9302260675411667 0.9302260675411667 0.9302260675411667 0.9302260675411667
14-8644365-T-G 0.00010809642200837466 0.00010809642200837466 0.00010809642200837466 0.00010809642200837466 0.00010809642200837466 0.00010809642200837466 0.00010809642200837466 0.00010809642200837466 0.00010809642200837466 0.00010809642200837466 0.00010809642200837466 0.00010809642200837466 0.00010809642200837466 0.00010809642200837466 0.00010809642200837466 0.00010809642200837466 0.00010809642200837466 0.9302260675411667 0.00010809642200837466 0.00010809642200837466 0.00010809642200837466 0.00010809642200837466 0.00010809642200837466 0.00010809642200837466
13-66875066-A-T 0.00010809642200837466 0.00010809642200837466 0.00010809642200837466 0.00010809642200837466 0.00010809642200837466 0.00010809642200837466 0.00010809642200837466 0.00010809642200837466 0.00010809642200837466 0.00010809642200837466 0.00010809642200837466 0.00010809642200837466 0.00010809642200837466 0.00010809642200837466 0.00010809642200837466 0.00010809642200837466 0.00010809642200837466 0.00010809642200837466 0.00010809642200837466 0.00010809642200837466 0.00010809642200837466 0.00010809642200837466 0.00010809642200837466 0.9302260675411667
14-76099331-C-A 0.9302260675411667 0.9302260675411667 0.9302260675411667 0.9302260675411667 0.9302260675411667 0.9302260675411667 0.9302260675411667 0.9302260675411667 0.9302260675411667 0.9302260675411667 0.9302260675411667 0.9302260675411667 0.9302260675411667 0.00010809642200837466 0.9302260675411667 0.9302260675411667 0.9302260675411667 0.9302260675411667 0.9302260675411667 0.9302260675411667 0.9302260675411667 0.9302260675411667 0.9302260675411667 0.00010809642200837466
11-11863615-C-T 0.9302260675411667 0.00010809642200837466 0.9302260675411667 0.9302260675411667 0.9302260675411667 0.9302260675411667 0.00010809642200837466 0.9302260675411667 0.9302260675411667 0.9302260675411667 0.9302260675411667 0.9302260675411667 0.9302260675411667 0.9302260675411667 0.9302260675411667 0.9302260675411667 0.9302260675411667 0.9302260675411667 0.9302260675411667 0.9302260675411667 0.9302260675411667 0.9302260675411667 0.9302260675411667 0.9302260675411667
2-60303482-A-C 0.00010809642200837466 0.00010809642200837466 0.00010809642200837466 0.00010809642200837466 0.00010809642200837466 0.00010809642200837466 0.00010809642200837466 0.00010809642200837466 0.9302260675411667 0.00010809642200837466 0.00010809642200837466 0.9302260675411667 0.00010809642200837466 0.00010809642200837466 0.00010809642200837466 0.00010809642200837466 0.00010809642200837466 0.00010809642200837466 0.00010809642200837466 0.00010809642200837466 0.00010809642200837466 0.00010809642200837466 0.00010809642200837466 0.00010809642200837466
1-89837658-T-G 0.00010809642200837466 0.9302260675411667 0.9302260675411667 0.9302260675411667 0.9302260675411667 0.9302260675411667 0.9302260675411667 0.9302260675411667 0.9302260675411667 0.9302260675411667 0.9302260675411667 0.9302260675411667 0.00010809642200837466 0.9302260675411667 0.9302260675411667 0.9302260675411667 0.9302260675411667 0.9302260675411667 0.9302260675411667 0.9302260675411667 0.9302260675411667 0.9302260675411667 0.9302260675411667 0.9302260675411667
13-50431616-G-T 0.9302260675411667 0.9302260675411667 0.9302260675411667 0.9302260675411667 0.9302260675411667 0.9302260675411667 0.9302260675411667 0.9302260675411667 0.00010809642200837466 0.9302260675411667 0.00010809642200837466 0.9302260675411667 0.9302260675411667 0.9302260675411667 0.9302260675411667 0.9302260675411667 0.9302260675411667 0.9302260675411667 0.9302260675411667 0.9302260675411667 0.9302260675411667 0.9302260675411667 0.9302260675411667 0.9302260675411667
8-40938173-C-G 0.00010809642200837466 0.9302260675411667 0.9302260675411667 0.9302260675411667 0.9302260675411667 0.9302260675411667 0.9302260675411667 0.9302260675411667 0.9302260675411667 0.9302260675411667 0.9302260675411667 0.9302260675411667 0.00010809642200837466 0.9302260675411667 0.9302260675411667 0.9302260675411667 0.9302260675411667 0.9302260675411667 0.9302260675411667 0.9302260675411667 0.9302260675411667 0.9302260675411667 0.9302260675411667 0.9302260675411667
2-166074857-T-C 0.00010809642200837466 0.00010809642200837466 0.00010809642200837466 0.00010809642200837466 0.00010809642200837466 0.00010809642200837466 0.00010809642200837466 0.00010809642200837466 0.00010809642200837466 0.00010809642200837466 0.00010809642200837466 0.9302260675411667 0.00010809642200837466 0.00010809642200837466 0.00010809642200837466 0.00010809642200837466 0.00010809642200837466 0.00010809642200837466 0.00010809642200837466 0.00010809642200837466 0.00010809642200837466 0.00010809642200837466 0.00010809642200837466 0.00010809642200837466
16-28564720-A-C 0.9302260675411667 0.9302260675411667 0.9302260675411667 0.9302260675411667 0.9302260675411667 0.9302260675411667 0.9302260675411667 0.9302260675411667 0.00010809642200837466 0.9302260675411667 0.00010809642200837466 0.9302260675411667 0.9302260675411667 0.9302260675411667 0.9302260675411667 0.9302260675411667 0.9302260675411667 0.9302260675411667 0.9302260675411667 0.9302260675411667 0.9302260675411667 0.9302260675411667 0.9302260675411667 0.9302260675411667
5-124791693-G-A 0.9302260675411667 0.00010809642200837466 0.9302260675411667 0.9302260675411667 0.00010809642200837466 0.9302260675411667 0.00010809642200837466 0.00010809642200837466 0.9302260675411667 0.00010809642200837466 0.9302260675411667 0.9302260675411667 0.9302260675411667 0.9302260675411667 0.9302260675411667 0.9302260675411667 0.9302260675411667 0.9302260675411667 0.9302260675411667 0.9302260675411667 0.9302260675411667 0.9302260675411667 0.9302260675411667 0.9302260675411667
7-41219228-A-G 0.00010809642200837466 0.9302260675411667 0.9302260675411667 0.9302260675411667 0.9302260675411667 0.00010809642200837466 0.9302260675411667 0.9302260675411667 0.9302260675411667 0.9302260675411667 0.9302260675411667 0.9302260675411667 0.00010809642200837466 0.9302260675411667 0.00010809642200837466 0.9302260675411667 0.9302260675411667 0.9302260675411667 0.9302260675411667 0.9302260675411667 0.9302260675411667 0.9302260675411667 0.00010809642200837466 0.9302260675411667
13-21229346-G-A 0.00010809642200837466 0.00010809642200837466 0.00010809642200837466 0.00010809642200837466 0.00010809642200837466 0.9302260675411667 0.00010809642200837466 0.00010809642200837466 0.00010809642200837466 0.00010809642200837466 0.00010809642200837466 0.00010809642200837466 0.00010809642200837466 0.00010809642200837466 0.00010809642200837466 0.00010809642200837466 0.9302260675411667 0.9302260675411667 0.00010809642200837466 0.00010809642200837466 0.00010809642200837466 0.00010809642200837466 0.00010809642200837466 0.00010809642200837466
11-120904018-T-C 0.9302260675411667 0.9302260675411667 0.9302260675411667 0.9302260675411667 0.9302260675411667 0.9302260675411667 0.9302260675411667 0.9302260675411667 0.00010809642200837466 0.9302260675411667 0.00010809642200837466 0.9302260675411667 0.9302260675411667 0.9302260675411667 0.9302260675411667 0.9302260675411667 0.9302260675411667 0.9302260675411667 0.9302260675411667 0.9302260675411667 0.9302260675411667 0.9302260675411667 0.9302260675411667 0.9302260675411667
14-51988976-C-A 0.9302260675411667 0.00010809642200837466 0.9302260675411667 0.9302260675411667 0.9302260675411667 0.9302260675411667 0.00010809642200837466 0.9302260675411667 0.9302260675411667 0.9302260675411667 0.9302260675411667 0.9302260675411667 0.9302260675411667 0.9302260675411667 0.9302260675411667 0.9302260675411667 0.9302260675411667 0.9302260675411667 0.9302260675411667 0.9302260675411667 0.9302260675411667 0.9302260675411667 0.9302260675411667 0.9302260675411667
9-48495220-T-C 0.9302260675411667 0.9302260675411667 0.9302260675411667 0.9302260675411667 0.9302260675411667 0.9302260675411667 0.9302260675411667 0.9302260675411667 0.9302260675411667 0.9302260675411667 0.9302260675411667 0.9302260675411667 0.9302260675411667 0.9302260675411667 0.9302260675411667 0.9302260675411667 0.9302260675411667 0.9302260675411667 0.00010809642200837466 0.9302260675411667 0.9302260675411667 0.00010809642200837466 0.9302260675411667 0.9302260675411667
2-113834823-C-T 0.00010809642200837466 0.9302260675411667 0.9302260675411667 0.9302260675411667 0.9302260675411667 0.00010809642200837466 0.9302260675411667 0.9302260675411667 0.9302260675411667 0.9302260675411667 0.9302260675411667 0.9302260675411667 0.00010809642200837466 0.9302260675411667 0.00010809642200837466 0.9302260675411667 0.9302260675411667 0.9302260675411667 0.9302260675411667 0.9302260675411667 0.9302260675411667 0.9302260675411667 0.9302260675411667 0.9302260675411667
5-34485895-T-G 0.9302260675411667 0.9302260675411667 0.9302260675411667 0.9302260675411667 0.9302260675411667 0.9302260675411667 0.9302260675411667 0.9302260675411667 0.9302260675411667 0.9302260675411667 0.9302260675411667 0.00010809642200837466 0.9302260675411667 0.9302260675411667 0.9302260675411667 0.9302260675411667 0.9302260675411667 0.9302260675411667 0.9302260675411667 0.9302260675411667 0.00010809642200837466 0.9302260675411667 0.9302260675411667 0.9302260675411667
9-48495220-T-C 0.9302260675411667 0.9302260675411667 0.9302260675411667 0.9302260675411667 0.9302260675411667 0.9302260675411667 0.9302260675411667 0.9302260675411667 0.9302260675411667 0.9302260675411667 0.9302260675411667 0.9302260675411667 0.9302260675411667 0.9302260675411667 0.9302260675411667 0.9302260675411667 0.9302260675411667 0.9302260675411667 0.00010809642200837466 0.9302260675411667 0.9302260675411667 0.00010809642200837466 0.9302260675411667 0.9302260675411667
1-91933308-T-C 0.00010809642200837466 0.9302260675411667 0.9302260675411667 0.9302260675411667 0.9302260675411667 0.9302260675411667 0.9302260675411667 0.9302260675411667 0.9302260675411667 0.9302260675411667 0.9302260675411667 0.9302260675411667 0.00010809642200837466 0.9302260675411667 0.9302260675411667 0.9302260675411667 0.9302260675411667 0.9302260675411667 0.9302260675411667 0.9302260675411667 0.9302260675411667 0.9302260675411667 0.9302260675411667 0.9302260675411667
13-102751657-T-C 0.9302260675411667 0.9302260675411667 0.9302260675411667 0.9302260675411667 0.9302260675411667 0.9302260675411667 0.9302260675411667 0.9302260675411667 0.00010809642200837466 0.9302260675411667 0.00010809642200837466 0.9302260675411667 0.9302260675411667 0.9302260675411667 0.9302260675411667 0.9302260675411667 0.9302260675411667 0.9302260675411667 0.9302260675411667 0.9302260675411667 0.9302260675411667 0.9302260675411667 0.9302260675411667 0.9302260675411667
8-21316452-A-C 0.00010809642200837466 0.9302260675411667 0.9302260675411667 0.9302260675411667 0.9302260675411667 0.00010809642200837466 0.9302260675411667 0.9302260675411667 0.00010809642200837466 0.9302260675411667 0.00010809642200837466 0.9302260675411667 0.00010809642200837466 0.9302260675411667 0.00010809642200837466 0.9302260675411667 0.9302260675411667 0.9302260675411667 0.9302260675411667 0.9302260675411667 0.9302260675411667 0.9302260675411667 0.00010809642200837466 0.9302260675411667
1-153134717-A-G 0.9302260675411667 0.9302260675411667 0.9302260675411667 0.9302260675411667 0.9302260675411667 0.9302260675411667 0.9302260675411667 0.9302260675411667 0.00010809642200837466 0.9302260675411667 0.00010809642200837466 0.9302260675411667 0.9302260675411667 0.9302260675411667 0.9302260675411667 0.9302260675411667 0.9302260675411667 0.9302260675411667 0.9302260675411667 0.9302260675411667 0.9302260675411667 0.9302260675411667 0.9302260675411667 0.9302260675411667
7-15556670-C-A 0.9302260675411667 0.9302260675411667 0.9302260675411667 0.9302260675411667 0.9302260675411667 0.9302260675411667 0.9302260675411667 0.9302260675411667 0.9302260675411667 0.9302260675411667 0.9302260675411667 0.00010809642200837466 0.9302260675411667 0.9302260675411667 0.9302260675411667 0.9302260675411667 0.9302260675411667 0.9302260675411667 0.9302260675411667 0.9302260675411667 0.00010809642200837466 0.9302260675411667 0.9302260675411667 0.9302260675411667
7-130539024-G-T 0.9302260675411667 0.00010809642200837466 0.9302260675411667 0.9302260675411667 0.9302260675411667 0.9302260675411667 0.00010809642200837466 0.9302260675411667 0.9302260675411667 0.9302260675411667 0.9302260675411667 0.9302260675411667 0.9302260675411667 0.9302260675411667 0.9302260675411667 0.9302260675411667 0.9302260675411667 0.9302260675411667 0.9302260675411667 0.9302260675411667 0.9302260675411667 0.9302260675411667 0.9302260675411667 0.9302260675411667
16-4769029-A-G 0.9302260675411667 0.00010809642200837466 0.9302260675411667 0.9302260675411667 0.9302260675411667 0.9302260675411667 0.00010809642200837466 0.9302260675411667 0.9302260675411667 0.9302260675411667 0.9302260675411667 0.9302260675411667 0.9302260675411667 0.9302260675411667 0.9302260675411667 0.9302260675411667 0.9302260675411667 0.9302260675411667 0.9302260675411667 0.9302260675411667 0.9302260675411667 0.9302260675411667 0.9302260675411667 0.9302260675411667
5-70794748-T-C 0.9302260675411667 0.00010809642200837466 0.9302260675411667 0.9302260675411667 0.9302260675411667 0.9302260675411667 0.00010809642200837466 0.00010809642200837466 0.9302260675411667 0.00010809642200837466 0.9302260675411667 0.9302260675411667 0.9302260675411667 0.9302260675411667 0.9302260675411667 0.9302260675411667 0.9302260675411667 0.9302260675411667 0.9302260675411667 0.9302260675411667 0.9302260675411667 0.9302260675411667 0.9302260675411667 0.9302260675411667
10-91009144-A-G 0.9302260675411667 0.9302260675411667 0.9302260675411667 0.9302260675411667 0.9302260675411667 0.9302260675411667 0.9302260675411667 0.9302260675411667 0.00010809642200837466 0.9302260675411667 0.00010809642200837466 0.9302260675411667 0.9302260675411667 0.9302260675411667 0.9302260675411667 0.9302260675411667 0.9302260675411667 0.9302260675411667 0.9302260675411667 0.9302260675411667 0.9302260675411667 0.9302260675411667 0.9302260675411667 0.9302260675411667
2-87213980-G-A 0.00010809642200837466 0.00010809642200837466 0.00010809642200837466 0.00010809642200837466 0.00010809642200837466 0.00010809642200837466 0.00010809642200837466 0.00010809642200837466 0.00010809642200837466 0.00010809642200837466 0.00010809642200837466 0.9302260675411667 0.00010809642200837466 0.00010809642200837466 0.00010809642200837466 0.00010809642200837466 0.00010809642200837466 0.00010809642200837466 0.00010809642200837466 0.00010809642200837466 0.00010809642200837466 0.00010809642200837466 0.00010809642200837466 0.00010809642200837466
9-45328828-A-T 0.9302260675411667 0.9302260675411667 0.9302260675411667 0.9302260675411667 0.9302260675411667 0.9302260675411667 0.9302260675411667 0.9302260675411667 0.00010809642200837466 0.9302260675411667 0.00010809642200837466 0.9302260675411667 0.9302260675411667 0.9302260675411667 0.9302260675411667 0.9302260675411667 0.9302260675411667 0.9302260675411667 0.9302260675411667 0.9302260675411667 0.9302260675411667 0.9302260675411667 0.9302260675411667 0.9302260675411667
13-50646708-A-G 0.9302260675411667 0.9302260675411667 0.9302260675411667 0.00010809642200837466 0.9302260675411667 0.9302260675411667 0.9302260675411667 0.9302260675411667 0.9302260675411667 0.9302260675411667 0.9302260675411667 0.9302260675411667 0.9302260675411667 0.9302260675411667 0.9302260675411667 0.9302260675411667 0.00010809642200837466 0.9302260675411667 0.9302260675411667 0.00010809642200837466 0.9302260675411667 0.9302260675411667 0.9302260675411667 0.9302260675411667
6-52620124-T-C 0.9302260675411667 0.9302260675411667 0.9302260675411667 0.9302260675411667 0.9302260675411667 0.9302260675411667 0.9302260675411667 0.9302260675411667 0.00010809642200837466 0.9302260675411667 0.00010809642200837466 0.9302260675411667 0.9302260675411667 0.9302260675411667 0.9302260675411667 0.9302260675411667 0.9302260675411667 0.9302260675411667 0.9302260675411667 0.9302260675411667 0.9302260675411667 0.9302260675411667 0.9302260675411667 0.9302260675411667
13-51651785-A-G 0.9302260675411667 0.00010809642200837466 0.9302260675411667 0.9302260675411667 0.9302260675411667 0.9302260675411667 0.00010809642200837466 0.9302260675411667 0.9302260675411667 0.9302260675411667 0.9302260675411667 0.9302260675411667 0.9302260675411667 0.9302260675411667 0.9302260675411667 0.9302260675411667 0.9302260675411667 0.9302260675411667 0.9302260675411667 0.9302260675411667 0.9302260675411667 0.9302260675411667 0.9302260675411667 0.9302260675411667
7-97371556-A-C 0.9302260675411667 0.00010809642200837466 0.9302260675411667 0.9302260675411667 0.9302260675411667 0.9302260675411667 0.00010809642200837466 0.00010809642200837466 0.9302260675411667 0.00010809642200837466 0.9302260675411667 0.9302260675411667 0.9302260675411667 0.9302260675411667 0.9302260675411667 0.9302260675411667 0.9302260675411667 0.9302260675411667 0.9302260675411667 0.9302260675411667 0.9302260675411667 0.9302260675411667 0.9302260675411667 0.9302260675411667
13-74360948-A-C 0.00010809642200837466 0.9302260675411667 0.9302260675411667 0.9302260675411667 0.9302260675411667 0.00010809642200837466 0.9302260675411667 0.9302260675411667 0.9302260675411667 0.9302260675411667 0.9302260675411667 0.9302260675411667 0.00010809642200837466 0.9302260675411667 0.00010809642200837466 0.9302260675411667 0.9302260675411667 0.9302260675411667 0.9302260675411667 0.9302260675411667 0.9302260675411667 0.9302260675411667 0.9302260675411667 0.9302260675411667
2-153781180-T-G 0.00010809642200837466 0.00010809642200837466 0.00010809642200837466 0.00010809642200837466 0.00010809642200837466 0.00010809642200837466 0.00010809642200837466 0.00010809642200837466 0.00010809642200837466 0.00010809642200837466 0.00010809642200837466 0.9302260675411667 0.00010809642200837466 0.00010809642200837466 0.00010809642200837466 0.00010809642200837466 0.00010809642200837466 0.00010809642200837466 0.00010809642200837466 0.00010809642200837466 0.00010809642200837466 0.00010809642200837466 0.00010809642200837466 0.00010809642200837466
7-107590324-A-G 0.00010809642200837466 0.9302260675411667 0.9302260675411667 0.9302260675411667 0.9302260675411667 0.00010809642200837466 0.9302260675411667 0.9302260675411667 0.9302260675411667 0.9302260675411667 0.9302260675411667 0.9302260675411667 0.00010809642200837466 0.9302260675411667 0.00010809642200837466 0.9302260675411667 0.9302260675411667 0.9302260675411667 0.9302260675411667 0.9302260675411667 0.9302260675411667 0.9302260675411667 0.9302260675411667 0.9302260675411667
15-78791169-A-G 0.9302260675411667 0.9302260675411667 0.9302260675411667 0.9302260675411667 0.9302260675411667 0.9302260675411667 0.9302260675411667 0.9302260675411667 0.00010809642200837466 0.9302260675411667 0.00010809642200837466 0.9302260675411667 0.9302260675411667 0.9302260675411667 0.9302260675411667 0.9302260675411667 0.9302260675411667 0.9302260675411667 0.9302260675411667 0.9302260675411667 0.9302260675411667 0.9302260675411667 0.9302260675411667 0.9302260675411667
3-140839579-C-T 0.00010809642200837466 0.9302260675411667 0.9302260675411667 0.9302260675411667 0.9302260675411667 0.00010809642200837466 0.9302260675411667 0.9302260675411667 0.9302260675411667 0.9302260675411667 0.9302260675411667 0.9302260675411667 0.00010809642200837466 0.9302260675411667 0.9302260675411667 0.9302260675411667 0.9302260675411667 0.9302260675411667 0.9302260675411667 0.9302260675411667 0.9302260675411667 0.9302260675411667 0.9302260675411667 0.9302260675411667
9-104036206-C-T 0.00010809642200837466 0.00010809642200837466 0.00010809642200837466 0.9302260675411667 0.00010809642200837466 0.00010809642200837466 0.00010809642200837466 0.00010809642200837466 0.00010809642200837466 0.00010809642200837466 0.00010809642200837466 0.00010809642200837466 0.00010809642200837466 0.00010809642200837466 0.00010809642200837466 0.00010809642200837466 0.00010809642200837466 0.00010809642200837466 0.00010809642200837466 0.00010809642200837466 0.00010809642200837466 0.00010809642200837466 0.9302260675411667 0.00010809642200837466
6-42928343-C-A 0.00010809642200837466 0.00010809642200837466 0.9302260675411667 0.00010809642200837466 0.00010809642200837466 0.00010809642200837466 0.00010809642200837466 0.00010809642200837466 0.9302260675411667 0.00010809642200837466 0.9302260675411667 0.00010809642200837466 0.00010809642200837466 0.00010809642200837466 0.00010809642200837466 0.00010809642200837466 0.00010809642200837466 0.00010809642200837466 0.00010809642200837466 0.00010809642200837466 0.00010809642200837466 0.00010809642200837466 0.00010809642200837466 0.00010809642200837466
2-112869180-G-T 0.00010809642200837466 0.00010809642200837466 0.00010809642200837466 0.00010809642200837466 0.00010809642200837466 0.00010809642200837466 0.00010809642200837466 0.00010809642200837466 0.00010809642200837466 0.00010809642200837466 0.00010809642200837466 0.9302260675411667 0.00010809642200837466 0.00010809642200837466 0.00010809642200837466 0.00010809642200837466 0.00010809642200837466 0.00010809642200837466 0.00010809642200837466 0.00010809642200837466 0.00010809642200837466 0.00010809642200837466 0.00010809642200837466 0.00010809642200837466
17-56189907-A-T 0.9302260675411667 0.9302260675411667 0.9302260675411667 0.00010809642200837466 0.9302260675411667 0.9302260675411667 0.9302260675411667 0.9302260675411667 0.9302260675411667 0.9302260675411667 0.9302260675411667 0.9302260675411667 0.9302260675411667 0.9302260675411667 0.9302260675411667 0.9302260675411667 0.00010809642200837466 0.9302260675411667 0.9302260675411667 0.00010809642200837466 0.9302260675411667 0.9302260675411667 0.9302260675411667 0.9302260675411667
14-66828757-T-C 0.9302260675411667 0.00010809642200837466 0.9302260675411667 0.9302260675411667 0.9302260675411667 0.9302260675411667 0.00010809642200837466 0.9302260675411667 0.9302260675411667 0.9302260675411667 0.9302260675411667 0.9302260675411667 0.9302260675411667 0.9302260675411667 0.9302260675411667 0.9302260675411667 0.9302260675411667 0.9302260675411667 0.9302260675411667 0.9302260675411667 0.9302260675411667 0.9302260675411667 0.9302260675411667 0.9302260675411667
15-102490853-T-C 0.9302260675411667 0.00010809642200837466 0.00010809642200837466 0.00010809642200837466 0.00010809642200837466 0.9302260675411667 0.00010809642200837466 0.00010809642200837466 0.00010809642200837466 0.9302260675411667 0.00010809642200837466 0.00010809642200837466 0.9302260675411667 0.9302260675411667 0.9302260675411667 0.9302260675411667 0.00010809642200837466 0.9302260675411667 0.9302260675411667 0.00010809642200837466 0.00010809642200837466 0.9302260675411667 0.9302260675411667 0.9302260675411667
14-105152377-A-C 0.9302260675411667 0.9302260675411667 0.9302260675411667 0.9302260675411667 0.9302260675411667 0.9302260675411667 0.9302260675411667 0.9302260675411667 0.9302260675411667 0.9302260675411667 0.9302260675411667 0.9302260675411667 0.9302260675411667 0.9302260675411667 0.9302260675411667 0.9302260675411667 0.9302260675411667 0.9302260675411667 0.00010809642200837466 0.9302260675411667 0.9302260675411667 0.00010809642200837466 0.9302260675411667 0.9302260675411667
8-13386624-T-G 0.9302260675411667 0.9302260675411667 0.9302260675411667 0.00010809642200837466 0.9302260675411667 0.9302260675411667 0.9302260675411667 0.9302260675411667 0.9302260675411667 0.9302260675411667 0.9302260675411667 0.9302260675411667 0.9302260675411667 0.9302260675411667 0.9302260675411667 0.9302260675411667 0.00010809642200837466 0.9302260675411667 0.9302260675411667 0.00010809642200837466 0.9302260675411667 0.9302260675411667 0.9302260675411667 0.9302260675411667
12-112916391-G-C 0.00010809642200837466 0.9302260675411667 0.9302260675411667 0.9302260675411667 0.9302260675411667 0.9302260675411667 0.9302260675411667 0.9302260675411667 0.9302260675411667 0.9302260675411667 0.9302260675411667 0.9302260675411667 0.00010809642200837466 0.9302260675411667 0.9302260675411667 0.9302260675411667 0.9302260675411667 0.9302260675411667 0.9302260675411667 0.9302260675411667 0.9302260675411667 0.9302260675411667 0.9302260675411667 0.9302260675411667
10-90751005-T-G 0.9302260675411667 0.9302260675411667 0.9302260675411667 0.9302260675411667 0.9302260675411667 0.9302260675411667 0.9302260675411667 0.9302260675411667 0.00010809642200837466 0.9302260675411667 0.00010809642200837466 0.9302260675411667 0.9302260675411667 0.9302260675411667 0.9302260675411667 0.9302260675411667 0.9302260675411667 0.9302260675411667 0.9302260675411667 0.9302260675411667 0.9302260675411667 0.9302260675411667 0.9302260675411667 0.9302260675411667
1-46243240-T-G 0.9302260675411667 0.00010809642200837466 0.9302260675411667 0.9302260675411667 0.00010809642200837466 0.9302260675411667 0.00010809642200837466 0.00010809642200837466 0.9302260675411667 0.00010809642200837466 0.9302260675411667 0.9302260675411667 0.9302260675411667 0.9302260675411667 0.9302260675411667 0.9302260675411667 0.9302260675411667 0.9302260675411667 0.9302260675411667 0.9302260675411667 0.9302260675411667 0.9302260675411667 0.9302260675411667 0.9302260675411667
10-56173908-G-A 0.00010809642200837466 0.9302260675411667 0.9302260675411667 0.9302260675411667 0.9302260675411667 0.00010809642200837466 0.9302260675411667 0.9302260675411667 0.9302260675411667 0.9302260675411667 0.9302260675411667 0.9302260675411667 0.00010809642200837466 0.9302260675411667 0.00010809642200837466 0.9302260675411667 0.9302260675411667 0.9302260675411667 0.9302260675411667 0.9302260675411667 0.9302260675411667 0.9302260675411667 0.00010809642200837466 0.9302260675411667
5-120735136-C-T 0.00010809642200837466 0.9302260675411667 0.9302260675411667 0.9302260675411667 0.9302260675411667 0.9302260675411667 0.9302260675411667 0.9302260675411667 0.9302260675411667 0.9302260675411667 0.9302260675411667 0.9302260675411667 0.00010809642200837466 0.9302260675411667 0.9302260675411667 0.9302260675411667 0.9302260675411667 0.9302260675411667 0.9302260675411667 0.9302260675411667 0.9302260675411667 0.9302260675411667 0.9302260675411667 0.9302260675411667
5-30907325-C-G 0.00010809642200837466 0.9302260675411667 0.9302260675411667 0.9302260675411667 0.9302260675411667 0.9302260675411667 0.9302260675411667 0.9302260675411667 0.9302260675411667 0.9302260675411667 0.9302260675411667 0.9302260675411667 0.00010809642200837466 0.9302260675411667 0.9302260675411667 0.9302260675411667 0.9302260675411667 0.9302260675411667 0.9302260675411667 0.9302260675411667 0.9302260675411667 0.9302260675411667 0.9302260675411667 0.9302260675411667
4-58286051-T-C 0.9302260675411667 0.9302260675411667 0.9302260675411667 0.9302260675411667 0.9302260675411667 0.9302260675411667 0.9302260675411667 0.9302260675411667 0.00010809642200837466 0.9302260675411667 0.00010809642200837466 0.9302260675411667 0.9302260675411667 0.9302260675411667 0.9302260675411667 0.9302260675411667 0.9302260675411667 0.9302260675411667 0.9302260675411667 0.9302260675411667 0.9302260675411667 0.9302260675411667 0.9302260675411667 0.9302260675411667
17-23251934-A-T 0.9302260675411667 0.9302260675411667 0.9302260675411667 0.9302260675411667 0.9302260675411667 0.9302260675411667 0.9302260675411667 0.9302260675411667 0.9302260675411667 0.9302260675411667 0.9302260675411667 0.00010809642200837466 0.9302260675411667 0.9302260675411667 0.9302260675411667 0.9302260675411667 0.9302260675411667 0.9302260675411667 0.9302260675411667 0.9302260675411667 0.00010809642200837466 0.9302260675411667 0.9302260675411667 0.9302260675411667
7-84601951-A-G 0.9302260675411667 0.9302260675411667 0.9302260675411667 0.9302260675411667 0.9302260675411667 0.9302260675411667 0.9302260675411667 0.9302260675411667 0.00010809642200837466 0.9302260675411667 0.00010809642200837466 0.9302260675411667 0.9302260675411667 0.9302260675411667 0.9302260675411667 0.9302260675411667 0.9302260675411667 0.9302260675411667 0.9302260675411667 0.9302260675411667 0.9302260675411667 0.9302260675411667 0.9302260675411667 0.9302260675411667
17-79850256-T-A 0.9302260675411667 0.9302260675411667 0.9302260675411667 0.9302260675411667 0.9302260675411667 0.9302260675411667 0.9302260675411667 0.9302260675411667 0.9302260675411667 0.9302260675411667 0.9302260675411667 0.00010809642200837466 0.9302260675411667 0.9302260675411667 0.9302260675411667 0.9302260675411667 0.9302260675411667 0.9302260675411667 0.9302260675411667 0.9302260675411667 0.00010809642200837466 0.9302260675411667 0.9302260675411667 0.9302260675411667
4-117891496-A-G 0.9302260675411667 0.9302260675411667 0.9302260675411667 0.9302260675411667 0.9302260675411667 0.9302260675411667 0.9302260675411667 0.9302260675411667 0.9302260675411667 0.9302260675411667 0.9302260675411667 0.00010809642200837466 0.9302260675411667 0.9302260675411667 0.9302260675411667 0.9302260675411667 0.9302260675411667 0.9302260675411667 0.9302260675411667 0.9302260675411667 0.00010809642200837466 0.9302260675411667 0.9302260675411667 0.9302260675411667
14-47690184-G-A 0.00010809642200837466 0.00010809642200837466 0.00010809642200837466 0.00010809642200837466 0.00010809642200837466 0.00010809642200837466 0.00010809642200837466 0.00010809642200837466 0.00010809642200837466 0.00010809642200837466 0.00010809642200837466 0.00010809642200837466 0.00010809642200837466 0.00010809642200837466 0.00010809642200837466 0.00010809642200837466 0.00010809642200837466 0.9302260675411667 0.00010809642200837466 0.00010809642200837466 0.00010809642200837466 0.00010809642200837466 0.00010809642200837466 0.00010809642200837466
10-81207678-C-G 0.9302260675411667 0.9302260675411667 0.9302260675411667 0.9302260675411667 0.9302260675411667 0.9302260675411667 0.9302260675411667 0.9302260675411667 0.9302260675411667 0.9302260675411667 0.9302260675411667 0.00010809642200837466 0.9302260675411667 0.9302260675411667 0.9302260675411667 0.9302260675411667 0.9302260675411667 0.9302260675411667 0.9302260675411667 0.9302260675411667 0.00010809642200837466 0.9302260675411667 0.9302260675411667 0.9302260675411667
15-93196831-C-A 0.9302260675411667 0.9302260675411667 0.9302260675411667 0.9302260675411667 0.9302260675411667 0.9302260675411667 0.9302260675411667 0.9302260675411667 0.9302260675411667 0.9302260675411667 0.9302260675411667 0.9302260675411667 0.9302260675411667 0.00010809642200837466 0.9302260675411667 0.9302260675411667 0.9302260675411667 0.9302260675411667 0.9302260675411667 0.9302260675411667 0.9302260675411667 0.9302260675411667 0.9302260675411667 0.00010809642200837466
18-11740941-C-G 0.9302260675411667 0.9302260675411667 0.9302260675411667 0.9302260675411667 0.9302260675411667 0.9302260675411667 0.9302260675411667 0.9302260675411667 0.00010809642200837466 0.9302260675411667 0.00010809642200837466 0.9302260675411667 0.9302260675411667 0.9302260675411667 0.9302260675411667 0.9302260675411667 0.9302260675411667 0.9302260675411667 0.9302260675411667 0.9302260675411667 0.9302260675411667 0.9302260675411667 0.9302260675411667 0.9302260675411667
8-111283515-T-C 0.9302260675411667 0.9302260675411667 0.9302260675411667 0.00010809642200837466 0.9302260675411667 0.9302260675411667 0.9302260675411667 0.9302260675411667 0.9302260675411667 0.9302260675411667 0.9302260675411667 0.9302260675411667 0.9302260675411667 0.9302260675411667 0.9302260675411667 0.9302260675411667 0.00010809642200837466 0.9302260675411667 0.9302260675411667 0.9302260675411667 0.9302260675411667 0.9302260675411667 0.9302260675411667 0.9302260675411667
14-53370182-G-A 0.00010809642200837466 0.00010809642200837466 0.00010809642200837466 0.00010809642200837466 0.00010809642200837466 0.00010809642200837466 0.00010809642200837466 0.00010809642200837466 0.00010809642200837466 0.00010809642200837466 0.9302260675411667 0.00010809642200837466 0.00010809642200837466 0.00010809642200837466 0.00010809642200837466 0.00010809642200837466 0.00010809642200837466 0.9302260675411667 0.00010809642200837466 0.00010809642200837466 0.00010809642200837466 0.00010809642200837466 0.00010809642200837466 0.00010809642200837466
3-108482421-G-A 0.00010809642200837466 0.9302260675411667 0.9302260675411667 0.9302260675411667 0.9302260675411667 0.00010809642200837466 0.9302260675411667 0.9302260675411667 0.9302260675411667 0.9302260675411667 0.9302260675411667 0.9302260675411667 0.00010809642200837466 0.9302260675411667 0.00010809642200837466 0.9302260675411667 0.9302260675411667 0.9302260675411667 0.9302260675411667 0.9302260675411667 0.9302260675411667 0.9302260675411667 0.9302260675411667 0.9302260675411667
7-13640743-A-G 0.9302260675411667 0.9302260675411667 0.00010809642200837466 0.9302260675411667 0.9302260675411667 0.9302260675411667 0.9302260675411667 0.9302260675411667 0.9302260675411667 0.9302260675411667 0.9302260675411667 0.00010809642200837466 0.9302260675411667 0.9302260675411667 0.9302260675411667 0.9302260675411667 0.9302260675411667 0.9302260675411667 0.00010809642200837466 0.9302260675411667 0.00010809642200837466 0.00010809642200837466 0.9302260675411667 0.9302260675411667
17-85458122-T-G 0.00010809642200837466 0.9302260675411667 0.9302260675411667 0.9302260675411667 0.9302260675411667 0.9302260675411667 0.9302260675411667 0.9302260675411667 0.9302260675411667 0.9302260675411667 0.9302260675411667 0.9302260675411667 0.00010809642200837466 0.9302260675411667 0.9302260675411667 0.9302260675411667 0.9302260675411667 0.9302260675411667 0.9302260675411667 0.9302260675411667 0.9302260675411667 0.9302260675411667 0.9302260675411667 0.9302260675411667
14-19060317-T-C 0.9302260675411667 0.00010809642200837466 0.9302260675411667 0.9302260675411667 0.9302260675411667 0.9302260675411667 0.00010809642200837466 0.9302260675411667 0.9302260675411667 0.9302260675411667 0.9302260675411667 0.9302260675411667 0.9302260675411667 0.9302260675411667 0.9302260675411667 0.9302260675411667 0.9302260675411667 0.9302260675411667 0.9302260675411667 0.9302260675411667 0.9302260675411667 0.9302260675411667 0.9302260675411667 0.9302260675411667
13-69345839-A-G 0.9302260675411667 0.9302260675411667 0.9302260675411667 0.9302260675411667 0.9302260675411667 0.9302260675411667 0.9302260675411667 0.9302260675411667 0.00010809642200837466 0.9302260675411667 0.00010809642200837466 0.9302260675411667 0.9302260675411667 0.9302260675411667 0.9302260675411667 0.9302260675411667 0.9302260675411667 0.9302260675411667 0.9302260675411667 0.9302260675411667 0.9302260675411667 0.9302260675411667 0.9302260675411667 0.9302260675411667
18-62659823-C-G 0.00010809642200837466 0.00010809642200837466 0.00010809642200837466 0.00010809642200837466 0.00010809642200837466 0.00010809642200837466 0.00010809642200837466 0.00010809642200837466 0.00010809642200837466 0.9302260675411667 0.00010809642200837466 0.00010809642200837466 0.00010809642200837466 0.00010809642200837466 0.00010809642200837466 0.00010809642200837466 0.00010809642200837466 0.00010809642200837466 0.00010809642200837466 0.00010809642200837466 0.00010809642200837466 0.00010809642200837466 0.00010809642200837466 0.00010809642200837466
5-150446801-T-C 0.9302260675411667 0.9302260675411667 0.9302260675411667 0.9302260675411667 0.9302260675411667 0.9302260675411667 0.9302260675411667 0.9302260675411667 0.00010809642200837466 0.9302260675411667 0.00010809642200837466 0.9302260675411667 0.9302260675411667 0.9302260675411667 0.9302260675411667 0.9302260675411667 0.9302260675411667 0.9302260675411667 0.9302260675411667 0.9302260675411667 0.9302260675411667 0.9302260675411667 0.9302260675411667 0.9302260675411667
2-34811160-T-C 0.00010809642200837466 0.9302260675411667 0.9302260675411667 0.9302260675411667 0.9302260675411667 0.9302260675411667 0.9302260675411667 0.9302260675411667 0.9302260675411667 0.9302260675411667 0.9302260675411667 0.9302260675411667 0.00010809642200837466 0.9302260675411667 0.9302260675411667 0.9302260675411667 0.9302260675411667 0.9302260675411667 0.9302260675411667 0.9302260675411667 0.9302260675411667 0.9302260675411667 0.9302260675411667 0.9302260675411667
7-45541199-G-C 0.9302260675411667 0.00010809642200837466 0.9302260675411667 0.9302260675411667 0.9302260675411667 0.9302260675411667 0.00010809642200837466 0.9302260675411667 0.9302260675411667 0.9302260675411667 0.9302260675411667 0.9302260675411667 0.9302260675411667 0.9302260675411667 0.9302260675411667 0.9302260675411667 0.9302260675411667 0.9302260675411667 0.9302260675411667 0.9302260675411667 0.9302260675411667 0.9302260675411667 0.9302260675411667 0.9302260675411667
4-153432351-T-G 0.9302260675411667 0.00010809642200837466 0.9302260675411667 0.9302260675411667 0.9302260675411667 0.9302260675411667 0.00010809642200837466 0.00010809642200837466 0.9302260675411667 0.00010809642200837466 0.9302260675411667 0.9302260675411667 0.9302260675411667 0.9302260675411667 0.9302260675411667 0.9302260675411667 0.9302260675411667 0.9302260675411667 0.9302260675411667 0.9302260675411667 0.9302260675411667 0.9302260675411667 0.9302260675411667 0.9302260675411667
17-43310826-T-G 0.9302260675411667 0.9302260675411667 0.9302260675411667 0.9302260675411667 0.9302260675411667 0.9302260675411667 0.9302260675411667 0.9302260675411667 0.9302260675411667 0.9302260675411667 0.9302260675411667 0.00010809642200837466 0.9302260675411667 0.9302260675411667 0.9302260675411667 0.9302260675411667 0.9302260675411667 0.9302260675411667 0.9302260675411667 0.9302260675411667 0.00010809642200837466 0.9302260675411667 0.9302260675411667 0.9302260675411667
19-3478375-A-G 0.9302260675411667 0.00010809642200837466 0.9302260675411667 0.9302260675411667 0.9302260675411667 0.9302260675411667 0.00010809642200837466 0.9302260675411667 0.9302260675411667 0.9302260675411667 0.9302260675411667 0.9302260675411667 0.9302260675411667 0.9302260675411667 0.9302260675411667 0.9302260675411667 0.9302260675411667 0.9302260675411667 0.9302260675411667 0.9302260675411667 0.9302260675411667 0.9302260675411667 0.9302260675411667 0.9302260675411667
2-87213980-G-A 0.00010809642200837466 0.00010809642200837466 0.00010809642200837466 0.00010809642200837466 0.00010809642200837466 0.00010809642200837466 0.00010809642200837466 0.00010809642200837466 0.00010809642200837466 0.00010809642200837466 0.00010809642200837466 0.9302260675411667 0.00010809642200837466 0.00010809642200837466 0.00010809642200837466 0.00010809642200837466 0.00010809642200837466 0.00010809642200837466 0.00010809642200837466 0.00010809642200837466 0.00010809642200837466 0.00010809642200837466 0.00010809642200837466 0.00010809642200837466
7-51152916-T-A 0.9302260675411667 0.00010809642200837466 0.9302260675411667 0.9302260675411667 0.9302260675411667 0.9302260675411667 0.00010809642200837466 0.9302260675411667 0.9302260675411667 0.00010809642200837466 0.9302260675411667 0.9302260675411667 0.9302260675411667 0.9302260675411667 0.9302260675411667 0.9302260675411667 0.9302260675411667 0.9302260675411667 0.9302260675411667 0.9302260675411667 0.9302260675411667 0.9302260675411667 0.9302260675411667 0.9302260675411667
11-70392813-G-A 0.9302260675411667 0.00010809642200837466 0.9302260675411667 0.9302260675411667 0.9302260675411667 0.9302260675411667 0.00010809642200837466 0.9302260675411667 0.9302260675411667 0.9302260675411667 0.9302260675411667 0.9302260675411667 0.9302260675411667 0.9302260675411667 0.9302260675411667 0.9302260675411667 0.9302260675411667 0.9302260675411667 0.9302260675411667 0.9302260675411667 0.9302260675411667 0.9302260675411667 0.9302260675411667 0.9302260675411667
7-127807737-G-A 0.9302260675411667 0.00010809642200837466 0.9302260675411667 0.9302260675411667 0.9302260675411667 0.9302260675411667 0.00010809642200837466 0.00010809642200837466 0.9302260675411667 0.00010809642200837466 0.9302260675411667 0.9302260675411667 0.9302260675411667 0.9302260675411667 0.9302260675411667 0.9302260675411667 0.9302260675411667 0.9302260675411667 0.9302260675411667 0.9302260675411667 0.9302260675411667 0.9302260675411667 0.9302260675411667 0.9302260675411667
9-55036480-C-G 0.9302260675411667 0.9302260675411667 0.9302260675411667 0.9302260675411667 0.9302260675411667 0.9302260675411667 0.9302260675411667 0.9302260675411667 0.9302260675411667 0.9302260675411667 0.9302260675411667 0.9302260675411667 0.9302260675411667 0.00010809642200837466 0.9302260675411667 0.9302260675411667 0.9302260675411667 0.9302260675411667 0.9302260675411667 0.9302260675411667 0.9302260675411667 0.9302260675411667 0.9302260675411667 0.00010809642200837466
11-89412214-T-C 0.9302260675411667 0.00010809642200837466 0.9302260675411667 0.9302260675411667 0.9302260675411667 0.9302260675411667 0.00010809642200837466 0.9302260675411667 0.9302260675411667 0.9302260675411667 0.9302260675411667 0.9302260675411667 0.9302260675411667 0.9302260675411667 0.9302260675411667 0.9302260675411667 0.9302260675411667 0.9302260675411667 0.9302260675411667 0.9302260675411667 0.9302260675411667 0.9302260675411667 0.9302260675411667 0.9302260675411667
5-149754058-C-T 0.00010809642200837466 0.00010809642200837466 0.00010809642200837466 0.00010809642200837466 0.00010809642200837466 0.00010809642200837466 0.00010809642200837466 0.00010809642200837466 0.00010809642200837466 0.00010809642200837466 0.00010809642200837466 0.00010809642200837466 0.00010809642200837466 0.00010809642200837466 0.00010809642200837466 0.00010809642200837466 0.00010809642200837466 0.00010809642200837466 0.00010809642200837466 0.00010809642200837466 0.00010809642200837466 0.00010809642200837466 0.00010809642200837466 0.9302260675411667
14-77699388-A-C 0.9302260675411667 0.9302260675411667 0.9302260675411667 0.9302260675411667 0.9302260675411667 0.9302260675411667 0.9302260675411667 0.9302260675411667 0.00010809642200837466 0.9302260675411667 0.00010809642200837466 0.9302260675411667 0.9302260675411667 0.9302260675411667 0.9302260675411667 0.9302260675411667 0.9302260675411667 0.9302260675411667 0.9302260675411667 0.9302260675411667 0.9302260675411667 0.9302260675411667 0.9302260675411667 0.9302260675411667
8-105259773-C-T 0.00010809642200837466 0.9302260675411667 0.9302260675411667 0.9302260675411667 0.9302260675411667 0.9302260675411667 0.9302260675411667 0.9302260675411667 0.9302260675411667 0.9302260675411667 0.9302260675411667 0.9302260675411667 0.00010809642200837466 0.9302260675411667 0.9302260675411667 0.9302260675411667 0.9302260675411667 0.9302260675411667 0.9302260675411667 0.9302260675411667 0.9302260675411667 0.9302260675411667 0.9302260675411667 0.9302260675411667
3-92620349-C-T 0.9302260675411667 0.00010809642200837466 0.00010809642200837466 0.00010809642200837466 0.00010809642200837466 0.9302260675411667 0.00010809642200837466 0.00010809642200837466 0.00010809642200837466 0.00010809642200837466 0.00010809642200837466 0.00010809642200837466 0.9302260675411667 0.9302260675411667 0.9302260675411667 0.00010809642200837466 0.00010809642200837466 0.00010809642200837466 0.9302260675411667 0.00010809642200837466 0.00010809642200837466 0.00010809642200837466 0.9302260675411667 0.9302260675411667
16-7224225-T-A 0.00010809642200837466 0.9302260675411667 0.9302260675411667 0.9302260675411667 0.9302260675411667 0.9302260675411667 0.9302260675411667 0.9302260675411667 0.9302260675411667 0.9302260675411667 0.9302260675411667 0.9302260675411667 0.00010809642200837466 0.9302260675411667 0.9302260675411667 0.9302260675411667 0.9302260675411667 0.9302260675411667 0.9302260675411667 0.9302260675411667 0.9302260675411667 0.9302260675411667 0.9302260675411667 0.9302260675411667
11-101331443-G-C 0.9302260675411667 0.9302260675411667 0.9302260675411667 0.00010809642200837466 0.9302260675411667 0.9302260675411667 0.9302260675411667 0.9302260675411667 0.9302260675411667 0.9302260675411667 0.9302260675411667 0.9302260675411667 0.9302260675411667 0.9302260675411667 0.9302260675411667 0.9302260675411667 0.00010809642200837466 0.9302260675411667 0.9302260675411667 0.00010809642200837466 0.9302260675411667 0.9302260675411667 0.9302260675411667 0.9302260675411667
10-18608325-G-T 0.00010809642200837466 0.9302260675411667 0.9302260675411667 0.9302260675411667 0.9302260675411667 0.9302260675411667 0.9302260675411667 0.9302260675411667 0.9302260675411667 0.9302260675411667 0.9302260675411667 0.9302260675411667 0.00010809642200837466 0.9302260675411667 0.9302260675411667 0.9302260675411667 0.9302260675411667 0.9302260675411667 0.9302260675411667 0.9302260675411667 0.9302260675411667 0.9302260675411667 0.9302260675411667 0.9302260675411667
4-58286051-T-C 0.9302260675411667 0.9302260675411667 0.9302260675411667 0.9302260675411667 0.9302260675411667 0.9302260675411667 0.9302260675411667 0.9302260675411667 0.00010809642200837466 0.9302260675411667 0.00010809642200837466 0.9302260675411667 0.9302260675411667 0.9302260675411667 0.9302260675411667 0.9302260675411667 0.9302260675411667 0.9302260675411667 0.9302260675411667 0.9302260675411667 0.9302260675411667 0.9302260675411667 0.9302260675411667 0.9302260675411667
2-25492260-G-A 0.9302260675411667 0.00010809642200837466 0.9302260675411667 0.9302260675411667 0.9302260675411667 0.9302260675411667 0.00010809642200837466 0.9302260675411667 0.9302260675411667 0.9302260675411667 0.9302260675411667 0.9302260675411667 0.9302260675411667 0.9302260675411667 0.9302260675411667 0.9302260675411667 0.9302260675411667 0.9302260675411667 0.9302260675411667 0.9302260675411667 0.9302260675411667 0.9302260675411667 0.9302260675411667 0.9302260675411667
16-11194541-C-T 0.9302260675411667 0.9302260675411667 0.9302260675411667 0.9302260675411667 0.9302260675411667 0.9302260675411667 0.9302260675411667 0.9302260675411667 0.00010809642200837466 0.9302260675411667 0.00010809642200837466 0.9302260675411667 0.9302260675411667 0.9302260675411667 0.9302260675411667 0.9302260675411667 0.9302260675411667 0.9302260675411667 0.9302260675411667 0.9302260675411667 0.9302260675411667 0.9302260675411667 0.9302260675411667 0.9302260675411667
15-90993774-C-A 0.9302260675411667 0.9302260675411667 0.9302260675411667 0.00010809642200837466 0.9302260675411667 0.9302260675411667 0.9302260675411667 0.9302260675411667 0.9302260675411667 0.9302260675411667 0.9302260675411667 0.9302260675411667 0.9302260675411667 0.9302260675411667 0.9302260675411667 0.9302260675411667 0.00010809642200837466 0.9302260675411667 0.9302260675411667 0.00010809642200837466 0.9302260675411667 0.9302260675411667 0.9302260675411667 0.9302260675411667
1-192505487-A-C 0.9302260675411667 0.9302260675411667 0.9302260675411667 0.9302260675411667 0.9302260675411667 0.9302260675411667 0.9302260675411667 0.9302260675411667 0.00010809642200837466 0.9302260675411667 0.00010809642200837466 0.9302260675411667 0.9302260675411667 0.9302260675411667 0.9302260675411667 0.9302260675411667 0.9302260675411667 0.9302260675411667 0.9302260675411667 0.9302260675411667 0.9302260675411667 0.9302260675411667 0.9302260675411667 0.9302260675411667
11-121651751-A-G 0.00010809642200837466 0.00010809642200837466 0.00010809642200837466 0.00010809642200837466 0.00010809642200837466 0.00010809642200837466 0.00010809642200837466 0.9302260675411667 0.00010809642200837466 0.00010809642200837466 0.00010809642200837466 0.00010809642200837466 0.00010809642200837466 0.00010809642200837466 0.00010809642200837466 0.00010809642200837466 0.00010809642200837466 0.00010809642200837466 0.00010809642200837466 0.00010809642200837466 0.00010809642200837466 0.00010809642200837466 0.00010809642200837466 0.00010809642200837466
12-76332643-A-T 0.00010809642200837466 0.9302260675411667 0.9302260675411667 0.9302260675411667 0.9302260675411667 0.00010809642200837466 0.9302260675411667 0.9302260675411667 0.9302260675411667 0.9302260675411667 0.9302260675411667 0.9302260675411667 0.00010809642200837466 0.9302260675411667 0.00010809642200837466 0.9302260675411667 0.9302260675411667 0.9302260675411667 0.9302260675411667 0.9302260675411667 0.9302260675411667 0.9302260675411667 0.9302260675411667 0.9302260675411667
16-91909141-T-C 0.00010809642200837466 0.9302260675411667 0.9302260675411667 0.9302260675411667 0.9302260675411667 0.00010809642200837466 0.9302260675411667 0.9302260675411667 0.9302260675411667 0.9302260675411667 0.9302260675411667 0.9302260675411667 0.00010809642200837466 0.9302260675411667 0.9302260675411667 0.9302260675411667 0.9302260675411667 0.9302260675411667 0.9302260675411667 0.9302260675411667 0.9302260675411667 0.9302260675411667 0.9302260675411667 0.9302260675411667
2-154621814-T-A 0.00010809642200837466 0.00010809642200837466 0.00010809642200837466 0.00010809642200837466 0.00010809642200837466 0.00010809642200837466 0.00010809642200837466 0.00010809642200837466 0.00010809642200837466 0.00010809642200837466 0.00010809642200837466 0.9302260675411667 0.00010809642200837466 0.00010809642200837466 0.00010809642200837466 0.00010809642200837466 0.00010809642200837466 0.00010809642200837466 0.00010809642200837466 0.00010809642200837466 0.00010809642200837466 0.00010809642200837466 0.00010809642200837466 0.00010809642200837466
11-79619633-A-C 0.00010809642200837466 0.9302260675411667 0.9302260675411667 0.9302260675411667 0.9302260675411667 0.9302260675411667 0.9302260675411667 0.9302260675411667 0.9302260675411667 0.9302260675411667 0.9302260675411667 0.9302260675411667 0.00010809642200837466 0.9302260675411667 0.9302260675411667 0.9302260675411667 0.9302260675411667 0.9302260675411667 0.9302260675411667 0.9302260675411667 0.9302260675411667 0.9302260675411667 0.9302260675411667 0.9302260675411667
16-48582403-T-A 0.9302260675411667 0.9302260675411667 0.9302260675411667 0.9302260675411667 0.9302260675411667 0.9302260675411667 0.9302260675411667 0.9302260675411667 0.9302260675411667 0.9302260675411667 0.9302260675411667 0.00010809642200837466 0.9302260675411667 0.9302260675411667 0.9302260675411667 0.9302260675411667 0.9302260675411667 0.9302260675411667 0.00010809642200837466 0.9302260675411667 0.00010809642200837466 0.00010809642200837466 0.9302260675411667 0.9302260675411667
6-13208439-C-G 0.00010809642200837466 0.00010809642200837466 0.9302260675411667 0.00010809642200837466 0.00010809642200837466 0.00010809642200837466 0.00010809642200837466 0.00010809642200837466 0.9302260675411667 0.00010809642200837466 0.9302260675411667 0.00010809642200837466 0.00010809642200837466 0.00010809642200837466 0.00010809642200837466 0.00010809642200837466 0.00010809642200837466 0.00010809642200837466 0.00010809642200837466 0.00010809642200837466 0.00010809642200837466 0.00010809642200837466 0.00010809642200837466 0.00010809642200837466
11-73940872-C-T 0.9302260675411667 0.00010809642200837466 0.9302260675411667 0.9302260675411667 0.9302260675411667 0.9302260675411667 0.00010809642200837466 0.9302260675411667 0.9302260675411667 0.9302260675411667 0.9302260675411667 0.9302260675411667 0.9302260675411667 0.9302260675411667 0.9302260675411667 0.9302260675411667 0.9302260675411667 0.9302260675411667 0.9302260675411667 0.9302260675411667 0.9302260675411667 0.9302260675411667 0.9302260675411667 0.9302260675411667
18-30305059-T-C 0.9302260675411667 0.9302260675411667 0.9302260675411667 0.9302260675411667 0.9302260675411667 0.9302260675411667 0.9302260675411667 0.9302260675411667 0.9302260675411667 0.9302260675411667 0.9302260675411667 0.9302260675411667 0.9302260675411667 0.00010809642200837466 0.9302260675411667 0.9302260675411667 0.9302260675411667 0.9302260675411667 0.9302260675411667 0.9302260675411667 0.9302260675411667 0.9302260675411667 0.9302260675411667 0.00010809642200837466
6-113482619-T-C 0.9302260675411667 0.00010809642200837466 0.00010809642200837466 0.00010809642200837466 0.00010809642200837466 0.9302260675411667 0.00010809642200837466 0.00010809642200837466 0.00010809642200837466 0.00010809642200837466 0.00010809642200837466 0.00010809642200837466 0.9302260675411667 0.00010809642200837466 0.9302260675411667 0.00010809642200837466 0.00010809642200837466 0.9302260675411667 0.00010809642200837466 0.00010809642200837466 0.00010809642200837466 0.00010809642200837466 0.00010809642200837466 0.00010809642200837466
1-172172754-A-T 0.9302260675411667 0.9302260675411667 0.9302260675411667 0.9302260675411667 0.9302260675411667 0.9302260675411667 0.9302260675411667 0.9302260675411667 0.9302260675411667 0.9302260675411667 0.9302260675411667 0.00010809642200837466 0.9302260675411667 0.9302260675411667 0.9302260675411667 0.9302260675411667 0.9302260675411667 0.9302260675411667 0.9302260675411667 0.9302260675411667 0.00010809642200837466 0.9302260675411667 0.9302260675411667 0.9302260675411667
16-81578607-G-A 0.00010809642200837466 0.00010809642200837466 0.9302260675411667 0.00010809642200837466 0.9302260675411667 0.00010809642200837466 0.00010809642200837466 0.00010809642200837466 0.00010809642200837466 0.00010809642200837466 0.00010809642200837466 0.00010809642200837466 0.00010809642200837466 0.00010809642200837466 0.9302260675411667 0.00010809642200837466 0.00010809642200837466 0.00010809642200837466 0.00010809642200837466 0.00010809642200837466 0.00010809642200837466 0.00010809642200837466 0.00010809642200837466 0.00010809642200837466
15-83620292-T-G 0.00010809642200837466 0.9302260675411667 0.9302260675411667 0.9302260675411667 0.9302260675411667 0.00010809642200837466 0.9302260675411667 0.9302260675411667 0.9302260675411667 0.9302260675411667 0.9302260675411667 0.9302260675411667 0.00010809642200837466 0.9302260675411667 0.9302260675411667 0.9302260675411667 0.9302260675411667 0.9302260675411667 0.9302260675411667 0.9302260675411667 0.9302260675411667 0.9302260675411667 0.9302260675411667 0.9302260675411667
12-115495636-A-G 0.9302260675411667 0.9302260675411667 0.9302260675411667 0.00010809642200837466 0.9302260675411667 0.9302260675411667 0.9302260675411667 0.9302260675411667 0.9302260675411667 0.9302260675411667 0.9302260675411667 0.9302260675411667 0.9302260675411667 0.9302260675411667 0.9302260675411667 0.9302260675411667 0.00010809642200837466 0.9302260675411667 0.9302260675411667 0.00010809642200837466 0.9302260675411667 0.9302260675411667 0.9302260675411667 0.9302260675411667
19-29437137-A-T 0.00010809642200837466 0.00010809642200837466 0.00010809642200837466 0.00010809642200837466 0.00010809642200837466 0.00010809642200837466 0.00010809642200837466 0.00010809642200837466 0.00010809642200837466 0.00010809642200837466 0.00010809642200837466 0.00010809642200837466 0.00010809642200837466 0.00010809642200837466 0.00010809642200837466 0.00010809642200837466 0.00010809642200837466 0.9302260675411667 0.00010809642200837466 0.00010809642200837466 0.00010809642200837466 0.00010809642200837466 0.00010809642200837466 0.00010809642200837466
7-59728404-T-A 0.9302260675411667 0.00010809642200837466 0.9302260675411667 0.9302260675411667 0.9302260675411667 0.9302260675411667 0.00010809642200837466 0.9302260675411667 0.9302260675411667 0.9302260675411667 0.9302260675411667 0.9302260675411667 0.9302260675411667 0.9302260675411667 0.9302260675411667 0.9302260675411667 0.9302260675411667 0.9302260675411667 0.9302260675411667 0.9302260675411667 0.9302260675411667 0.9302260675411667 0.9302260675411667 0.9302260675411667
2-178414156-T-G 0.00010809642200837466 0.9302260675411667 0.9302260675411667 0.9302260675411667 0.9302260675411667 0.00010809642200837466 0.9302260675411667 0.9302260675411667 0.9302260675411667 0.9302260675411667 0.9302260675411667 0.9302260675411667 0.00010809642200837466 0.9302260675411667 0.00010809642200837466 0.9302260675411667 0.9302260675411667 0.9302260675411667 0.9302260675411667 0.9302260675411667 0.9302260675411667 0.9302260675411667 0.9302260675411667 0.9302260675411667
6-5230454-G-A 0.9302260675411667 0.00010809642200837466 0.00010809642200837466 0.00010809642200837466 0.00010809642200837466 0.9302260675411667 0.00010809642200837466 0.00010809642200837466 0.00010809642200837466 0.00010809642200837466 0.00010809642200837466 0.00010809642200837466 0.9302260675411667 0.00010809642200837466 0.9302260675411667 0.00010809642200837466 0.00010809642200837466 0.00010809642200837466 0.00010809642200837466 0.00010809642200837466 0.00010809642200837466 0.00010809642200837466 0.00010809642200837466 0.00010809642200837466
8-93502466-G-A 0.9302260675411667 0.9302260675411667 0.9302260675411667 0.9302260675411667 0.9302260675411667 0.9302260675411667 0.9302260675411667 0.9302260675411667 0.00010809642200837466 0.9302260675411667 0.00010809642200837466 0.9302260675411667 0.9302260675411667 0.9302260675411667 0.9302260675411667 0.9302260675411667 0.9302260675411667 0.9302260675411667 0.9302260675411667 0.9302260675411667 0.9302260675411667 0.9302260675411667 0.9302260675411667 0.9302260675411667
8-87904651-A-C 0.9302260675411667 0.9302260675411667 0.9302260675411667 0.00010809642200837466 0.9302260675411667 0.9302260675411667 0.9302260675411667 0.9302260675411667 0.9302260675411667 0.9302260675411667 0.9302260675411667 0.9302260675411667 0.9302260675411667 0.9302260675411667 0.9302260675411667 0.9302260675411667 0.00010809642200837466 0.9302260675411667 0.9302260675411667 0.00010809642200837466 0.9302260675411667 0.9302260675411667 0.9302260675411667 0.9302260675411667
2-35031942-G-A 0.00010809642200837466 0.00010809642200837466 0.00010809642200837466 0.00010809642200837466 0.00010809642200837466 0.00010809642200837466 0.00010809642200837466 0.00010809642200837466 0.00010809642200837466 0.00010809642200837466 0.00010809642200837466 0.9302260675411667 0.00010809642200837466 0.00010809642200837466 0.00010809642200837466 0.00010809642200837466 0.00010809642200837466 0.00010809642200837466 0.00010809642200837466 0.00010809642200837466 0.00010809642200837466 0.00010809642200837466 0.00010809642200837466 0.00010809642200837466
5-122664593-T-C 0.00010809642200837466 0.00010809642200837466 0.00010809642200837466 0.00010809642200837466 0.00010809642200837466 0.00010809642200837466 0.00010809642200837466 0.00010809642200837466 0.00010809642200837466 0.00010809642200837466 0.00010809642200837466 0.9302260675411667 0.00010809642200837466 0.00010809642200837466 0.00010809642200837466 0.00010809642200837466 0.00010809642200837466 0.00010809642200837466 0.00010809642200837466 0.00010809642200837466 0.00010809642200837466 0.9302260675411667 0.00010809642200837466 0.9302260675411667
2-23181034-C-T 0.00010809642200837466 0.9302260675411667 0.9302260675411667 0.9302260675411667 0.9302260675411667 0.00010809642200837466 0.9302260675411667 0.9302260675411667 0.9302260675411667 0.9302260675411667 0.9302260675411667 0.9302260675411667 0.00010809642200837466 0.9302260675411667 0.00010809642200837466 0.9302260675411667 0.9302260675411667 0.9302260675411667 0.9302260675411667 0.9302260675411667 0.9302260675411667 0.9302260675411667 0.9302260675411667 0.9302260675411667
2-30159710-C-G 0.00010809642200837466 0.9302260675411667 0.9302260675411667 0.9302260675411667 0.9302260675411667 0.00010809642200837466 0.9302260675411667 0.9302260675411667 0.9302260675411667 0.9302260675411667 0.9302260675411667 0.9302260675411667 0.00010809642200837466 0.9302260675411667 0.00010809642200837466 0.9302260675411667 0.9302260675411667 0.9302260675411667 0.9302260675411667 0.9302260675411667 0.9302260675411667 0.9302260675411667 0.00010809642200837466 0.9302260675411667
7-84601951-A-G 0.9302260675411667 0.9302260675411667 0.9302260675411667 0.9302260675411667 0.9302260675411667 0.9302260675411667 0.9302260675411667 0.9302260675411667 0.00010809642200837466 0.9302260675411667 0.00010809642200837466 0.9302260675411667 0.9302260675411667 0.9302260675411667 0.9302260675411667 0.9302260675411667 0.9302260675411667 0.9302260675411667 0.9302260675411667 0.9302260675411667 0.9302260675411667 0.9302260675411667 0.9302260675411667 0.9302260675411667
2-87754036-A-G 0.00010809642200837466 0.9302260675411667 0.9302260675411667 0.9302260675411667 0.9302260675411667 0.9302260675411667 0.9302260675411667 0.9302260675411667 0.9302260675411667 0.9302260675411667 0.9302260675411667 0.9302260675411667 0.00010809642200837466 0.9302260675411667 0.9302260675411667 0.9302260675411667 0.9302260675411667 0.9302260675411667 0.9302260675411667 0.9302260675411667 0.9302260675411667 0.9302260675411667 0.9302260675411667 0.9302260675411667
9-104015319-T-A 0.00010809642200837466 0.00010809642200837466 0.00010809642200837466 0.9302260675411667 0.00010809642200837466 0.00010809642200837466 0.00010809642200837466 0.00010809642200837466 0.00010809642200837466 0.00010809642200837466 0.00010809642200837466 0.00010809642200837466 0.00010809642200837466 0.00010809642200837466 0.00010809642200837466 0.00010809642200837466 0.00010809642200837466 0.00010809642200837466 0.00010809642200837466 0.00010809642200837466 0.00010809642200837466 0.00010809642200837466 0.9302260675411667 0.00010809642200837466
15-89532196-C-A 0.00010809642200837466 0.9302260675411667 0.00010809642200837466 0.00010809642200837466 0.00010809642200837466 0.00010809642200837466 0.00010809642200837466 0.9302260675411667 0.00010809642200837466 0.9302260675411667 0.00010809642200837466 0.00010809642200837466 0.00010809642200837466 0.00010809642200837466 0.00010809642200837466 0.00010809642200837466 0.00010809642200837466 0.00010809642200837466 0.00010809642200837466 0.00010809642200837466 0.00010809642200837466 0.00010809642200837466 0.00010809642200837466 0.00010809642200837466
15-48791710-C-A 0.9302260675411667 0.9302260675411667 0.9302260675411667 0.9302260675411667 0.9302260675411667 0.9302260675411667 0.9302260675411667 0.9302260675411667 0.00010809642200837466 0.9302260675411667 0.00010809642200837466 0.9302260675411667 0.9302260675411667 0.9302260675411667 0.9302260675411667 0.9302260675411667 0.9302260675411667 0.9302260675411667 0.9302260675411667 0.9302260675411667 0.9302260675411667 0.9302260675411667 0.9302260675411667 0.9302260675411667
5-147875541-C-T 0.00010809642200837466 0.00010809642200837466 0.00010809642200837466 0.00010809642200837466 0.00010809642200837466 0.00010809642200837466 0.00010809642200837466 0.00010809642200837466 0.00010809642200837466 0.00010809642200837466 0.00010809642200837466 0.00010809642200837466 0.00010809642200837466 0.00010809642200837466 0.00010809642200837466 0.00010809642200837466 0.00010809642200837466 0.00010809642200837466 0.00010809642200837466 0.00010809642200837466 0.00010809642200837466 0.00010809642200837466 0.00010809642200837466 0.9302260675411667
4-108266467-G-C 0.9302260675411667 0.9302260675411667 0.9302260675411667 0.9302260675411667 0.9302260675411667 0.9302260675411667 0.9302260675411667 0.9302260675411667 0.9302260675411667 0.9302260675411667 0.9302260675411667 0.9302260675411667 0.9302260675411667 0.00010809642200837466 0.9302260675411667 0.9302260675411667 0.9302260675411667 0.9302260675411667 0.9302260675411667 0.9302260675411667 0.9302260675411667 0.9302260675411667 0.9302260675411667 0.00010809642200837466
7-105314564-T-G 0.9302260675411667 0.00010809642200837466 0.9302260675411667 0.9302260675411667 0.9302260675411667 0.9302260675411667 0.00010809642200837466 0.9302260675411667 0.9302260675411667 0.9302260675411667 0.9302260675411667 0.9302260675411667 0.9302260675411667 0.9302260675411667 0.9302260675411667 0.9302260675411667 0.9302260675411667 0.9302260675411667 0.9302260675411667 0.9302260675411667 0.9302260675411667 0.9302260675411667 0.9302260675411667 0.9302260675411667
14-51145911-C-T 0.00010809642200837466 0.00010809642200837466 0.00010809642200837466 0.00010809642200837466 0.00010809642200837466 0.00010809642200837466 0.00010809642200837466 0.00010809642200837466 0.00010809642200837466 0.00010809642200837466 0.00010809642200837466 0.00010809642200837466 0.00010809642200837466 0.00010809642200837466 0.00010809642200837466 0.00010809642200837466 0.00010809642200837466 0.9302260675411667 0.00010809642200837466 0.00010809642200837466 0.00010809642200837466 0.00010809642200837466 0.00010809642200837466 0.00010809642200837466
6-22343355-T-C 0.9302260675411667 0.9302260675411667 0.9302260675411667 0.9302260675411667 0.9302260675411667 0.9302260675411667 0.9302260675411667 0.9302260675411667 0.00010809642200837466 0.9302260675411667 0.00010809642200837466 0.9302260675411667 0.9302260675411667 0.9302260675411667 0.9302260675411667 0.9302260675411667 0.9302260675411667 0.9302260675411667 0.9302260675411667 0.9302260675411667 0.9302260675411667 0.9302260675411667 0.00010809642200837466 0.9302260675411667
13-23557264-T-A 0.00010809642200837466 0.9302260675411667 0.9302260675411667 0.9302260675411667 0.9302260675411667 0.9302260675411667 0.9302260675411667 0.9302260675411667 0.9302260675411667 0.9302260675411667 0.9302260675411667 0.9302260675411667 0.00010809642200837466 0.9302260675411667 0.9302260675411667 0.9302260675411667 0.9302260675411667 0.9302260675411667 0.9302260675411667 0.9302260675411667 0.9302260675411667 0.9302260675411667 0.9302260675411667 0.9302260675411667
1-58017822-A-C 0.9302260675411667 0.9302260675411667 0.9302260675411667 0.9302260675411667 0.9302260675411667 0.9302260675411667 0.9302260675411667 0.9302260675411667 0.00010809642200837466 0.9302260675411667 0.00010809642200837466 0.9302260675411667 0.9302260675411667 0.9302260675411667 0.9302260675411667 0.9302260675411667 0.9302260675411667 0.9302260675411667 0.9302260675411667 0.9302260675411667 0.9302260675411667 0.9302260675411667 0.9302260675411667 0.9302260675411667
7-105824959-A-T 0.9302260675411667 0.00010809642200837466 0.9302260675411667 0.9302260675411667 0.9302260675411667 0.9302260675411667 0.00010809642200837466 0.00010809642200837466 0.9302260675411667 0.00010809642200837466 0.9302260675411667 0.9302260675411667 0.9302260675411667 0.9302260675411667 0.9302260675411667 0.9302260675411667 0.9302260675411667 0.9302260675411667 0.9302260675411667 0.9302260675411667 0.9302260675411667 0.9302260675411667 0.9302260675411667 0.9302260675411667
15-36100046-G-C 0.9302260675411667 0.9302260675411667 0.9302260675411667 0.9302260675411667 0.9302260675411667 0.9302260675411667 0.9302260675411667 0.9302260675411667 0.00010809642200837466 0.9302260675411667 0.00010809642200837466 0.9302260675411667 0.9302260675411667 0.9302260675411667 0.9302260675411667 0.9302260675411667 0.9302260675411667 0.9302260675411667 0.9302260675411667 0.9302260675411667 0.9302260675411667 0.9302260675411667 0.9302260675411667 0.9302260675411667
17-32674342-A-G 0.9302260675411667 0.9302260675411667 0.9302260675411667 0.9302260675411667 0.9302260675411667 0.9302260675411667 0.9302260675411667 0.9302260675411667 0.00010809642200837466 0.9302260675411667 0.00010809642200837466 0.9302260675411667 0.9302260675411667 0.9302260675411667 0.9302260675411667 0.9302260675411667 0.9302260675411667 0.9302260675411667 0.9302260675411667 0.9302260675411667 0.9302260675411667 0.9302260675411667 0.9302260675411667 0.9302260675411667
1-136793557-T-G 0.00010809642200837466 0.9302260675411667 0.9302260675411667 0.9302260675411667 0.9302260675411667 0.9302260675411667 0.9302260675411667 0.9302260675411667 0.9302260675411667 0.9302260675411667 0.9302260675411667 0.9302260675411667 0.00010809642200837466 0.9302260675411667 0.9302260675411667 0.9302260675411667 0.9302260675411667 0.9302260675411667 0.9302260675411667 0.9302260675411667 0.9302260675411667 0.9302260675411667 0.9302260675411667 0.9302260675411667
5-72580805-C-T 0.00010809642200837466 0.9302260675411667 0.9302260675411667 0.9302260675411667 0.9302260675411667 0.00010809642200837466 0.9302260675411667 0.9302260675411667 0.9302260675411667 0.9302260675411667 0.9302260675411667 0.9302260675411667 0.00010809642200837466 0.9302260675411667 0.9302260675411667 0.9302260675411667 0.9302260675411667 0.9302260675411667 0.9302260675411667 0.9302260675411667 0.9302260675411667 0.9302260675411667 0.9302260675411667 0.9302260675411667
7-9090561-A-C 0.9302260675411667 0.9302260675411667 0.00010809642200837466 0.9302260675411667 0.9302260675411667 0.9302260675411667 0.00010809642200837466 0.9302260675411667 0.9302260675411667 0.9302260675411667 0.9302260675411667 0.00010809642200837466 0.9302260675411667 0.9302260675411667 0.9302260675411667 0.00010809642200837466 0.9302260675411667 0.9302260675411667 0.00010809642200837466 0.9302260675411667 0.00010809642200837466 0.00010809642200837466 0.9302260675411667 0.9302260675411667
7-58828374-A-G 0.9302260675411667 0.00010809642200837466 0.9302260675411667 0.9302260675411667 0.9302260675411667 0.9302260675411667 0.00010809642200837466 0.9302260675411667 0.9302260675411667 0.9302260675411667 0.9302260675411667 0.9302260675411667 0.9302260675411667 0.9302260675411667 0.9302260675411667 0.9302260675411667 0.9302260675411667 0.9302260675411667 0.9302260675411667 0.9302260675411667 0.9302260675411667 0.9302260675411667 0.9302260675411667 0.9302260675411667
14-67676793-C-T 0.00010809642200837466 0.00010809642200837466 0.00010809642200837466 0.00010809642200837466 0.00010809642200837466 0.00010809642200837466 0.00010809642200837466 0.00010809642200837466 0.00010809642200837466 0.00010809642200837466 0.9302260675411667 0.00010809642200837466 0.00010809642200837466 0.00010809642200837466 0.00010809642200837466 0.00010809642200837466 0.00010809642200837466 0.9302260675411667 0.00010809642200837466 0.00010809642200837466 0.00010809642200837466 0.00010809642200837466 0.00010809642200837466 0.00010809642200837466
6-37355536-T-C 0.9302260675411667 0.9302260675411667 0.9302260675411667 0.00010809642200837466 0.9302260675411667 0.9302260675411667 0.9302260675411667 0.9302260675411667 0.9302260675411667 0.9302260675411667 0.9302260675411667 0.9302260675411667 0.9302260675411667 0.9302260675411667 0.9302260675411667 0.9302260675411667 0.00010809642200837466 0.9302260675411667 0.9302260675411667 0.9302260675411667 0.9302260675411667 0.9302260675411667 0.9302260675411667 0.9302260675411667
18-36962271-C-T 0.9302260675411667 0.9302260675411667 0.9302260675411667 0.9302260675411667 0.9302260675411667 0.9302260675411667 0.9302260675411667 0.9302260675411667 0.9302260675411667 0.9302260675411667 0.9302260675411667 0.00010809642200837466 0.9302260675411667 0.9302260675411667 0.9302260675411667 0.9302260675411667 0.9302260675411667 0.9302260675411667 0.9302260675411667 0.9302260675411667 0.00010809642200837466 0.9302260675411667 0.9302260675411667 0.9302260675411667
12-76332643-A-T 0.00010809642200837466 0.9302260675411667 0.9302260675411667 0.9302260675411667 0.9302260675411667 0.00010809642200837466 0.9302260675411667 0.9302260675411667 0.9302260675411667 0.9302260675411667 0.9302260675411667 0.9302260675411667 0.00010809642200837466 0.9302260675411667 0.00010809642200837466 0.9302260675411667 0.9302260675411667 0.9302260675411667 0.9302260675411667 0.9302260675411667 0.9302260675411667 0.9302260675411667 0.9302260675411667 0.9302260675411667
13-92483841-A-G 0.00010809642200837466 0.9302260675411667 0.9302260675411667 0.9302260675411667 0.9302260675411667 0.00010809642200837466 0.9302260675411667 0.9302260675411667 0.9302260675411667 0.9302260675411667 0.9302260675411667 0.9302260675411667 0.00010809642200837466 0.9302260675411667 0.00010809642200837466 0.9302260675411667 0.9302260675411667 0.9302260675411667 0.9302260675411667 0.9302260675411667 0.9302260675411667 0.9302260675411667 0.9302260675411667 0.9302260675411667
18-3027563-A-T 0.00010809642200837466 0.00010809642200837466 0.00010809642200837466 0.00010809642200837466 0.00010809642200837466 0.00010809642200837466 0.00010809642200837466 0.00010809642200837466 0.00010809642200837466 0.00010809642200837466 0.00010809642200837466 0.00010809642200837466 0.00010809642200837466 0.00010809642200837466 0.00010809642200837466 0.00010809642200837466 0.00010809642200837466 0.00010809642200837466 0.00010809642200837466 0.00010809642200837466 0.00010809642200837466 0.00010809642200837466 0.00010809642200837466 0.9302260675411667
16-11994000-T-G 0.9302260675411667 0.9302260675411667 0.9302260675411667 0.9302260675411667 0.9302260675411667 0.9302260675411667 0.9302260675411667 0.9302260675411667 0.00010809642200837466 0.9302260675411667 0.00010809642200837466 0.9302260675411667 0.9302260675411667 0.9302260675411667 0.9302260675411667 0.9302260675411667 0.9302260675411667 0.9302260675411667 0.9302260675411667 0.9302260675411667 0.9302260675411667 0.9302260675411667 0.9302260675411667 0.9302260675411667
7-10016883-T-C 0.9302260675411667 0.00010809642200837466 0.9302260675411667 0.9302260675411667 0.9302260675411667 0.9302260675411667 0.00010809642200837466 0.9302260675411667 0.9302260675411667 0.9302260675411667 0.9302260675411667 0.9302260675411667 0.9302260675411667 0.9302260675411667 0.9302260675411667 0.9302260675411667 0.9302260675411667 0.9302260675411667 0.9302260675411667 0.9302260675411667 0.9302260675411667 0.9302260675411667 0.9302260675411667 0.9302260675411667
2-76840198-G-A 0.00010809642200837466 0.00010809642200837466 0.00010809642200837466 0.00010809642200837466 0.00010809642200837466 0.00010809642200837466 0.00010809642200837466 0.00010809642200837466 0.00010809642200837466 0.00010809642200837466 0.00010809642200837466 0.9302260675411667 0.00010809642200837466 0.00010809642200837466 0.00010809642200837466 0.00010809642200837466 0.00010809642200837466 0.00010809642200837466 0.00010809642200837466 0.00010809642200837466 0.00010809642200837466 0.00010809642200837466 0.00010809642200837466 0.00010809642200837466
13-50646708-A-G 0.9302260675411667 0.9302260675411667 0.9302260675411667 0.00010809642200837466 0.9302260675411667 0.9302260675411667 0.9302260675411667 0.9302260675411667 0.9302260675411667 0.9302260675411667 0.9302260675411667 0.9302260675411667 0.9302260675411667 0.9302260675411667 0.9302260675411667 0.9302260675411667 0.00010809642200837466 0.9302260675411667 0.9302260675411667 0.00010809642200837466 0.9302260675411667 0.9302260675411667 0.9302260675411667 0.9302260675411667
2-85062962-G-A 0.00010809642200837466 0.00010809642200837466 0.00010809642200837466 0.00010809642200837466 0.00010809642200837466 0.00010809642200837466 0.00010809642200837466 0.00010809642200837466 0.00010809642200837466 0.00010809642200837466 0.00010809642200837466 0.9302260675411667 0.00010809642200837466 0.00010809642200837466 0.00010809642200837466 0.00010809642200837466 0.00010809642200837466 0.00010809642200837466 0.00010809642200837466 0.00010809642200837466 0.00010809642200837466 0.00010809642200837466 0.00010809642200837466 0.00010809642200837466
3-70018598-T-G 0.9302260675411667 0.00010809642200837466 0.00010809642200837466 0.00010809642200837466 0.00010809642200837466 0.9302260675411667 0.00010809642200837466 0.00010809642200837466 0.00010809642200837466 0.00010809642200837466 0.00010809642200837466 0.00010809642200837466 0.9302260675411667 0.9302260675411667 0.9302260675411667 0.00010809642200837466 0.00010809642200837466 0.00010809642200837466 0.9302260675411667 0.00010809642200837466 0.00010809642200837466 0.00010809642200837466 0.9302260675411667 0.9302260675411667
13-105109894-T-C 0.00010809642200837466 0.00010809642200837466 0.00010809642200837466 0.00010809642200837466 0.00010809642200837466 0.00010809642200837466 0.00010809642200837466 0.00010809642200837466 0.00010809642200837466 0.00010809642200837466 0.00010809642200837466 0.00010809642200837466 0.00010809642200837466 0.00010809642200837466 0.00010809642200837466 0.00010809642200837466 0.00010809642200837466 0.00010809642200837466 0.00010809642200837466 0.00010809642200837466 0.00010809642200837466 0.00010809642200837466 0.00010809642200837466 0.9302260675411667
5-150446801-T-C 0.9302260675411667 0.9302260675411667 0.9302260675411667 0.9302260675411667 0.9302260675411667 0.9302260675411667 0.9302260675411667 0.9302260675411667 0.00010809642200837466 0.9302260675411667 0.00010809642200837466 0.9302260675411667 0.9302260675411667 0.9302260675411667 0.9302260675411667 0.9302260675411667 0.9302260675411667 0.9302260675411667 0.9302260675411667 0.9302260675411667 0.9302260675411667 0.9302260675411667 0.9302260675411667 0.9302260675411667
4-140817294-A-C 0.9302260675411667 0.00010809642200837466 0.00010809642200837466 0.00010809642200837466 0.00010809642200837466 0.9302260675411667 0.00010809642200837466 0.00010809642200837466 0.00010809642200837466 0.00010809642200837466 0.00010809642200837466 0.00010809642200837466 0.9302260675411667 0.00010809642200837466 0.00010809642200837466 0.00010809642200837466 0.00010809642200837466 0.00010809642200837466 0.00010809642200837466 0.00010809642200837466 0.00010809642200837466 0.00010809642200837466 0.00010809642200837466 0.00010809642200837466
11-89049681-C-A 0.9302260675411667 0.9302260675411667 0.9302260675411667 0.9302260675411667 0.9302260675411667 0.9302260675411667 0.9302260675411667 0.9302260675411667 0.9302260675411667 0.9302260675411667 0.9302260675411667 0.00010809642200837466 0.9302260675411667 0.9302260675411667 0.9302260675411667 0.9302260675411667 0.9302260675411667 0.9302260675411667 0.9302260675411667 0.9302260675411667 0.00010809642200837466 0.9302260675411667 0.9302260675411667 0.9302260675411667
15-102921457-C-G 0.9302260675411667 0.00010809642200837466 0.9302260675411667 0.9302260675411667 0.9302260675411667 0.9302260675411667 0.00010809642200837466 0.9302260675411667 0.9302260675411667 0.9302260675411667 0.9302260675411667 0.9302260675411667 0.9302260675411667 0.9302260675411667 0.9302260675411667 0.9302260675411667 0.9302260675411667 0.9302260675411667 0.9302260675411667 0.9302260675411667 0.9302260675411667 0.9302260675411667 0.9302260675411667 0.9302260675411667
6-30241527-A-C 0.00010809642200837466 0.9302260675411667 0.9302260675411667 0.9302260675411667 0.9302260675411667 0.9302260675411667 0.9302260675411667 0.9302260675411667 0.9302260675411667 0.9302260675411667 0.9302260675411667 0.9302260675411667 0.00010809642200837466 0.9302260675411667 0.9302260675411667 0.9302260675411667 0.9302260675411667 0.9302260675411667 0.9302260675411667 0.9302260675411667 0.9302260675411667 0.9302260675411667 0.9302260675411667 0.9302260675411667
13-4376783-G-T 0.00010809642200837466 0.00010809642200837466 0.00010809642200837466 0.00010809642200837466 0.00010809642200837466 0.00010809642200837466 0.00010809642200837466 0.00010809642200837466 0.00010809642200837466 0.00010809642200837466 0.00010809642200837466 0.00010809642200837466 0.00010809642200837466 0.00010809642200837466 0.00010809642200837466 0.00010809642200837466 0.00010809642200837466 0.9302260675411667 0.00010809642200837466 0.00010809642200837466 0.00010809642200837466 0.00010809642200837466 0.00010809642200837466 0.00010809642200837466
6-4532005-A-C 0.00010809642200837466 0.9302260675411667 0.9302260675411667 0.9302260675411667 0.9302260675411667 0.00010809642200837466 0.9302260675411667 0.9302260675411667 0.9302260675411667 0.9302260675411667 0.9302260675411667 0.9302260675411667 0.00010809642200837466 0.9302260675411667 0.00010809642200837466 0.9302260675411667 0.9302260675411667 0.9302260675411667 0.9302260675411667 0.9302260675411667 0.9302260675411667 0.9302260675411667 0.9302260675411667 0.9302260675411667
2-156294379-T-C 0.00010809642200837466 0.9302260675411667 0.9302260675411667 0.9302260675411667 0.9302260675411667 0.00010809642200837466 0.9302260675411667 0.9302260675411667 0.9302260675411667 0.9302260675411667 0.9302260675411667 0.9302260675411667 0.00010809642200837466 0.9302260675411667 0.00010809642200837466 0.9302260675411667 0.9302260675411667 0.9302260675411667 0.9302260675411667 0.9302260675411667 0.9302260675411667 0.9302260675411667 0.00010809642200837466 0.9302260675411667
2-113834823-C-T 0.00010809642200837466 0.9302260675411667 0.9302260675411667 0.9302260675411667 0.9302260675411667 0.00010809642200837466 0.9302260675411667 0.9302260675411667 0.9302260675411667 0.9302260675411667 0.9302260675411667 0.9302260675411667 0.00010809642200837466 0.9302260675411667 0.00010809642200837466 0.9302260675411667 0.9302260675411667 0.9302260675411667 0.9302260675411667 0.9302260675411667 0.9302260675411667 0.9302260675411667 0.9302260675411667 0.9302260675411667
5-88062737-C-G 0.00010809642200837466 0.00010809642200837466 0.00010809642200837466 0.00010809642200837466 0.00010809642200837466 0.00010809642200837466 0.00010809642200837466 0.00010809642200837466 0.00010809642200837466 0.00010809642200837466 0.00010809642200837466 0.00010809642200837466 0.00010809642200837466 0.00010809642200837466 0.00010809642200837466 0.00010809642200837466 0.00010809642200837466 0.00010809642200837466 0.00010809642200837466 0.00010809642200837466 0.00010809642200837466 0.9302260675411667 0.00010809642200837466 0.9302260675411667
14-67387895-A-G 0.00010809642200837466 0.00010809642200837466 0.00010809642200837466 0.00010809642200837466 0.00010809642200837466 0.00010809642200837466 0.00010809642200837466 0.00010809642200837466 0.00010809642200837466 0.00010809642200837466 0.9302260675411667 0.00010809642200837466 0.00010809642200837466 0.00010809642200837466 0.00010809642200837466 0.00010809642200837466 0.00010809642200837466 0.9302260675411667 0.00010809642200837466 0.00010809642200837466 0.00010809642200837466 0.00010809642200837466 0.00010809642200837466 0.00010809642200837466
6-68680174-G-A 0.9302260675411667 0.00010809642200837466 0.00010809642200837466 0.00010809642200837466 0.00010809642200837466 0.9302260675411667 0.00010809642200837466 0.00010809642200837466 0.00010809642200837466 0.00010809642200837466 0.00010809642200837466 0.00010809642200837466 0.9302260675411667 0.00010809642200837466 0.9302260675411667 0.00010809642200837466 0.00010809642200837466 0.00010809642200837466 0.00010809642200837466 0.00010809642200837466 0.00010809642200837466 0.00010809642200837466 0.00010809642200837466 0.00010809642200837466
17-34860884-G-T 0.9302260675411667 0.9302260675411667 0.9302260675411667 0.9302260675411667 0.9302260675411667 0.9302260675411667 0.9302260675411667 0.9302260675411667 0.00010809642200837466 0.9302260675411667 0.00010809642200837466 0.9302260675411667 0.9302260675411667 0.9302260675411667 0.9302260675411667 0.9302260675411667 0.9302260675411667 0.9302260675411667 0.9302260675411667 0.9302260675411667 0.9302260675411667 0.9302260675411667 0.9302260675411667 0.9302260675411667
10-79542328-C-A 0.9302260675411667 0.9302260675411667 0.9302260675411667 0.9302260675411667 0.9302260675411667 0.9302260675411667 0.9302260675411667 0.9302260675411667 0.00010809642200837466 0.9302260675411667 0.00010809642200837466 0.9302260675411667 0.9302260675411667 0.9302260675411667 0.9302260675411667 0.9302260675411667 0.9302260675411667 0.9302260675411667 0.9302260675411667 0.9302260675411667 0.9302260675411667 0.9302260675411667 0.9302260675411667 0.9302260675411667
8-106928311-C-A 0.9302260675411667 0.9302260675411667 0.9302260675411667 0.9302260675411667 0.9302260675411667 0.9302260675411667 0.9302260675411667 0.9302260675411667 0.9302260675411667 0.9302260675411667 0.9302260675411667 0.00010809642200837466 0.9302260675411667 0.9302260675411667 0.9302260675411667 0.9302260675411667 0.9302260675411667 0.9302260675411667 0.9302260675411667 0.9302260675411667 0.00010809642200837466 0.9302260675411667 0.9302260675411667 0.9302260675411667
7-44049298-A-T 0.9302260675411667 0.00010809642200837466 0.9302260675411667 0.9302260675411667 0.9302260675411667 0.9302260675411667 0.00010809642200837466 0.00010809642200837466 0.9302260675411667 0.00010809642200837466 0.9302260675411667 0.9302260675411667 0.9302260675411667 0.9302260675411667 0.9302260675411667 0.9302260675411667 0.9302260675411667 0.9302260675411667 0.9302260675411667 0.9302260675411667 0.9302260675411667 0.9302260675411667 0.9302260675411667 0.9302260675411667
6-121924361-T-C 0.00010809642200837466 0.9302260675411667 0.9302260675411667 0.9302260675411667 0.9302260675411667 0.00010809642200837466 0.9302260675411667 0.9302260675411667 0.9302260675411667 0.9302260675411667 0.9302260675411667 0.9302260675411667 0.00010809642200837466 0.9302260675411667 0.00010809642200837466 0.9302260675411667 0.9302260675411667 0.00010809642200837466 0.9302260675411667 0.9302260675411667 0.9302260675411667 0.9302260675411667 0.00010809642200837466 0.9302260675411667
17-46943425-T-A 0.9302260675411667 0.9302260675411667 0.9302260675411667 0.9302260675411667 0.9302260675411667 0.9302260675411667 0.9302260675411667 0.9302260675411667 0.00010809642200837466 0.9302260675411667 0.00010809642200837466 0.9302260675411667 0.9302260675411667 0.9302260675411667 0.9302260675411667 0.9302260675411667 0.9302260675411667 0.9302260675411667 0.9302260675411667 0.9302260675411667 0.9302260675411667 0.9302260675411667 0.9302260675411667 0.9302260675411667
6-66535580-A-C 0.00010809642200837466 0.9302260675411667 0.9302260675411667 0.9302260675411667 0.9302260675411667 0.00010809642200837466 0.9302260675411667 0.9302260675411667 0.00010809642200837466 0.9302260675411667 0.00010809642200837466 0.9302260675411667 0.00010809642200837466 0.9302260675411667 0.00010809642200837466 0.9302260675411667 0.9302260675411667 0.00010809642200837466 0.9302260675411667 0.9302260675411667 0.9302260675411667 0.9302260675411667 0.00010809642200837466 0.9302260675411667
7-135695354-T-C 0.9302260675411667 0.00010809642200837466 0.9302260675411667 0.9302260675411667 0.9302260675411667 0.9302260675411667 0.00010809642200837466 0.9302260675411667 0.9302260675411667 0.9302260675411667 0.9302260675411667 0.9302260675411667 0.9302260675411667 0.9302260675411667 0.9302260675411667 0.9302260675411667 0.9302260675411667 0.9302260675411667 0.9302260675411667 0.9302260675411667 0.9302260675411667 0.9302260675411667 0.9302260675411667 0.9302260675411667
2-76059047-A-C 0.00010809642200837466 0.00010809642200837466 0.00010809642200837466 0.00010809642200837466 0.00010809642200837466 0.00010809642200837466 0.00010809642200837466 0.00010809642200837466 0.00010809642200837466 0.00010809642200837466 0.00010809642200837466 0.9302260675411667 0.00010809642200837466 0.00010809642200837466 0.00010809642200837466 0.00010809642200837466 0.00010809642200837466 0.00010809642200837466 0.00010809642200837466 0.00010809642200837466 0.00010809642200837466 0.00010809642200837466 0.00010809642200837466 0.00010809642200837466
3-100140430-A-C 0.9302260675411667 0.9302260675411667 0.9302260675411667 0.9302260675411667 0.9302260675411667 0.9302260675411667 0.9302260675411667 0.9302260675411667 0.00010809642200837466 0.9302260675411667 0.00010809642200837466 0.9302260675411667 0.9302260675411667 0.9302260675411667 0.9302260675411667 0.9302260675411667 0.9302260675411667 0.9302260675411667 0.9302260675411667 0.9302260675411667 0.9302260675411667 0.9302260675411667 0.9302260675411667 0.9302260675411667
15-76189075-T-C 0.9302260675411667 0.00010809642200837466 0.9302260675411667 0.9302260675411667 0.9302260675411667 0.9302260675411667 0.00010809642200837466 0.9302260675411667 0.9302260675411667 0.9302260675411667 0.9302260675411667 0.9302260675411667 0.9302260675411667 0.9302260675411667 0.9302260675411667 0.9302260675411667 0.9302260675411667 0.9302260675411667 0.9302260675411667 0.9302260675411667 0.9302260675411667 0.9302260675411667 0.9302260675411667 0.9302260675411667
9-113529988-C-T 0.00010809642200837466 0.9302260675411667 0.9302260675411667 0.9302260675411667 0.9302260675411667 0.9302260675411667 0.9302260675411667 0.9302260675411667 0.9302260675411667 0.9302260675411667 0.9302260675411667 0.9302260675411667 0.00010809642200837466 0.9302260675411667 0.9302260675411667 0.9302260675411667 0.9302260675411667 0.9302260675411667 0.9302260675411667 0.9302260675411667 0.9302260675411667 0.9302260675411667 0.9302260675411667 0.9302260675411667
11-69855881-A-C 0.9302260675411667 0.9302260675411667 0.9302260675411667 0.9302260675411667 0.9302260675411667 0.9302260675411667 0.9302260675411667 0.9302260675411667 0.9302260675411667 0.9302260675411667 0.9302260675411667 0.00010809642200837466 0.9302260675411667 0.9302260675411667 0.9302260675411667 0.9302260675411667 0.9302260675411667 0.9302260675411667 0.9302260675411667 0.9302260675411667 0.00010809642200837466 0.9302260675411667 0.9302260675411667 0.9302260675411667
16-36725417-G-A 0.9302260675411667 0.9302260675411667 0.9302260675411667 0.9302260675411667 0.9302260675411667 0.9302260675411667 0.9302260675411667 0.9302260675411667 0.9302260675411667 0.9302260675411667 0.9302260675411667 0.9302260675411667 0.9302260675411667 0.00010809642200837466 0.9302260675411667 0.9302260675411667 0.9302260675411667 0.9302260675411667 0.9302260675411667 0.9302260675411667 0.9302260675411667 0.9302260675411667 0.9302260675411667 0.00010809642200837466
12-112916391-G-C 0.00010809642200837466 0.9302260675411667 0.9302260675411667 0.9302260675411667 0.9302260675411667 0.9302260675411667 0.9302260675411667 0.9302260675411667 0.9302260675411667 0.9302260675411667 0.9302260675411667 0.9302260675411667 0.00010809642200837466 0.9302260675411667 0.9302260675411667 0.9302260675411667 0.9302260675411667 0.9302260675411667 0.9302260675411667 0.9302260675411667 0.9302260675411667 0.9302260675411667 0.9302260675411667 0.9302260675411667
7-44830218-A-C 0.9302260675411667 0.9302260675411667 0.9302260675411667 0.00010809642200837466 0.9302260675411667 0.9302260675411667 0.9302260675411667 0.9302260675411667 0.9302260675411667 0.9302260675411667 0.9302260675411667 0.9302260675411667 0.9302260675411667 0.9302260675411667 0.9302260675411667 0.9302260675411667 0.00010809642200837466 0.9302260675411667 0.9302260675411667 0.00010809642200837466 0.9302260675411667 0.9302260675411667 0.9302260675411667 0.9302260675411667
5-118680745-T-C 0.9302260675411667 0.9302260675411667 0.9302260675411667 0.9302260675411667 0.9302260675411667 0.9302260675411667 0.9302260675411667 0.9302260675411667 0.9302260675411667 0.9302260675411667 0.9302260675411667 0.9302260675411667 0.9302260675411667 0.9302260675411667 0.9302260675411667 0.9302260675411667 0.9302260675411667 0.9302260675411667 0.00010809642200837466 0.9302260675411667 0.9302260675411667 0.00010809642200837466 0.9302260675411667 0.9302260675411667
16-81852613-G-C 0.00010809642200837466 0.9302260675411667 0.9302260675411667 0.9302260675411667 0.9302260675411667 0.00010809642200837466 0.9302260675411667 0.9302260675411667 0.00010809642200837466 0.9302260675411667 0.00010809642200837466 0.9302260675411667 0.00010809642200837466 0.9302260675411667 0.9302260675411667 0.9302260675411667 0.9302260675411667 0.00010809642200837466 0.9302260675411667 0.9302260675411667 0.9302260675411667 0.9302260675411667 0.00010809642200837466 0.9302260675411667
1-6248992-T-C 0.9302260675411667 0.9302260675411667 0.9302260675411667 0.9302260675411667 0.9302260675411667 0.9302260675411667 0.9302260675411667 0.9302260675411667 0.9302260675411667 0.9302260675411667 0.9302260675411667 0.00010809642200837466 0.9302260675411667 0.9302260675411667 0.9302260675411667 0.9302260675411667 0.9302260675411667 0.9302260675411667 0.9302260675411667 0.9302260675411667 0.00010809642200837466 0.9302260675411667 0.9302260675411667 0.9302260675411667
16-81852613-G-C 0.00010809642200837466 0.9302260675411667 0.9302260675411667 0.9302260675411667 0.9302260675411667 0.00010809642200837466 0.9302260675411667 0.9302260675411667 0.00010809642200837466 0.9302260675411667 0.00010809642200837466 0.9302260675411667 0.00010809642200837466 0.9302260675411667 0.9302260675411667 0.9302260675411667 0.9302260675411667 0.00010809642200837466 0.9302260675411667 0.9302260675411667 0.9302260675411667 0.9302260675411667 0.00010809642200837466 0.9302260675411667
2-157772702-G-T 0.9302260675411667 0.9302260675411667 0.9302260675411667 0.9302260675411667 0.9302260675411667 0.9302260675411667 0.9302260675411667 0.9302260675411667 0.9302260675411667 0.9302260675411667 0.9302260675411667 0.00010809642200837466 0.9302260675411667 0.9302260675411667 0.9302260675411667 0.9302260675411667 0.9302260675411667 0.9302260675411667 0.9302260675411667 0.9302260675411667 0.00010809642200837466 0.9302260675411667 0.9302260675411667 0.9302260675411667
6-4532005-A-C 0.00010809642200837466 0.9302260675411667 0.9302260675411667 0.9302260675411667 0.9302260675411667 0.00010809642200837466 0.9302260675411667 0.9302260675411667 0.9302260675411667 0.9302260675411667 0.9302260675411667 0.9302260675411667 0.00010809642200837466 0.9302260675411667 0.00010809642200837466 0.9302260675411667 0.9302260675411667 0.9302260675411667 0.9302260675411667 0.9302260675411667 0.9302260675411667 0.9302260675411667 0.9302260675411667 0.9302260675411667
5-114341272-A-C 0.00010809642200837466 0.00010809642200837466 0.00010809642200837466 0.9302260675411667 0.00010809642200837466 0.00010809642200837466 0.00010809642200837466 0.00010809642200837466 0.00010809642200837466 0.00010809642200837466 0.00010809642200837466 0.9302260675411667 0.00010809642200837466 0.00010809642200837466 0.00010809642200837466 0.00010809642200837466 0.00010809642200837466 0.00010809642200837466 0.00010809642200837466 0.00010809642200837466 0.00010809642200837466 0.00010809642200837466 0.00010809642200837466 0.00010809642200837466
6-88100660-A-T 0.00010809642200837466 0.9302260675411667 0.9302260675411667 0.9302260675411667 0.9302260675411667 0.00010809642200837466 0.9302260675411667 0.9302260675411667 0.9302260675411667 0.9302260675411667 0.9302260675411667 0.9302260675411667 0.00010809642200837466 0.9302260675411667 0.9302260675411667 0.9302260675411667 0.9302260675411667 0.9302260675411667 0.9302260675411667 0.9302260675411667 0.9302260675411667 0.9302260675411667 0.9302260675411667 0.9302260675411667
13-103753116-T-G 0.9302260675411667 0.9302260675411667 0.9302260675411667 0.00010809642200837466 0.9302260675411667 0.9302260675411667 0.9302260675411667 0.9302260675411667 0.9302260675411667 0.9302260675411667 0.9302260675411667 0.9302260675411667 0.9302260675411667 0.9302260675411667 0.9302260675411667 0.9302260675411667 0.00010809642200837466 0.9302260675411667 0.9302260675411667 0.00010809642200837466 0.9302260675411667 0.9302260675411667 0.9302260675411667 0.9302260675411667
18-20275066-A-G 0.9302260675411667 0.9302260675411667 0.9302260675411667 0.9302260675411667 0.9302260675411667 0.9302260675411667 0.9302260675411667 0.9302260675411667 0.00010809642200837466 0.9302260675411667 0.00010809642200837466 0.9302260675411667 0.9302260675411667 0.9302260675411667 0.9302260675411667 0.9302260675411667 0.9302260675411667 0.9302260675411667 0.9302260675411667 0.9302260675411667 0.9302260675411667 0.9302260675411667 0.9302260675411667 0.9302260675411667
5-144280715-A-G 0.9302260675411667 0.9302260675411667 0.00010809642200837466 0.9302260675411667 0.9302260675411667 0.9302260675411667 0.00010809642200837466 0.9302260675411667 0.9302260675411667 0.9302260675411667 0.9302260675411667 0.9302260675411667 0.9302260675411667 0.9302260675411667 0.9302260675411667 0.00010809642200837466 0.9302260675411667 0.9302260675411667 0.00010809642200837466 0.9302260675411667 0.00010809642200837466 0.00010809642200837466 0.9302260675411667 0.9302260675411667
5-24565974-T-C 0.9302260675411667 0.9302260675411667 0.9302260675411667 0.9302260675411667 0.9302260675411667 0.9302260675411667 0.9302260675411667 0.9302260675411667 0.00010809642200837466 0.9302260675411667 0.00010809642200837466 0.9302260675411667 0.9302260675411667 0.9302260675411667 0.9302260675411667 0.9302260675411667 0.9302260675411667 0.9302260675411667 0.9302260675411667 0.9302260675411667 0.9302260675411667 0.9302260675411667 0.9302260675411667 0.9302260675411667
15-81981109-T-G 0.9302260675411667 0.9302260675411667 0.9302260675411667 0.00010809642200837466 0.9302260675411667 0.9302260675411667 0.9302260675411667 0.9302260675411667 0.9302260675411667 0.9302260675411667 0.9302260675411667 0.9302260675411667 0.9302260675411667 0.9302260675411667 0.9302260675411667 0.9302260675411667 0.00010809642200837466 0.9302260675411667 0.9302260675411667 0.00010809642200837466 0.9302260675411667 0.9302260675411667 0.9302260675411667 0.9302260675411667
5-26003198-T-G 0.9302260675411667 0.9302260675411667 0.9302260675411667 0.9302260675411667 0.9302260675411667 0.9302260675411667 0.9302260675411667 0.9302260675411667 0.9302260675411667 0.9302260675411667 0.9302260675411667 0.00010809642200837466 0.9302260675411667 0.9302260675411667 0.9302260675411667 0.9302260675411667 0.9302260675411667 0.9302260675411667 0.9302260675411667 0.9302260675411667 0.00010809642200837466 0.9302260675411667 0.9302260675411667 0.9302260675411667
7-123181613-G-T 0.9302260675411667 0.9302260675411667 0.9302260675411667 0.00010809642200837466 0.9302260675411667 0.9302260675411667 0.9302260675411667 0.9302260675411667 0.9302260675411667 0.9302260675411667 0.9302260675411667 0.9302260675411667 0.9302260675411667 0.9302260675411667 0.9302260675411667 0.9302260675411667 0.00010809642200837466 0.9302260675411667 0.9302260675411667 0.00010809642200837466 0.9302260675411667 0.9302260675411667 0.9302260675411667 0.9302260675411667
1-172563856-C-G 0.00010809642200837466 0.00010809642200837466 0.9302260675411667 0.00010809642200837466 0.00010809642200837466 0.00010809642200837466 0.9302260675411667 0.00010809642200837466 0.00010809642200837466 0.00010809642200837466 0.00010809642200837466 0.00010809642200837466 0.00010809642200837466 0.00010809642200837466 0.9302260675411667 0.00010809642200837466 0.9302260675411667 0.00010809642200837466 0.00010809642200837466 0.00010809642200837466 0.00010809642200837466 0.00010809642200837466 0.00010809642200837466 0.00010809642200837466
4-144209723-A-T 0.9302260675411667 0.00010809642200837466 0.9302260675411667 0.9302260675411667 0.9302260675411667 0.9302260675411667 0.00010809642200837466 0.9302260675411667 0.9302260675411667 0.9302260675411667 0.9302260675411667 0.9302260675411667 0.9302260675411667 0.9302260675411667 0.9302260675411667 0.9302260675411667 0.9302260675411667 0.9302260675411667 0.9302260675411667 0.9302260675411667 0.9302260675411667 0.9302260675411667 0.9302260675411667 0.9302260675411667
17-58974331-T-C 0.9302260675411667 0.9302260675411667 0.9302260675411667 0.9302260675411667 0.9302260675411667 0.9302260675411667 0.9302260675411667 0.9302260675411667 0.00010809642200837466 0.9302260675411667 0.00010809642200837466 0.9302260675411667 0.9302260675411667 0.9302260675411667 0.9302260675411667 0.9302260675411667 0.9302260675411667 0.9302260675411667 0.9302260675411667 0.9302260675411667 0.9302260675411667 0.9302260675411667 0.9302260675411667 0.9302260675411667
10-40005864-G-C 0.00010809642200837466 0.00010809642200837466 0.00010809642200837466 0.00010809642200837466 0.00010809642200837466 0.00010809642200837466 0.00010809642200837466 0.00010809642200837466 0.9302260675411667 0.00010809642200837466 0.00010809642200837466 0.00010809642200837466 0.00010809642200837466 0.9302260675411667 0.00010809642200837466 0.00010809642200837466 0.9302260675411667 0.00010809642200837466 0.00010809642200837466 0.00010809642200837466 0.00010809642200837466 0.00010809642200837466 0.00010809642200837466 0.00010809642200837466
3-88503109-G-C 0.9302260675411667 0.9302260675411667 0.9302260675411667 0.00010809642200837466 0.9302260675411667 0.9302260675411667 0.9302260675411667 0.9302260675411667 0.9302260675411667 0.9302260675411667 0.9302260675411667 0.9302260675411667 0.9302260675411667 0.9302260675411667 0.9302260675411667 0.9302260675411667 0.00010809642200837466 0.9302260675411667 0.9302260675411667 0.00010809642200837466 0.9302260675411667 0.9302260675411667 0.9302260675411667 0.9302260675411667
4-70249096-A-G 0.9302260675411667 0.9302260675411667 0.9302260675411667 0.9302260675411667 0.9302260675411667 0.9302260675411667 0.9302260675411667 0.9302260675411667 0.9302260675411667 0.9302260675411667 0.9302260675411667 0.00010809642200837466 0.9302260675411667 0.9302260675411667 0.9302260675411667 0.9302260675411667 0.9302260675411667 0.9302260675411667 0.9302260675411667 0.9302260675411667 0.00010809642200837466 0.9302260675411667 0.9302260675411667 0.9302260675411667
4-52856047-A-G 0.9302260675411667 0.00010809642200837466 0.9302260675411667 0.9302260675411667 0.9302260675411667 0.9302260675411667 0.00010809642200837466 0.9302260675411667 0.9302260675411667 0.9302260675411667 0.9302260675411667 0.9302260675411667 0.9302260675411667 0.9302260675411667 0.9302260675411667 0.9302260675411667 0.9302260675411667 0.9302260675411667 0.9302260675411667 0.9302260675411667 0.9302260675411667 0.9302260675411667 0.9302260675411667 0.9302260675411667
1-107276337-G-T 0.00010809642200837466 0.9302260675411667 0.9302260675411667 0.9302260675411667 0.9302260675411667 0.9302260675411667 0.9302260675411667 0.9302260675411667 0.9302260675411667 0.9302260675411667 0.9302260675411667 0.9302260675411667 0.00010809642200837466 0.9302260675411667 0.9302260675411667 0.9302260675411667 0.9302260675411667 0.9302260675411667 0.9302260675411667 0.9302260675411667 0.9302260675411667 0.9302260675411667 0.9302260675411667 0.9302260675411667
2-34811160-T-C 0.00010809642200837466 0.9302260675411667 0.9302260675411667 0.9302260675411667 0.9302260675411667 0.9302260675411667 0.9302260675411667 0.9302260675411667 0.9302260675411667 0.9302260675411667 0.9302260675411667 0.9302260675411667 0.00010809642200837466 0.9302260675411667 0.9302260675411667 0.9302260675411667 0.9302260675411667 0.9302260675411667 0.9302260675411667 0.9302260675411667 0.9302260675411667 0.9302260675411667 0.9302260675411667 0.9302260675411667
14-34044032-A-C 0.9302260675411667 0.00010809642200837466 0.9302260675411667 0.9302260675411667 0.9302260675411667 0.9302260675411667 0.00010809642200837466 0.00010809642200837466 0.9302260675411667 0.00010809642200837466 0.9302260675411667 0.9302260675411667 0.9302260675411667 0.9302260675411667 0.9302260675411667 0.9302260675411667 0.9302260675411667 0.9302260675411667 0.9302260675411667 0.9302260675411667 0.9302260675411667 0.9302260675411667 0.9302260675411667 0.9302260675411667
5-91140830-A-G 0.9302260675411667 0.9302260675411667 0.9302260675411667 0.00010809642200837466 0.9302260675411667 0.9302260675411667 0.9302260675411667 0.9302260675411667 0.9302260675411667 0.9302260675411667 0.9302260675411667 0.9302260675411667 0.9302260675411667 0.9302260675411667 0.9302260675411667 0.9302260675411667 0.00010809642200837466 0.9302260675411667 0.9302260675411667 0.00010809642200837466 0.9302260675411667 0.9302260675411667 0.9302260675411667 0.9302260675411667
11-120904018-T-C 0.9302260675411667 0.9302260675411667 0.9302260675411667 0.9302260675411667 0.9302260675411667 0.9302260675411667 0.9302260675411667 0.9302260675411667 0.00010809642200837466 0.9302260675411667 0.00010809642200837466 0.9302260675411667 0.9302260675411667 0.9302260675411667 0.9302260675411667 0.9302260675411667 0.9302260675411667 0.9302260675411667 0.9302260675411667 0.9302260675411667 0.9302260675411667 0.9302260675411667 0.9302260675411667 0.9302260675411667
19-39438458-T-C 0.9302260675411667 0.9302260675411667 0.9302260675411667 0.9302260675411667 0.9302260675411667 0.9302260675411667 0.9302260675411667 0.9302260675411667 0.9302260675411667 0.9302260675411667 0.9302260675411667 0.00010809642200837466 0.9302260675411667 0.9302260675411667 0.9302260675411667 0.9302260675411667 0.9302260675411667 0.9302260675411667 0.9302260675411667 0.9302260675411667 0.00010809642200837466 0.9302260675411667 0.9302260675411667 0.9302260675411667
19-38195681-A-C 0.00010809642200837466 0.00010809642200837466 0.00010809642200837466 0.00010809642200837466 0.00010809642200837466 0.00010809642200837466 0.00010809642200837466 0.00010809642200837466 0.00010809642200837466 0.00010809642200837466 0.00010809642200837466 0.00010809642200837466 0.00010809642200837466 0.00010809642200837466 0.00010809642200837466 0.00010809642200837466 0.00010809642200837466 0.9302260675411667 0.00010809642200837466 0.00010809642200837466 0.00010809642200837466 0.00010809642200837466 0.00010809642200837466 0.00010809642200837466
11-73940872-C-T 0.9302260675411667 0.00010809642200837466 0.9302260675411667 0.9302260675411667 0.9302260675411667 0.9302260675411667 0.00010809642200837466 0.9302260675411667 0.9302260675411667 0.9302260675411667 0.9302260675411667 0.9302260675411667 0.9302260675411667 0.9302260675411667 0.9302260675411667 0.9302260675411667 0.9302260675411667 0.9302260675411667 0.9302260675411667 0.9302260675411667 0.9302260675411667 0.9302260675411667 0.9302260675411667 0.9302260675411667
14-19060317-T-C 0.9302260675411667 0.00010809642200837466 0.9302260675411667 0.9302260675411667 0.9302260675411667 0.9302260675411667 0.00010809642200837466 0.9302260675411667 0.9302260675411667 0.9302260675411667 0.9302260675411667 0.9302260675411667 0.9302260675411667 0.9302260675411667 0.9302260675411667 0.9302260675411667 0.9302260675411667 0.9302260675411667 0.9302260675411667 0.9302260675411667 0.9302260675411667 0.9302260675411667 0.9302260675411667 0.9302260675411667
6-84860677-C-T 0.9302260675411667 0.9302260675411667 0.9302260675411667 0.9302260675411667 0.9302260675411667 0.9302260675411667 0.9302260675411667 0.9302260675411667 0.00010809642200837466 0.9302260675411667 0.00010809642200837466 0.9302260675411667 0.9302260675411667 0.9302260675411667 0.9302260675411667 0.9302260675411667 0.9302260675411667 0.9302260675411667 0.9302260675411667 0.9302260675411667 0.9302260675411667 0.9302260675411667 0.9302260675411667 0.9302260675411667
17-38146840-A-G 0.9302260675411667 0.00010809642200837466 0.9302260675411667 0.9302260675411667 0.9302260675411667 0.9302260675411667 0.00010809642200837466 0.9302260675411667 0.9302260675411667 0.9302260675411667 0.9302260675411667 0.9302260675411667 0.9302260675411667 0.9302260675411667 0.9302260675411667 0.9302260675411667 0.9302260675411667 0.9302260675411667 0.9302260675411667 0.9302260675411667 0.9302260675411667 0.9302260675411667 0.9302260675411667 0.9302260675411667
19-11183817-A-C 0.9302260675411667 0.00010809642200837466 0.9302260675411667 0.9302260675411667 0.9302260675411667 0.9302260675411667 0.00010809642200837466 0.9302260675411667 0.9302260675411667 0.9302260675411667 0.9302260675411667 0.9302260675411667 0.9302260675411667 0.9302260675411667 0.9302260675411667 0.9302260675411667 0.9302260675411667 0.9302260675411667 0.9302260675411667 0.9302260675411667 0.9302260675411667 0.9302260675411667 0.9302260675411667 0.9302260675411667
11-70940116-T-G 0.9302260675411667 0.00010809642200837466 0.9302260675411667 0.9302260675411667 0.9302260675411667 0.9302260675411667 0.00010809642200837466 0.9302260675411667 0.9302260675411667 0.9302260675411667 0.9302260675411667 0.9302260675411667 0.9302260675411667 0.9302260675411667 0.9302260675411667 0.9302260675411667 0.9302260675411667 0.9302260675411667 0.9302260675411667 0.9302260675411667 0.9302260675411667 0.9302260675411667 0.9302260675411667 0.9302260675411667
1-172563856-C-G 0.00010809642200837466 0.00010809642200837466 0.9302260675411667 0.00010809642200837466 0.00010809642200837466 0.00010809642200837466 0.9302260675411667 0.00010809642200837466 0.00010809642200837466 0.00010809642200837466 0.00010809642200837466 0.00010809642200837466 0.00010809642200837466 0.00010809642200837466 0.9302260675411667 0.00010809642200837466 0.9302260675411667 0.00010809642200837466 0.00010809642200837466 0.00010809642200837466 0.00010809642200837466 0.00010809642200837466 0.00010809642200837466 0.00010809642200837466
15-44630115-A-C 0.9302260675411667 0.00010809642200837466 0.9302260675411667 0.9302260675411667 0.9302260675411667 0.9302260675411667 0.00010809642200837466 0.9302260675411667 0.9302260675411667 0.9302260675411667 0.9302260675411667 0.9302260675411667 0.9302260675411667 0.9302260675411667 0.9302260675411667 0.9302260675411667 0.9302260675411667 0.9302260675411667 0.9302260675411667 0.9302260675411667 0.9302260675411667 0.9302260675411667 0.9302260675411667 0.9302260675411667
15-99717708-C-T 0.00010809642200837466 0.9302260675411667 0.9302260675411667 0.9302260675411667 0.9302260675411667 0.9302260675411667 0.9302260675411667 0.9302260675411667 0.9302260675411667 0.9302260675411667 0.9302260675411667 0.9302260675411667 0.00010809642200837466 0.9302260675411667 0.9302260675411667 0.9302260675411667 0.9302260675411667 0.9302260675411667 0.9302260675411667 0.9302260675411667 0.9302260675411667 0.9302260675411667 0.9302260675411667 0.9302260675411667
5-70794748-T-C 0.9302260675411667 0.00010809642200837466 0.9302260675411667 0.9302260675411667 0.9302260675411667 0.9302260675411667 0.00010809642200837466 0.00010809642200837466 0.9302260675411667 0.00010809642200837466 0.9302260675411667 0.9302260675411667 0.9302260675411667 0.9302260675411667 0.9302260675411667 0.9302260675411667 0.9302260675411667 0.9302260675411667 0.9302260675411667 0.9302260675411667 0.9302260675411667 0.9302260675411667 0.9302260675411667 0.9302260675411667
5-14676253-T-G 0.9302260675411667 0.00010809642200837466 0.9302260675411667 0.9302260675411667 0.9302260675411667 0.9302260675411667 0.00010809642200837466 0.9302260675411667 0.9302260675411667 0.9302260675411667 0.9302260675411667 0.9302260675411667 0.9302260675411667 0.9302260675411667 0.9302260675411667 0.9302260675411667 0.9302260675411667 0.9302260675411667 0.9302260675411667 0.9302260675411667 0.9302260675411667 0.9302260675411667 0.9302260675411667 0.9302260675411667
4-139660293-T-C 0.9302260675411667 0.00010809642200837466 0.00010809642200837466 0.00010809642200837466 0.00010809642200837466 0.9302260675411667 0.00010809642200837466 0.00010809642200837466 0.00010809642200837466 0.00010809642200837466 0.00010809642200837466 0.00010809642200837466 0.9302260675411667 0.00010809642200837466 0.00010809642200837466 0.00010809642200837466 0.00010809642200837466 0.00010809642200837466 0.00010809642200837466 0.00010809642200837466 0.00010809642200837466 0.00010809642200837466 0.00010809642200837466 0.00010809642200837466
18-31715411-A-C 0.9302260675411667 0.9302260675411667 0.9302260675411667 0.9302260675411667 0.9302260675411667 0.9302260675411667 0.9302260675411667 0.9302260675411667 0.9302260675411667 0.9302260675411667 0.9302260675411667 0.9302260675411667 0.9302260675411667 0.00010809642200837466 0.9302260675411667 0.9302260675411667 0.9302260675411667 0.9302260675411667 0.9302260675411667 0.9302260675411667 0.9302260675411667 0.9302260675411667 0.9302260675411667 0.00010809642200837466
4-58905156-G-A 0.9302260675411667 0.00010809642200837466 0.9302260675411667 0.9302260675411667 0.9302260675411667 0.9302260675411667 0.00010809642200837466 0.9302260675411667 0.9302260675411667 0.9302260675411667 0.9302260675411667 0.9302260675411667 0.9302260675411667 0.9302260675411667 0.9302260675411667 0.9302260675411667 0.9302260675411667 0.9302260675411667 0.9302260675411667 0.9302260675411667 0.9302260675411667 0.9302260675411667 0.9302260675411667 0.9302260675411667
3-41657387-T-C 0.9302260675411667 0.9302260675411667 0.9302260675411667 0.9302260675411667 0.9302260675411667 0.9302260675411667 0.9302260675411667 0.9302260675411667 0.00010809642200837466 0.9302260675411667 0.00010809642200837466 0.9302260675411667 0.9302260675411667 0.9302260675411667 0.9302260675411667 0.9302260675411667 0.9302260675411667 0.9302260675411667 0.9302260675411667 0.9302260675411667 0.9302260675411667 0.9302260675411667 0.9302260675411667 0.9302260675411667
13-23710640-C-T 0.00010809642200837466 0.00010809642200837466 0.00010809642200837466 0.00010809642200837466 0.00010809642200837466 0.00010809642200837466 0.00010809642200837466 0.00010809642200837466 0.00010809642200837466 0.00010809642200837466 0.00010809642200837466 0.00010809642200837466 0.00010809642200837466 0.00010809642200837466 0.00010809642200837466 0.00010809642200837466 0.00010809642200837466 0.00010809642200837466 0.00010809642200837466 0.00010809642200837466 0.00010809642200837466 0.00010809642200837466 0.00010809642200837466 0.9302260675411667
5-31645667-C-G 0.00010809642200837466 0.9302260675411667 0.9302260675411667 0.9302260675411667 0.9302260675411667 0.9302260675411667 0.9302260675411667 0.9302260675411667 0.9302260675411667 0.9302260675411667 0.9302260675411667 0.9302260675411667 0.00010809642200837466 0.9302260675411667 0.9302260675411667 0.9302260675411667 0.9302260675411667 0.9302260675411667 0.9302260675411667 0.9302260675411667 0.9302260675411667 0.9302260675411667 0.9302260675411667 0.9302260675411667
11-70940116-T-G 0.9302260675411667 0.00010809642200837466 0.9302260675411667 0.9302260675411667 0.9302260675411667 0.9302260675411667 0.00010809642200837466 0.9302260675411667 0.9302260675411667 0.9302260675411667 0.9302260675411667 0.9302260675411667 0.9302260675411667 0.9302260675411667 0.9302260675411667 0.9302260675411667 0.9302260675411667 0.9302260675411667 0.9302260675411667 0.9302260675411667 0.9302260675411667 0.9302260675411667 0.9302260675411667 0.9302260675411667
9-35564023-T-C 0.00010809642200837466 0.9302260675411667 0.9302260675411667 0.9302260675411667 0.9302260675411667 0.00010809642200837466 0.9302260675411667 0.9302260675411667 0.9302260675411667 0.9302260675411667 0.9302260675411667 0.9302260675411667 0.00010809642200837466 0.9302260675411667 0.00010809642200837466 0.9302260675411667 0.9302260675411667 0.9302260675411667 0.9302260675411667 0.9302260675411667 0.9302260675411667 0.9302260675411667 0.9302260675411667 0.9302260675411667
7-121673032-A-C 0.9302260675411667 0.9302260675411667 0.9302260675411667 0.9302260675411667 0.9302260675411667 0.9302260675411667 0.9302260675411667 0.9302260675411667 0.9302260675411667 0.9302260675411667 0.9302260675411667 0.9302260675411667 0.9302260675411667 0.00010809642200837466 0.9302260675411667 0.9302260675411667 0.9302260675411667 0.9302260675411667 0.9302260675411667 0.9302260675411667 0.9302260675411667 0.9302260675411667 0.9302260675411667 0.00010809642200837466
9-4229089-T-C 0.00010809642200837466 0.9302260675411667 0.9302260675411667 0.9302260675411667 0.9302260675411667 0.00010809642200837466 0.9302260675411667 0.9302260675411667 0.9302260675411667 0.9302260675411667 0.9302260675411667 0.9302260675411667 0.00010809642200837466 0.9302260675411667 0.9302260675411667 0.9302260675411667 0.9302260675411667 0.9302260675411667 0.9302260675411667 0.9302260675411667 0.9302260675411667 0.9302260675411667 0.9302260675411667 0.9302260675411667
7-16213083-G-C 0.00010809642200837466 0.9302260675411667 0.9302260675411667 0.9302260675411667 0.9302260675411667 0.00010809642200837466 0.9302260675411667 0.9302260675411667 0.9302260675411667 0.9302260675411667 0.9302260675411667 0.9302260675411667 0.00010809642200837466 0.9302260675411667 0.00010809642200837466 0.9302260675411667 0.9302260675411667 0.9302260675411667 0.9302260675411667 0.9302260675411667 0.9302260675411667 0.9302260675411667 0.9302260675411667 0.9302260675411667
13-50008054-A-C 0.00010809642200837466 0.9302260675411667 0.9302260675411667 0.9302260675411667 0.9302260675411667 0.00010809642200837466 0.9302260675411667 0.9302260675411667 0.00010809642200837466 0.9302260675411667 0.00010809642200837466 0.9302260675411667 0.00010809642200837466 0.9302260675411667 0.00010809642200837466 0.9302260675411667 0.9302260675411667 0.9302260675411667 0.9302260675411667 0.9302260675411667 0.9302260675411667 0.9302260675411667 0.00010809642200837466 0.9302260675411667
19-6853070-G-A 0.00010809642200837466 0.9302260675411667 0.9302260675411667 0.9302260675411667 0.9302260675411667 0.00010809642200837466 0.9302260675411667 0.9302260675411667 0.9302260675411667 0.9302260675411667 0.9302260675411667 0.9302260675411667 0.00010809642200837466 0.9302260675411667 0.9302260675411667 0.9302260675411667 0.9302260675411667 0.9302260675411667 0.9302260675411667 0.9302260675411667 0.9302260675411667 0.9302260675411667 0.9302260675411667 0.9302260675411667
15-39181458-C-T 0.9302260675411667 0.9302260675411667 0.9302260675411667 0.9302260675411667 0.9302260675411667 0.9302260675411667 0.9302260675411667 0.9302260675411667 0.00010809642200837466 0.9302260675411667 0.00010809642200837466 0.9302260675411667 0.9302260675411667 0.9302260675411667 0.9302260675411667 0.9302260675411667 0.9302260675411667 0.9302260675411667 0.9302260675411667 0.9302260675411667 0.9302260675411667 0.9302260675411667 0.9302260675411667 0.9302260675411667
3-94936609-T-C 0.9302260675411667 0.9302260675411667 0.9302260675411667 0.00010809642200837466 0.9302260675411667 0.9302260675411667 0.9302260675411667 0.9302260675411667 0.9302260675411667 0.9302260675411667 0.9302260675411667 0.9302260675411667 0.9302260675411667 0.9302260675411667 0.9302260675411667 0.9302260675411667 0.00010809642200837466 0.9302260675411667 0.9302260675411667 0.00010809642200837466 0.9302260675411667 0.9302260675411667 0.9302260675411667 0.9302260675411667
1-92589267-G-A 0.9302260675411667 0.00010809642200837466 0.9302260675411667 0.9302260675411667 0.9302260675411667 0.9302260675411667 0.00010809642200837466 0.00010809642200837466 0.9302260675411667 0.00010809642200837466 0.9302260675411667 0.9302260675411667 0.9302260675411667 0.9302260675411667 0.9302260675411667 0.9302260675411667 0.9302260675411667 0.9302260675411667 0.9302260675411667 0.9302260675411667 0.9302260675411667 0.9302260675411667 0.9302260675411667 0.9302260675411667
11-96708747-G-A 0.9302260675411667 0.00010809642200837466 0.9302260675411667 0.9302260675411667 0.9302260675411667 0.9302260675411667 0.00010809642200837466 0.9302260675411667 0.9302260675411667 0.9302260675411667 0.9302260675411667 0.9302260675411667 0.9302260675411667 0.9302260675411667 0.9302260675411667 0.9302260675411667 0.9302260675411667 0.9302260675411667 0.9302260675411667 0.9302260675411667 0.9302260675411667 0.9302260675411667 0.9302260675411667 0.9302260675411667
13-77761761-T-A 0.9302260675411667 0.00010809642200837466 0.9302260675411667 0.9302260675411667 0.00010809642200837466 0.9302260675411667 0.00010809642200837466 0.00010809642200837466 0.9302260675411667 0.00010809642200837466 0.9302260675411667 0.9302260675411667 0.9302260675411667 0.9302260675411667 0.9302260675411667 0.9302260675411667 0.9302260675411667 0.9302260675411667 0.9302260675411667 0.9302260675411667 0.9302260675411667 0.9302260675411667 0.9302260675411667 0.9302260675411667
8-24586676-A-T 0.00010809642200837466 0.00010809642200837466 0.00010809642200837466 0.00010809642200837466 0.9302260675411667 0.00010809642200837466 0.00010809642200837466 0.00010809642200837466 0.00010809642200837466 0.00010809642200837466 0.00010809642200837466 0.00010809642200837466 0.00010809642200837466 0.00010809642200837466 0.00010809642200837466 0.00010809642200837466 0.00010809642200837466 0.00010809642200837466 0.00010809642200837466 0.00010809642200837466 0.00010809642200837466 0.00010809642200837466 0.00010809642200837466 0.00010809642200837466
2-147026260-T-C 0.00010809642200837466 0.9302260675411667 0.9302260675411667 0.9302260675411667 0.9302260675411667 0.00010809642200837466 0.9302260675411667 0.9302260675411667 0.9302260675411667 0.9302260675411667 0.9302260675411667 0.9302260675411667 0.00010809642200837466 0.9302260675411667 0.9302260675411667 0.9302260675411667 0.9302260675411667 0.9302260675411667 0.9302260675411667 0.9302260675411667 0.9302260675411667 0.9302260675411667 0.9302260675411667 0.9302260675411667
6-124405053-A-G 0.9302260675411667 0.9302260675411667 0.9302260675411667 0.9302260675411667 0.9302260675411667 0.9302260675411667 0.9302260675411667 0.9302260675411667 0.00010809642200837466 0.9302260675411667 0.00010809642200837466 0.9302260675411667 0.9302260675411667 0.9302260675411667 0.9302260675411667 0.9302260675411667 0.9302260675411667 0.9302260675411667 0.9302260675411667 0.9302260675411667 0.9302260675411667 0.9302260675411667 0.9302260675411667 0.9302260675411667
6-123649146-A-C 0.00010809642200837466 0.9302260675411667 0.9302260675411667 0.9302260675411667 0.9302260675411667 0.00010809642200837466 0.9302260675411667 0.9302260675411667 0.9302260675411667 0.9302260675411667 0.9302260675411667 0.9302260675411667 0.00010809642200837466 0.9302260675411667 0.9302260675411667 0.9302260675411667 0.9302260675411667 0.9302260675411667 0.9302260675411667 0.9302260675411667 0.9302260675411667 0.9302260675411667 0.9302260675411667 0.9302260675411667
1-58846628-T-A 0.9302260675411667 0.9302260675411667 0.9302260675411667 0.9302260675411667 0.9302260675411667 0.9302260675411667 0.9302260675411667 0.9302260675411667 0.00010809642200837466 0.9302260675411667 0.00010809642200837466 0.9302260675411667 0.9302260675411667 0.9302260675411667 0.9302260675411667 0.9302260675411667 0.9302260675411667 0.9302260675411667 0.9302260675411667 0.9302260675411667 0.9302260675411667 0.9302260675411667 0.9302260675411667 0.9302260675411667
13-47049295-G-A 0.9302260675411667 0.9302260675411667 0.9302260675411667 0.9302260675411667 0.9302260675411667 0.9302260675411667 0.9302260675411667 0.9302260675411667 0.00010809642200837466 0.9302260675411667 0.00010809642200837466 0.9302260675411667 0.9302260675411667 0.9302260675411667 0.9302260675411667 0.9302260675411667 0.9302260675411667 0.9302260675411667 0.9302260675411667 0.9302260675411667 0.9302260675411667 0.9302260675411667 0.9302260675411667 0.9302260675411667
12-19490647-C-T 0.9302260675411667 0.9302260675411667 0.9302260675411667 0.9302260675411667 0.9302260675411667 0.9302260675411667 0.9302260675411667 0.9302260675411667 0.9302260675411667 0.9302260675411667 0.9302260675411667 0.9302260675411667 0.9302260675411667 0.00010809642200837466 0.9302260675411667 0.9302260675411667 0.9302260675411667 0.9302260675411667 0.9302260675411667 0.9302260675411667 0.9302260675411667 0.9302260675411667 0.9302260675411667 0.00010809642200837466
2-122072820-A-C 0.00010809642200837466 0.00010809642200837466 0.00010809642200837466 0.00010809642200837466 0.00010809642200837466 0.00010809642200837466 0.00010809642200837466 0.00010809642200837466 0.00010809642200837466 0.00010809642200837466 0.00010809642200837466 0.9302260675411667 0.00010809642200837466 0.00010809642200837466 0.00010809642200837466 0.00010809642200837466 0.00010809642200837466 0.00010809642200837466 0.00010809642200837466 0.00010809642200837466 0.00010809642200837466 0.00010809642200837466 0.00010809642200837466 0.00010809642200837466
8-93502466-G-A 0.9302260675411667 0.9302260675411667 0.9302260675411667 0.9302260675411667 0.9302260675411667 0.9302260675411667 0.9302260675411667 0.9302260675411667 0.00010809642200837466 0.9302260675411667 0.00010809642200837466 0.9302260675411667 0.9302260675411667 0.9302260675411667 0.9302260675411667 0.9302260675411667 0.9302260675411667 0.9302260675411667 0.9302260675411667 0.9302260675411667 0.9302260675411667 0.9302260675411667 0.9302260675411667 0.9302260675411667
14-66968757-G-C 0.9302260675411667 0.9302260675411667 0.9302260675411667 0.9302260675411667 0.9302260675411667 0.9302260675411667 0.9302260675411667 0.9302260675411667 0.9302260675411667 0.9302260675411667 0.9302260675411667 0.9302260675411667 0.9302260675411667 0.00010809642200837466 0.9302260675411667 0.9302260675411667 0.9302260675411667 0.9302260675411667 0.9302260675411667 0.9302260675411667 0.9302260675411667 0.9302260675411667 0.9302260675411667 0.00010809642200837466
11-34402699-T-C 0.9302260675411667 0.9302260675411667 0.9302260675411667 0.9302260675411667 0.9302260675411667 0.9302260675411667 0.9302260675411667 0.9302260675411667 0.00010809642200837466 0.9302260675411667 0.00010809642200837466 0.9302260675411667 0.9302260675411667 0.9302260675411667 0.9302260675411667 0.9302260675411667 0.9302260675411667 0.9302260675411667 0.9302260675411667 0.9302260675411667 0.9302260675411667 0.9302260675411667 0.9302260675411667 0.9302260675411667
6-117925602-A-T 0.00010809642200837466 0.9302260675411667 0.9302260675411667 0.9302260675411667 0.9302260675411667 0.00010809642200837466 0.9302260675411667 0.9302260675411667 0.00010809642200837466 0.9302260675411667 0.00010809642200837466 0.9302260675411667 0.00010809642200837466 0.9302260675411667 0.00010809642200837466 0.9302260675411667 0.9302260675411667 0.00010809642200837466 0.9302260675411667 0.9302260675411667 0.9302260675411667 0.9302260675411667 0.00010809642200837466 0.9302260675411667
2-40879697-G-T 0.9302260675411667 0.9302260675411667 0.9302260675411667 0.9302260675411667 0.9302260675411667 0.9302260675411667 0.9302260675411667 0.9302260675411667 0.9302260675411667 0.9302260675411667 0.9302260675411667 0.9302260675411667 0.9302260675411667 0.00010809642200837466 0.9302260675411667 0.9302260675411667 0.9302260675411667 0.9302260675411667 0.9302260675411667 0.9302260675411667 0.9302260675411667 0.9302260675411667 0.9302260675411667 0.00010809642200837466
2-153942831-A-G 0.9302260675411667 0.00010809642200837466 0.9302260675411667 0.9302260675411667 0.9302260675411667 0.9302260675411667 0.00010809642200837466 0.9302260675411667 0.9302260675411667 0.9302260675411667 0.9302260675411667 0.9302260675411667 0.9302260675411667 0.9302260675411667 0.9302260675411667 0.9302260675411667 0.9302260675411667 0.9302260675411667 0.9302260675411667 0.9302260675411667 0.9302260675411667 0.9302260675411667 0.9302260675411667 0.9302260675411667
9-38449016-T-A 0.9302260675411667 0.9302260675411667 0.9302260675411667 0.9302260675411667 0.9302260675411667 0.9302260675411667 0.9302260675411667 0.9302260675411667 0.9302260675411667 0.9302260675411667 0.9302260675411667 0.00010809642200837466 0.9302260675411667 0.9302260675411667 0.9302260675411667 0.9302260675411667 0.9302260675411667 0.9302260675411667 0.9302260675411667 0.9302260675411667 0.00010809642200837466 0.9302260675411667 0.9302260675411667 0.9302260675411667
2-50292998-A-G 0.9302260675411667 0.9302260675411667 0.9302260675411667 0.9302260675411667 0.9302260675411667 0.9302260675411667 0.9302260675411667 0.9302260675411667 0.9302260675411667 0.9302260675411667 0.9302260675411667 0.00010809642200837466 0.9302260675411667 0.9302260675411667 0.9302260675411667 0.9302260675411667 0.9302260675411667 0.9302260675411667 0.9302260675411667 0.9302260675411667 0.00010809642200837466 0.9302260675411667 0.9302260675411667 0.9302260675411667
13-58233513-C-T 0.00010809642200837466 0.00010809642200837466 0.00010809642200837466 0.00010809642200837466 0.00010809642200837466 0.00010809642200837466 0.00010809642200837466 0.00010809642200837466 0.00010809642200837466 0.00010809642200837466 0.00010809642200837466 0.00010809642200837466 0.00010809642200837466 0.00010809642200837466 0.00010809642200837466 0.00010809642200837466 0.00010809642200837466 0.00010809642200837466 0.00010809642200837466 0.00010809642200837466 0.00010809642200837466 0.00010809642200837466 0.00010809642200837466 0.9302260675411667
14-50855526-G-T 0.00010809642200837466 0.00010809642200837466 0.00010809642200837466 0.00010809642200837466 0.00010809642200837466 0.00010809642200837466 0.00010809642200837466 0.00010809642200837466 0.00010809642200837466 0.00010809642200837466 0.00010809642200837466 0.00010809642200837466 0.00010809642200837466 0.00010809642200837466 0.00010809642200837466 0.00010809642200837466 0.00010809642200837466 0.9302260675411667 0.00010809642200837466 0.00010809642200837466 0.00010809642200837466 0.00010809642200837466 0.00010809642200837466 0.00010809642200837466
18-20275066-A-G 0.9302260675411667 0.9302260675411667 0.9302260675411667 0.9302260675411667 0.9302260675411667 0.9302260675411667 0.9302260675411667 0.9302260675411667 0.00010809642200837466 0.9302260675411667 0.00010809642200837466 0.9302260675411667 0.9302260675411667 0.9302260675411667 0.9302260675411667 0.9302260675411667 0.9302260675411667 0.9302260675411667 0.9302260675411667 0.9302260675411667 0.9302260675411667 0.9302260675411667 0.9302260675411667 0.9302260675411667
11-34402699-T-C 0.9302260675411667 0.9302260675411667 0.9302260675411667 0.9302260675411667 0.9302260675411667 0.9302260675411667 0.9302260675411667 0.9302260675411667 0.00010809642200837466 0.9302260675411667 0.00010809642200837466 0.9302260675411667 0.9302260675411667 0.9302260675411667 0.9302260675411667 0.9302260675411667 0.9302260675411667 0.9302260675411667 0.9302260675411667 0.9302260675411667 0.9302260675411667 0.9302260675411667 0.9302260675411667 0.9302260675411667
7-24998945-G-C 0.9302260675411667 0.9302260675411667 0.9302260675411667 0.9302260675411667 0.9302260675411667 0.9302260675411667 0.9302260675411667 0.9302260675411667 0.00010809642200837466 0.9302260675411667 0.00010809642200837466 0.9302260675411667 0.9302260675411667 0.9302260675411667 0.9302260675411667 0.9302260675411667 0.9302260675411667 0.9302260675411667 0.9302260675411667 0.9302260675411667 0.9302260675411667 0.9302260675411667 0.9302260675411667 0.9302260675411667
11-59971255-A-C 0.9302260675411667 0.9302260675411667 0.9302260675411667 0.9302260675411667 0.9302260675411667 0.9302260675411667 0.9302260675411667 0.9302260675411667 0.00010809642200837466 0.9302260675411667 0.00010809642200837466 0.9302260675411667 0.9302260675411667 0.9302260675411667 0.9302260675411667 0.9302260675411667 0.9302260675411667 0.9302260675411667 0.9302260675411667 0.9302260675411667 0.9302260675411667 0.9302260675411667 0.9302260675411667 0.9302260675411667
19-39438458-T-C 0.9302260675411667 0.9302260675411667 0.9302260675411667 0.9302260675411667 0.9302260675411667 0.9302260675411667 0.9302260675411667 0.9302260675411667 0.9302260675411667 0.9302260675411667 0.9302260675411667 0.00010809642200837466 0.9302260675411667 0.9302260675411667 0.9302260675411667 0.9302260675411667 0.9302260675411667 0.9302260675411667 0.9302260675411667 0.9302260675411667 0.00010809642200837466 0.9302260675411667 0.9302260675411667 0.9302260675411667
3-122747902-G-A 0.9302260675411667 0.9302260675411667 0.9302260675411667 0.9302260675411667 0.9302260675411667 0.9302260675411667 0.9302260675411667 0.9302260675411667 0.00010809642200837466 0.9302260675411667 0.00010809642200837466 0.9302260675411667 0.9302260675411667 0.9302260675411667 0.9302260675411667 0.9302260675411667 0.9302260675411667 0.9302260675411667 0.9302260675411667 0.9302260675411667 0.9302260675411667 0.9302260675411667 0.9302260675411667 0.9302260675411667
2-153397622-C-T 0.00010809642200837466 0.00010809642200837466 0.00010809642200837466 0.00010809642200837466 0.00010809642200837466 0.00010809642200837466 0.00010809642200837466 0.00010809642200837466 0.00010809642200837466 0.00010809642200837466 0.00010809642200837466 0.9302260675411667 0.00010809642200837466 0.00010809642200837466 0.00010809642200837466 0.00010809642200837466 0.00010809642200837466 0.00010809642200837466 0.00010809642200837466 0.00010809642200837466 0.00010809642200837466 0.00010809642200837466 0.00010809642200837466 0.00010809642200837466
2-181719262-T-C 0.9302260675411667 0.9302260675411667 0.9302260675411667 0.9302260675411667 0.9302260675411667 0.9302260675411667 0.9302260675411667 0.9302260675411667 0.00010809642200837466 0.9302260675411667 0.00010809642200837466 0.9302260675411667 0.9302260675411667 0.9302260675411667 0.9302260675411667 0.9302260675411667 0.9302260675411667 0.9302260675411667 0.9302260675411667 0.9302260675411667 0.9302260675411667 0.9302260675411667 0.9302260675411667 0.9302260675411667
8-88591000-A-G 0.9302260675411667 0.9302260675411667 0.9302260675411667 0.9302260675411667 0.9302260675411667 0.9302260675411667 0.9302260675411667 0.9302260675411667 0.00010809642200837466 0.9302260675411667 0.00010809642200837466 0.9302260675411667 0.9302260675411667 0.9302260675411667 0.9302260675411667 0.9302260675411667 0.9302260675411667 0.9302260675411667 0.9302260675411667 0.9302260675411667 0.9302260675411667 0.9302260675411667 0.9302260675411667 0.9302260675411667
10-128208907-C-G 0.00010809642200837466 0.9302260675411667 0.9302260675411667 0.9302260675411667 0.9302260675411667 0.00010809642200837466 0.9302260675411667 0.9302260675411667 0.00010809642200837466 0.9302260675411667 0.00010809642200837466 0.9302260675411667 0.00010809642200837466 0.9302260675411667 0.00010809642200837466 0.9302260675411667 0.9302260675411667 0.00010809642200837466 0.9302260675411667 0.9302260675411667 0.9302260675411667 0.9302260675411667 0.00010809642200837466 0.9302260675411667
16-63864107-A-G 0.00010809642200837466 0.9302260675411667 0.9302260675411667 0.9302260675411667 0.9302260675411667 0.9302260675411667 0.9302260675411667 0.9302260675411667 0.9302260675411667 0.9302260675411667 0.9302260675411667 0.9302260675411667 0.00010809642200837466 0.9302260675411667 0.9302260675411667 0.9302260675411667 0.9302260675411667 0.9302260675411667 0.9302260675411667 0.9302260675411667 0.9302260675411667 0.9302260675411667 0.9302260675411667 0.9302260675411667
5-120735136-C-T 0.00010809642200837466 0.9302260675411667 0.9302260675411667 0.9302260675411667 0.9302260675411667 0.9302260675411667 0.9302260675411667 0.9302260675411667 0.9302260675411667 0.9302260675411667 0.9302260675411667 0.9302260675411667 0.00010809642200837466 0.9302260675411667 0.9302260675411667 0.9302260675411667 0.9302260675411667 0.9302260675411667 0.9302260675411667 0.9302260675411667 0.9302260675411667 0.9302260675411667 0.9302260675411667 0.9302260675411667
16-63864107-A-G 0.00010809642200837466 0.9302260675411667 0.9302260675411667 0.9302260675411667 0.9302260675411667 0.9302260675411667 0.9302260675411667 0.9302260675411667 0.9302260675411667 0.9302260675411667 0.9302260675411667 0.9302260675411667 0.00010809642200837466 0.9302260675411667 0.9302260675411667 0.9302260675411667 0.9302260675411667 0.9302260675411667 0.9302260675411667 0.9302260675411667 0.9302260675411667 0.9302260675411667 0.9302260675411667 0.9302260675411667
12-104361733-A-T 0.9302260675411667 0.9302260675411667 0.00010809642200837466 0.9302260675411667 0.9302260675411667 0.9302260675411667 0.00010809642200837466 0.9302260675411667 0.9302260675411667 0.9302260675411667 0.9302260675411667 0.00010809642200837466 0.9302260675411667 0.9302260675411667 0.9302260675411667 0.00010809642200837466 0.9302260675411667 0.9302260675411667 0.00010809642200837466 0.9302260675411667 0.00010809642200837466 0.00010809642200837466 0.9302260675411667 0.9302260675411667
1-192505487-A-C 0.9302260675411667 0.9302260675411667 0.9302260675411667 0.9302260675411667 0.9302260675411667 0.9302260675411667 0.9302260675411667 0.9302260675411667 0.00010809642200837466 0.9302260675411667 0.00010809642200837466 0.9302260675411667 0.9302260675411667 0.9302260675411667 0.9302260675411667 0.9302260675411667 0.9302260675411667 0.9302260675411667 0.9302260675411667 0.9302260675411667 0.9302260675411667 0.9302260675411667 0.9302260675411667 0.9302260675411667
8-22421525-T-C 0.9302260675411667 0.9302260675411667 0.9302260675411667 0.9302260675411667 0.9302260675411667 0.9302260675411667 0.9302260675411667 0.9302260675411667 0.9302260675411667 0.9302260675411667 0.9302260675411667 0.00010809642200837466 0.9302260675411667 0.9302260675411667 0.9302260675411667 0.9302260675411667 0.9302260675411667 0.9302260675411667 0.9302260675411667 0.9302260675411667 0.00010809642200837466 0.9302260675411667 0.9302260675411667 0.9302260675411667
1-58846628-T-A 0.9302260675411667 0.9302260675411667 0.9302260675411667 0.9302260675411667 0.9302260675411667 0.9302260675411667 0.9302260675411667 0.9302260675411667 0.00010809642200837466 0.9302260675411667 0.00010809642200837466 0.9302260675411667 0.9302260675411667 0.9302260675411667 0.9302260675411667 0.9302260675411667 0.9302260675411667 0.9302260675411667 0.9302260675411667 0.9302260675411667 0.9302260675411667 0.9302260675411667 0.9302260675411667 0.9302260675411667
1-92589267-G-A 0.9302260675411667 0.00010809642200837466 0.9302260675411667 0.9302260675411667 0.9302260675411667 0.9302260675411667 0.00010809642200837466 0.00010809642200837466 0.9302260675411667 0.00010809642200837466 0.9302260675411667 0.9302260675411667 0.9302260675411667 0.9302260675411667 0.9302260675411667 0.9302260675411667 0.9302260675411667 0.9302260675411667 0.9302260675411667 0.9302260675411667 0.9302260675411667 0.9302260675411667 0.9302260675411667 0.9302260675411667
17-38146840-A-G 0.9302260675411667 0.00010809642200837466 0.9302260675411667 0.9302260675411667 0.9302260675411667 0.9302260675411667 0.00010809642200837466 0.9302260675411667 0.9302260675411667 0.9302260675411667 0.9302260675411667 0.9302260675411667 0.9302260675411667 0.9302260675411667 0.9302260675411667 0.9302260675411667 0.9302260675411667 0.9302260675411667 0.9302260675411667 0.9302260675411667 0.9302260675411667 0.9302260675411667 0.9302260675411667 0.9302260675411667
7-44842993-A-G 0.9302260675411667 0.9302260675411667 0.9302260675411667 0.9302260675411667 0.9302260675411667 0.9302260675411667 0.9302260675411667 0.9302260675411667 0.00010809642200837466 0.9302260675411667 0.00010809642200837466 0.9302260675411667 0.9302260675411667 0.9302260675411667 0.9302260675411667 0.9302260675411667 0.9302260675411667 0.9302260675411667 0.9302260675411667 0.9302260675411667 0.9302260675411667 0.9302260675411667 0.9302260675411667 0.9302260675411667
15-74529902-C-G 0.00010809642200837466 0.9302260675411667 0.00010809642200837466 0.00010809642200837466 0.00010809642200837466 0.00010809642200837466 0.00010809642200837466 0.9302260675411667 0.00010809642200837466 0.9302260675411667 0.00010809642200837466 0.00010809642200837466 0.00010809642200837466 0.00010809642200837466 0.00010809642200837466 0.00010809642200837466 0.00010809642200837466 0.00010809642200837466 0.00010809642200837466 0.00010809642200837466 0.00010809642200837466 0.00010809642200837466 0.00010809642200837466 0.00010809642200837466
3-64596770-T-G 0.9302260675411667 0.9302260675411667 0.9302260675411667 0.9302260675411667 0.9302260675411667 0.9302260675411667 0.9302260675411667 0.9302260675411667 0.9302260675411667 0.9302260675411667 0.9302260675411667 0.9302260675411667 0.9302260675411667 0.00010809642200837466 0.9302260675411667 0.9302260675411667 0.9302260675411667 0.9302260675411667 0.9302260675411667 0.9302260675411667 0.9302260675411667 0.9302260675411667 0.9302260675411667 0.00010809642200837466
6-12555517-G-T 0.9302260675411667 0.9302260675411667 0.9302260675411667 0.00010809642200837466 0.9302260675411667 0.9302260675411667 0.9302260675411667 0.9302260675411667 0.9302260675411667 0.9302260675411667 0.9302260675411667 0.9302260675411667 0.9302260675411667 0.9302260675411667 0.9302260675411667 0.9302260675411667 0.00010809642200837466 0.9302260675411667 0.9302260675411667 0.00010809642200837466 0.9302260675411667 0.9302260675411667 0.9302260675411667 0.9302260675411667
4-70249096-A-G 0.9302260675411667 0.9302260675411667 0.9302260675411667 0.9302260675411667 0.9302260675411667 0.9302260675411667 0.9302260675411667 0.9302260675411667 0.9302260675411667 0.9302260675411667 0.9302260675411667 0.00010809642200837466 0.9302260675411667 0.9302260675411667 0.9302260675411667 0.9302260675411667 0.9302260675411667 0.9302260675411667 0.9302260675411667 0.9302260675411667 0.00010809642200837466 0.9302260675411667 0.9302260675411667 0.9302260675411667
13-41338603-T-C 0.9302260675411667 0.9302260675411667 0.9302260675411667 0.9302260675411667 0.9302260675411667 0.9302260675411667 0.9302260675411667 0.9302260675411667 0.00010809642200837466 0.9302260675411667 0.00010809642200837466 0.9302260675411667 0.9302260675411667 0.9302260675411667 0.9302260675411667 0.9302260675411667 0.9302260675411667 0.9302260675411667 0.9302260675411667 0.9302260675411667 0.9302260675411667 0.9302260675411667 0.9302260675411667 0.9302260675411667
16-57133075-A-T 0.9302260675411667 0.9302260675411667 0.9302260675411667 0.00010809642200837466 0.9302260675411667 0.9302260675411667 0.9302260675411667 0.9302260675411667 0.9302260675411667 0.9302260675411667 0.9302260675411667 0.9302260675411667 0.9302260675411667 0.9302260675411667 0.9302260675411667 0.9302260675411667 0.00010809642200837466 0.9302260675411667 0.9302260675411667 0.00010809642200837466 0.9302260675411667 0.9302260675411667 0.9302260675411667 0.9302260675411667
7-33373773-T-C 0.9302260675411667 0.9302260675411667 0.9302260675411667 0.9302260675411667 0.9302260675411667 0.9302260675411667 0.9302260675411667 0.9302260675411667 0.00010809642200837466 0.9302260675411667 0.00010809642200837466 0.9302260675411667 0.9302260675411667 0.9302260675411667 0.9302260675411667 0.9302260675411667 0.9302260675411667 0.9302260675411667 0.9302260675411667 0.9302260675411667 0.9302260675411667 0.9302260675411667 0.9302260675411667 0.9302260675411667
2-130309817-A-G 0.00010809642200837466 0.00010809642200837466 0.00010809642200837466 0.00010809642200837466 0.00010809642200837466 0.00010809642200837466 0.00010809642200837466 0.00010809642200837466 0.00010809642200837466 0.00010809642200837466 0.00010809642200837466 0.9302260675411667 0.00010809642200837466 0.00010809642200837466 0.00010809642200837466 0.00010809642200837466 0.00010809642200837466 0.00010809642200837466 0.00010809642200837466 0.00010809642200837466 0.00010809642200837466 0.00010809642200837466 0.00010809642200837466 0.00010809642200837466
1-135454373-T-C 0.00010809642200837466 0.9302260675411667 0.9302260675411667 0.9302260675411667 0.9302260675411667 0.00010809642200837466 0.9302260675411667 0.9302260675411667 0.9302260675411667 0.9302260675411667 0.9302260675411667 0.9302260675411667 0.00010809642200837466 0.9302260675411667 0.9302260675411667 0.9302260675411667 0.9302260675411667 0.9302260675411667 0.9302260675411667 0.9302260675411667 0.9302260675411667 0.9302260675411667 0.9302260675411667 0.9302260675411667
2-151668404-T-G 0.9302260675411667 0.00010809642200837466 0.9302260675411667 0.9302260675411667 0.9302260675411667 0.9302260675411667 0.00010809642200837466 0.00010809642200837466 0.9302260675411667 0.00010809642200837466 0.9302260675411667 0.9302260675411667 0.9302260675411667 0.9302260675411667 0.9302260675411667 0.9302260675411667 0.9302260675411667 0.9302260675411667 0.9302260675411667 0.9302260675411667 0.9302260675411667 0.9302260675411667 0.9302260675411667 0.9302260675411667
6-69544194-G-A 0.9302260675411667 0.00010809642200837466 0.00010809642200837466 0.00010809642200837466 0.00010809642200837466 0.9302260675411667 0.00010809642200837466 0.00010809642200837466 0.00010809642200837466 0.00010809642200837466 0.00010809642200837466 0.00010809642200837466 0.9302260675411667 0.00010809642200837466 0.9302260675411667 0.00010809642200837466 0.00010809642200837466 0.9302260675411667 0.00010809642200837466 0.00010809642200837466 0.00010809642200837466 0.00010809642200837466 0.00010809642200837466 0.00010809642200837466
4-45317952-T-C 0.00010809642200837466 0.9302260675411667 0.9302260675411667 0.9302260675411667 0.9302260675411667 0.9302260675411667 0.9302260675411667 0.9302260675411667 0.9302260675411667 0.9302260675411667 0.9302260675411667 0.9302260675411667 0.00010809642200837466 0.9302260675411667 0.9302260675411667 0.9302260675411667 0.9302260675411667 0.9302260675411667 0.9302260675411667 0.9302260675411667 0.9302260675411667 0.9302260675411667 0.9302260675411667 0.9302260675411667
13-90937216-G-C 0.9302260675411667 0.9302260675411667 0.9302260675411667 0.00010809642200837466 0.9302260675411667 0.9302260675411667 0.9302260675411667 0.9302260675411667 0.9302260675411667 0.9302260675411667 0.9302260675411667 0.9302260675411667 0.9302260675411667 0.9302260675411667 0.9302260675411667 0.9302260675411667 0.00010809642200837466 0.9302260675411667 0.9302260675411667 0.00010809642200837466 0.9302260675411667 0.9302260675411667 0.9302260675411667 0.9302260675411667
2-87213980-G-A 0.00010809642200837466 0.00010809642200837466 0.00010809642200837466 0.00010809642200837466 0.00010809642200837466 0.00010809642200837466 0.00010809642200837466 0.00010809642200837466 0.00010809642200837466 0.00010809642200837466 0.00010809642200837466 0.9302260675411667 0.00010809642200837466 0.00010809642200837466 0.00010809642200837466 0.00010809642200837466 0.00010809642200837466 0.00010809642200837466 0.00010809642200837466 0.00010809642200837466 0.00010809642200837466 0.00010809642200837466 0.00010809642200837466 0.00010809642200837466
11-58509035-T-G 0.9302260675411667 0.00010809642200837466 0.9302260675411667 0.9302260675411667 0.9302260675411667 0.9302260675411667 0.00010809642200837466 0.9302260675411667 0.9302260675411667 0.9302260675411667 0.9302260675411667 0.9302260675411667 0.9302260675411667 0.9302260675411667 0.9302260675411667 0.9302260675411667 0.9302260675411667 0.9302260675411667 0.9302260675411667 0.9302260675411667 0.9302260675411667 0.9302260675411667 0.9302260675411667 0.9302260675411667
11-120904018-T-C 0.9302260675411667 0.9302260675411667 0.9302260675411667 0.9302260675411667 0.9302260675411667 0.9302260675411667 0.9302260675411667 0.9302260675411667 0.00010809642200837466 0.9302260675411667 0.00010809642200837466 0.9302260675411667 0.9302260675411667 0.9302260675411667 0.9302260675411667 0.9302260675411667 0.9302260675411667 0.9302260675411667 0.9302260675411667 0.9302260675411667 0.9302260675411667 0.9302260675411667 0.9302260675411667 0.9302260675411667
5-43732248-A-T 0.9302260675411667 0.9302260675411667 0.9302260675411667 0.9302260675411667 0.9302260675411667 0.9302260675411667 0.9302260675411667 0.9302260675411667 0.00010809642200837466 0.9302260675411667 0.00010809642200837466 0.9302260675411667 0.9302260675411667 0.9302260675411667 0.9302260675411667 0.9302260675411667 0.9302260675411667 0.9302260675411667 0.9302260675411667 0.9302260675411667 0.9302260675411667 0.9302260675411667 0.9302260675411667 0.9302260675411667
5-123160931-G-C 0.00010809642200837466 0.9302260675411667 0.9302260675411667 0.9302260675411667 0.9302260675411667 0.00010809642200837466 0.9302260675411667 0.9302260675411667 0.9302260675411667 0.9302260675411667 0.9302260675411667 0.9302260675411667 0.00010809642200837466 0.9302260675411667 0.9302260675411667 0.9302260675411667 0.9302260675411667 0.9302260675411667 0.9302260675411667 0.9302260675411667 0.9302260675411667 0.9302260675411667 0.9302260675411667 0.9302260675411667
7-105824959-A-T 0.9302260675411667 0.00010809642200837466 0.9302260675411667 0.9302260675411667 0.9302260675411667 0.9302260675411667 0.00010809642200837466 0.00010809642200837466 0.9302260675411667 0.00010809642200837466 0.9302260675411667 0.9302260675411667 0.9302260675411667 0.9302260675411667 0.9302260675411667 0.9302260675411667 0.9302260675411667 0.9302260675411667 0.9302260675411667 0.9302260675411667 0.9302260675411667 0.9302260675411667 0.9302260675411667 0.9302260675411667
3-95231917-C-A 0.9302260675411667 0.9302260675411667 0.9302260675411667 0.9302260675411667 0.9302260675411667 0.9302260675411667 0.9302260675411667 0.9302260675411667 0.00010809642200837466 0.9302260675411667 0.00010809642200837466 0.9302260675411667 0.9302260675411667 0.9302260675411667 0.9302260675411667 0.9302260675411667 0.9302260675411667 0.9302260675411667 0.9302260675411667 0.9302260675411667 0.9302260675411667 0.9302260675411667 0.9302260675411667 0.9302260675411667
10-59896419-G-C 0.9302260675411667 0.00010809642200837466 0.9302260675411667 0.9302260675411667 0.9302260675411667 0.9302260675411667 0.00010809642200837466 0.9302260675411667 0.9302260675411667 0.9302260675411667 0.9302260675411667 0.9302260675411667 0.9302260675411667 0.9302260675411667 0.9302260675411667 0.9302260675411667 0.9302260675411667 0.9302260675411667 0.9302260675411667 0.9302260675411667 0.9302260675411667 0.9302260675411667 0.9302260675411667 0.9302260675411667
6-116256420-T-C 0.9302260675411667 0.00010809642200837466 0.00010809642200837466 0.00010809642200837466 0.00010809642200837466 0.9302260675411667 0.00010809642200837466 0.00010809642200837466 0.00010809642200837466 0.00010809642200837466 0.00010809642200837466 0.00010809642200837466 0.9302260675411667 0.00010809642200837466 0.9302260675411667 0.00010809642200837466 0.00010809642200837466 0.00010809642200837466 0.00010809642200837466 0.00010809642200837466 0.00010809642200837466 0.00010809642200837466 0.00010809642200837466 0.00010809642200837466
11-34402699-T-C 0.9302260675411667 0.9302260675411667 0.9302260675411667 0.9302260675411667 0.9302260675411667 0.9302260675411667 0.9302260675411667 0.9302260675411667 0.00010809642200837466 0.9302260675411667 0.00010809642200837466 0.9302260675411667 0.9302260675411667 0.9302260675411667 0.9302260675411667 0.9302260675411667 0.9302260675411667 0.9302260675411667 0.9302260675411667 0.9302260675411667 0.9302260675411667 0.9302260675411667 0.9302260675411667 0.9302260675411667
13-46681174-A-C 0.9302260675411667 0.00010809642200837466 0.9302260675411667 0.9302260675411667 0.9302260675411667 0.9302260675411667 0.00010809642200837466 0.9302260675411667 0.9302260675411667 0.9302260675411667 0.9302260675411667 0.9302260675411667 0.9302260675411667 0.9302260675411667 0.9302260675411667 0.9302260675411667 0.9302260675411667 0.9302260675411667 0.9302260675411667 0.9302260675411667 0.9302260675411667 0.9302260675411667 0.9302260675411667 0.9302260675411667
8-85261365-A-G 0.9302260675411667 0.9302260675411667 0.9302260675411667 0.9302260675411667 0.9302260675411667 0.9302260675411667 0.9302260675411667 0.9302260675411667 0.00010809642200837466 0.9302260675411667 0.00010809642200837466 0.9302260675411667 0.9302260675411667 0.9302260675411667 0.9302260675411667 0.9302260675411667 0.9302260675411667 0.9302260675411667 0.9302260675411667 0.9302260675411667 0.9302260675411667 0.9302260675411667 0.9302260675411667 0.9302260675411667
18-73590795-A-G 0.9302260675411667 0.9302260675411667 0.9302260675411667 0.9302260675411667 0.9302260675411667 0.9302260675411667 0.9302260675411667 0.9302260675411667 0.00010809642200837466 0.9302260675411667 0.00010809642200837466 0.9302260675411667 0.9302260675411667 0.9302260675411667 0.9302260675411667 0.9302260675411667 0.9302260675411667 0.9302260675411667 0.9302260675411667 0.9302260675411667 0.9302260675411667 0.9302260675411667 0.9302260675411667 0.9302260675411667
10-127746321-C-G 0.9302260675411667 0.00010809642200837466 0.9302260675411667 0.9302260675411667 0.9302260675411667 0.9302260675411667 0.9302260675411667 0.00010809642200837466 0.9302260675411667 0.00010809642200837466 0.9302260675411667 0.9302260675411667 0.9302260675411667 0.9302260675411667 0.9302260675411667 0.9302260675411667 0.9302260675411667 0.9302260675411667 0.9302260675411667 0.9302260675411667 0.9302260675411667 0.9302260675411667 0.9302260675411667 0.9302260675411667
4-63133518-C-T 0.9302260675411667 0.00010809642200837466 0.9302260675411667 0.9302260675411667 0.9302260675411667 0.9302260675411667 0.00010809642200837466 0.00010809642200837466 0.9302260675411667 0.00010809642200837466 0.9302260675411667 0.9302260675411667 0.9302260675411667 0.9302260675411667 0.9302260675411667 0.9302260675411667 0.9302260675411667 0.9302260675411667 0.9302260675411667 0.9302260675411667 0.9302260675411667 0.9302260675411667 0.9302260675411667 0.9302260675411667
13-13995096-C-G 0.9302260675411667 0.00010809642200837466 0.9302260675411667 0.9302260675411667 0.9302260675411667 0.9302260675411667 0.00010809642200837466 0.9302260675411667 0.9302260675411667 0.9302260675411667 0.9302260675411667 0.9302260675411667 0.9302260675411667 0.9302260675411667 0.9302260675411667 0.9302260675411667 0.9302260675411667 0.9302260675411667 0.9302260675411667 0.9302260675411667 0.9302260675411667 0.9302260675411667 0.9302260675411667 0.9302260675411667
15-76693428-G-C 0.9302260675411667 0.9302260675411667 0.9302260675411667 0.9302260675411667 0.9302260675411667 0.9302260675411667 0.9302260675411667 0.9302260675411667 0.00010809642200837466 0.9302260675411667 0.00010809642200837466 0.9302260675411667 0.9302260675411667 0.9302260675411667 0.9302260675411667 0.9302260675411667 0.9302260675411667 0.9302260675411667 0.9302260675411667 0.9302260675411667 0.9302260675411667 0.9302260675411667 0.9302260675411667 0.9302260675411667
3-28078190-A-T 0.00010809642200837466 0.9302260675411667 0.9302260675411667 0.9302260675411667 0.9302260675411667 0.00010809642200837466 0.9302260675411667 0.9302260675411667 0.9302260675411667 0.9302260675411667 0.9302260675411667 0.9302260675411667 0.00010809642200837466 0.9302260675411667 0.00010809642200837466 0.9302260675411667 0.9302260675411667 0.9302260675411667 0.9302260675411667 0.00010809642200837466 0.9302260675411667 0.9302260675411667 0.00010809642200837466 0.9302260675411667
5-31645667-C-G 0.00010809642200837466 0.9302260675411667 0.9302260675411667 0.9302260675411667 0.9302260675411667 0.9302260675411667 0.9302260675411667 0.9302260675411667 0.9302260675411667 0.9302260675411667 0.9302260675411667 0.9302260675411667 0.00010809642200837466 0.9302260675411667 0.9302260675411667 0.9302260675411667 0.9302260675411667 0.9302260675411667 0.9302260675411667 0.9302260675411667 0.9302260675411667 0.9302260675411667 0.9302260675411667 0.9302260675411667
3-33815913-T-A 0.9302260675411667 0.00010809642200837466 0.9302260675411667 0.9302260675411667 0.9302260675411667 0.9302260675411667 0.00010809642200837466 0.9302260675411667 0.9302260675411667 0.9302260675411667 0.9302260675411667 0.9302260675411667 0.9302260675411667 0.9302260675411667 0.9302260675411667 0.9302260675411667 0.9302260675411667 0.9302260675411667 0.9302260675411667 0.9302260675411667 0.9302260675411667 0.9302260675411667 0.9302260675411667 0.9302260675411667
16-20680748-A-C 0.00010809642200837466 0.9302260675411667 0.9302260675411667 0.9302260675411667 0.9302260675411667 0.00010809642200837466 0.9302260675411667 0.9302260675411667 0.9302260675411667 0.9302260675411667 0.9302260675411667 0.9302260675411667 0.00010809642200837466 0.9302260675411667 0.9302260675411667 0.9302260675411667 0.9302260675411667 0.9302260675411667 0.9302260675411667 0.9302260675411667 0.9302260675411667 0.9302260675411667 0.9302260675411667 0.9302260675411667
7-12554724-G-T 0.9302260675411667 0.9302260675411667 0.9302260675411667 0.9302260675411667 0.9302260675411667 0.9302260675411667 0.9302260675411667 0.9302260675411667 0.00010809642200837466 0.9302260675411667 0.00010809642200837466 0.9302260675411667 0.9302260675411667 0.9302260675411667 0.9302260675411667 0.9302260675411667 0.9302260675411667 0.9302260675411667 0.9302260675411667 0.9302260675411667 0.9302260675411667 0.9302260675411667 0.9302260675411667 0.9302260675411667
11-121651751-A-G 0.00010809642200837466 0.00010809642200837466 0.00010809642200837466 0.00010809642200837466 0.00010809642200837466 0.00010809642200837466 0.00010809642200837466 0.9302260675411667 0.00010809642200837466 0.00010809642200837466 0.00010809642200837466 0.00010809642200837466 0.00010809642200837466 0.00010809642200837466 0.00010809642200837466 0.00010809642200837466 0.00010809642200837466 0.00010809642200837466 0.00010809642200837466 0.00010809642200837466 0.00010809642200837466 0.00010809642200837466 0.00010809642200837466 0.00010809642200837466
10-26673484-G-C 0.9302260675411667 0.9302260675411667 0.9302260675411667 0.9302260675411667 0.9302260675411667 0.9302260675411667 0.9302260675411667 0.9302260675411667 0.9302260675411667 0.9302260675411667 0.9302260675411667 0.00010809642200837466 0.9302260675411667 0.9302260675411667 0.9302260675411667 0.9302260675411667 0.9302260675411667 0.9302260675411667 0.9302260675411667 0.9302260675411667 0.00010809642200837466 0.9302260675411667 0.9302260675411667 0.9302260675411667
6-23344245-G-T 0.00010809642200837466 0.9302260675411667 0.9302260675411667 0.9302260675411667 0.9302260675411667 0.00010809642200837466 0.9302260675411667 0.9302260675411667 0.9302260675411667 0.9302260675411667 0.9302260675411667 0.9302260675411667 0.00010809642200837466 0.9302260675411667 0.00010809642200837466 0.9302260675411667 0.9302260675411667 0.9302260675411667 0.9302260675411667 0.9302260675411667 0.9302260675411667 0.9302260675411667 0.00010809642200837466 0.9302260675411667
13-74360948-A-C 0.00010809642200837466 0.9302260675411667 0.9302260675411667 0.9302260675411667 0.9302260675411667 0.00010809642200837466 0.9302260675411667 0.9302260675411667 0.9302260675411667 0.9302260675411667 0.9302260675411667 0.9302260675411667 0.00010809642200837466 0.9302260675411667 0.00010809642200837466 0.9302260675411667 0.9302260675411667 0.9302260675411667 0.9302260675411667 0.9302260675411667 0.9302260675411667 0.9302260675411667 0.9302260675411667 0.9302260675411667
11-106784828-T-C 0.9302260675411667 0.9302260675411667 0.9302260675411667 0.9302260675411667 0.9302260675411667 0.9302260675411667 0.9302260675411667 0.9302260675411667 0.00010809642200837466 0.9302260675411667 0.00010809642200837466 0.9302260675411667 0.9302260675411667 0.9302260675411667 0.9302260675411667 0.9302260675411667 0.9302260675411667 0.9302260675411667 0.9302260675411667 0.9302260675411667 0.9302260675411667 0.9302260675411667 0.9302260675411667 0.9302260675411667
10-115418731-A-G 0.9302260675411667 0.9302260675411667 0.9302260675411667 0.9302260675411667 0.9302260675411667 0.9302260675411667 0.9302260675411667 0.9302260675411667 0.9302260675411667 0.9302260675411667 0.9302260675411667 0.00010809642200837466 0.9302260675411667 0.9302260675411667 0.9302260675411667 0.9302260675411667 0.9302260675411667 0.9302260675411667 0.9302260675411667 0.9302260675411667 0.00010809642200837466 0.9302260675411667 0.9302260675411667 0.9302260675411667
4-70249096-A-G 0.9302260675411667 0.9302260675411667 0.9302260675411667 0.9302260675411667 0.9302260675411667 0.9302260675411667 0.9302260675411667 0.9302260675411667 0.9302260675411667 0.9302260675411667 0.9302260675411667 0.00010809642200837466 0.9302260675411667 0.9302260675411667 0.9302260675411667 0.9302260675411667 0.9302260675411667 0.9302260675411667 0.9302260675411667 0.9302260675411667 0.00010809642200837466 0.9302260675411667 0.9302260675411667 0.9302260675411667
8-45030333-G-C 0.9302260675411667 0.00010809642200837466 0.9302260675411667 0.9302260675411667 0.9302260675411667 0.9302260675411667 0.9302260675411667 0.00010809642200837466 0.9302260675411667 0.00010809642200837466 0.9302260675411667 0.9302260675411667 0.9302260675411667 0.9302260675411667 0.9302260675411667 0.9302260675411667 0.9302260675411667 0.9302260675411667 0.9302260675411667 0.9302260675411667 0.9302260675411667 0.9302260675411667 0.9302260675411667 0.9302260675411667
10-81207678-C-G 0.9302260675411667 0.9302260675411667 0.9302260675411667 0.9302260675411667 0.9302260675411667 0.9302260675411667 0.9302260675411667 0.9302260675411667 0.9302260675411667 0.9302260675411667 0.9302260675411667 0.00010809642200837466 0.9302260675411667 0.9302260675411667 0.9302260675411667 0.9302260675411667 0.9302260675411667 0.9302260675411667 0.9302260675411667 0.9302260675411667 0.00010809642200837466 0.9302260675411667 0.9302260675411667 0.9302260675411667
4-8844788-T-G 0.9302260675411667 0.9302260675411667 0.9302260675411667 0.9302260675411667 0.9302260675411667 0.9302260675411667 0.9302260675411667 0.9302260675411667 0.00010809642200837466 0.9302260675411667 0.00010809642200837466 0.9302260675411667 0.9302260675411667 0.9302260675411667 0.9302260675411667 0.9302260675411667 0.9302260675411667 0.9302260675411667 0.9302260675411667 0.9302260675411667 0.9302260675411667 0.9302260675411667 0.9302260675411667 0.9302260675411667
10-40005864-G-C 0.00010809642200837466 0.00010809642200837466 0.00010809642200837466 0.00010809642200837466 0.00010809642200837466 0.00010809642200837466 0.00010809642200837466 0.00010809642200837466 0.9302260675411667 0.00010809642200837466 0.00010809642200837466 0.00010809642200837466 0.00010809642200837466 0.9302260675411667 0.00010809642200837466 0.00010809642200837466 0.9302260675411667 0.00010809642200837466 0.00010809642200837466 0.00010809642200837466 0.00010809642200837466 0.00010809642200837466 0.00010809642200837466 0.00010809642200837466
6-54297945-T-C 0.9302260675411667 0.9302260675411667 0.9302260675411667 0.9302260675411667 0.9302260675411667 0.9302260675411667 0.9302260675411667 0.9302260675411667 0.00010809642200837466 0.9302260675411667 0.00010809642200837466 0.9302260675411667 0.9302260675411667 0.9302260675411667 0.9302260675411667 0.9302260675411667 0.9302260675411667 0.9302260675411667 0.9302260675411667 0.9302260675411667 0.9302260675411667 0.9302260675411667 0.9302260675411667 0.9302260675411667
4-57943779-A-C 0.9302260675411667 0.9302260675411667 0.9302260675411667 0.9302260675411667 0.9302260675411667 0.9302260675411667 0.9302260675411667 0.9302260675411667 0.9302260675411667 0.9302260675411667 0.9302260675411667 0.00010809642200837466 0.9302260675411667 0.9302260675411667 0.9302260675411667 0.9302260675411667 0.9302260675411667 0.9302260675411667 0.9302260675411667 0.9302260675411667 0.00010809642200837466 0.9302260675411667 0.9302260675411667 0.9302260675411667
5-113817295-G-C 0.9302260675411667 0.9302260675411667 0.9302260675411667 0.9302260675411667 0.9302260675411667 0.9302260675411667 0.9302260675411667 0.9302260675411667 0.9302260675411667 0.9302260675411667 0.9302260675411667 0.9302260675411667 0.9302260675411667 0.00010809642200837466 0.9302260675411667 0.9302260675411667 0.9302260675411667 0.9302260675411667 0.9302260675411667 0.9302260675411667 0.9302260675411667 0.9302260675411667 0.9302260675411667 0.00010809642200837466
14-47569842-C-A 0.00010809642200837466 0.00010809642200837466 0.00010809642200837466 0.00010809642200837466 0.00010809642200837466 0.00010809642200837466 0.00010809642200837466 0.00010809642200837466 0.00010809642200837466 0.00010809642200837466 0.00010809642200837466 0.00010809642200837466 0.00010809642200837466 0.00010809642200837466 0.00010809642200837466 0.00010809642200837466 0.00010809642200837466 0.00010809642200837466 0.00010809642200837466 0.00010809642200837466 0.00010809642200837466 0.00010809642200837466 0.00010809642200837466 0.9302260675411667
9-15610438-A-C 0.9302260675411667 0.9302260675411667 0.9302260675411667 0.9302260675411667 0.9302260675411667 0.9302260675411667 0.9302260675411667 0.9302260675411667 0.00010809642200837466 0.9302260675411667 0.00010809642200837466 0.9302260675411667 0.9302260675411667 0.9302260675411667 0.9302260675411667 0.9302260675411667 0.9302260675411667 0.9302260675411667 0.9302260675411667 0.9302260675411667 0.9302260675411667 0.9302260675411667 0.9302260675411667 0.9302260675411667
19-56848926-C-G 0.00010809642200837466 0.00010809642200837466 0.00010809642200837466 0.00010809642200837466 0.00010809642200837466 0.00010809642200837466 0.00010809642200837466 0.00010809642200837466 0.00010809642200837466 0.00010809642200837466 0.00010809642200837466 0.00010809642200837466 0.00010809642200837466 0.00010809642200837466 0.00010809642200837466 0.00010809642200837466 0.00010809642200837466 0.9302260675411667 0.00010809642200837466 0.00010809642200837466 0.00010809642200837466 0.00010809642200837466 0.00010809642200837466 0.00010809642200837466
8-71371767-T-C 0.9302260675411667 0.9302260675411667 0.9302260675411667 0.9302260675411667 0.9302260675411667 0.9302260675411667 0.9302260675411667 0.9302260675411667 0.00010809642200837466 0.9302260675411667 0.00010809642200837466 0.9302260675411667 0.9302260675411667 0.9302260675411667 0.9302260675411667 0.9302260675411667 0.9302260675411667 0.9302260675411667 0.9302260675411667 0.9302260675411667 0.9302260675411667 0.9302260675411667 0.9302260675411667 0.9302260675411667
2-12980411-T-G 0.00010809642200837466 0.9302260675411667 0.9302260675411667 0.9302260675411667 0.9302260675411667 0.9302260675411667 0.9302260675411667 0.9302260675411667 0.9302260675411667 0.9302260675411667 0.9302260675411667 0.9302260675411667 0.00010809642200837466 0.9302260675411667 0.9302260675411667 0.9302260675411667 0.9302260675411667 0.9302260675411667 0.9302260675411667 0.9302260675411667 0.9302260675411667 0.9302260675411667 0.9302260675411667 0.9302260675411667
2-120773881-A-G 0.9302260675411667 0.00010809642200837466 0.9302260675411667 0.9302260675411667 0.9302260675411667 0.9302260675411667 0.00010809642200837466 0.9302260675411667 0.9302260675411667 0.9302260675411667 0.9302260675411667 0.9302260675411667 0.9302260675411667 0.9302260675411667 0.9302260675411667 0.9302260675411667 0.9302260675411667 0.9302260675411667 0.9302260675411667 0.9302260675411667 0.9302260675411667 0.9302260675411667 0.9302260675411667 0.9302260675411667
3-64596770-T-G 0.9302260675411667 0.9302260675411667 0.9302260675411667 0.9302260675411667 0.9302260675411667 0.9302260675411667 0.9302260675411667 0.9302260675411667 0.9302260675411667 0.9302260675411667 0.9302260675411667 0.9302260675411667 0.9302260675411667 0.00010809642200837466 0.9302260675411667 0.9302260675411667 0.9302260675411667 0.9302260675411667 0.9302260675411667 0.9302260675411667 0.9302260675411667 0.9302260675411667 0.9302260675411667 0.00010809642200837466
14-55887450-G-A 0.00010809642200837466 0.00010809642200837466 0.00010809642200837466 0.00010809642200837466 0.00010809642200837466 0.00010809642200837466 0.00010809642200837466 0.00010809642200837466 0.00010809642200837466 0.00010809642200837466 0.9302260675411667 0.00010809642200837466 0.00010809642200837466 0.00010809642200837466 0.00010809642200837466 0.00010809642200837466 0.00010809642200837466 0.9302260675411667 0.00010809642200837466 0.00010809642200837466 0.00010809642200837466 0.00010809642200837466 0.00010809642200837466 0.00010809642200837466
2-32997517-A-C 0.00010809642200837466 0.00010809642200837466 0.00010809642200837466 0.00010809642200837466 0.00010809642200837466 0.00010809642200837466 0.00010809642200837466 0.00010809642200837466 0.00010809642200837466 0.00010809642200837466 0.00010809642200837466 0.9302260675411667 0.00010809642200837466 0.00010809642200837466 0.00010809642200837466 0.00010809642200837466 0.00010809642200837466 0.00010809642200837466 0.00010809642200837466 0.00010809642200837466 0.00010809642200837466 0.00010809642200837466 0.00010809642200837466 0.00010809642200837466
11-67203375-A-G 0.9302260675411667 0.00010809642200837466 0.9302260675411667 0.9302260675411667 0.9302260675411667 0.9302260675411667 0.00010809642200837466 0.9302260675411667 0.9302260675411667 0.9302260675411667 0.9302260675411667 0.9302260675411667 0.9302260675411667 0.9302260675411667 0.9302260675411667 0.9302260675411667 0.9302260675411667 0.9302260675411667 0.9302260675411667 0.9302260675411667 0.9302260675411667 0.9302260675411667 0.9302260675411667 0.9302260675411667
18-6210989-A-C 0.9302260675411667 0.9302260675411667 0.9302260675411667 0.9302260675411667 0.9302260675411667 0.9302260675411667 0.9302260675411667 0.9302260675411667 0.00010809642200837466 0.9302260675411667 0.00010809642200837466 0.9302260675411667 0.9302260675411667 0.9302260675411667 0.9302260675411667 0.9302260675411667 0.9302260675411667 0.9302260675411667 0.9302260675411667 0.9302260675411667 0.9302260675411667 0.9302260675411667 0.9302260675411667 0.9302260675411667
7-44842993-A-G 0.9302260675411667 0.9302260675411667 0.9302260675411667 0.9302260675411667 0.9302260675411667 0.9302260675411667 0.9302260675411667 0.9302260675411667 0.00010809642200837466 0.9302260675411667 0.00010809642200837466 0.9302260675411667 0.9302260675411667 0.9302260675411667 0.9302260675411667 0.9302260675411667 0.9302260675411667 0.9302260675411667 0.9302260675411667 0.9302260675411667 0.9302260675411667 0.9302260675411667 0.9302260675411667 0.9302260675411667
3-130003140-A-G 0.9302260675411667 0.9302260675411667 0.9302260675411667 0.9302260675411667 0.9302260675411667 0.9302260675411667 0.9302260675411667 0.9302260675411667 0.9302260675411667 0.9302260675411667 0.9302260675411667 0.00010809642200837466 0.9302260675411667 0.9302260675411667 0.9302260675411667 0.9302260675411667 0.9302260675411667 0.9302260675411667 0.9302260675411667 0.9302260675411667 0.00010809642200837466 0.9302260675411667 0.9302260675411667 0.9302260675411667
9-75964419-C-T 0.9302260675411667 0.9302260675411667 0.9302260675411667 0.9302260675411667 0.9302260675411667 0.9302260675411667 0.9302260675411667 0.9302260675411667 0.9302260675411667 0.9302260675411667 0.9302260675411667 0.00010809642200837466 0.9302260675411667 0.9302260675411667 0.9302260675411667 0.9302260675411667 0.9302260675411667 0.9302260675411667 0.9302260675411667 0.9302260675411667 0.00010809642200837466 0.9302260675411667 0.9302260675411667 0.9302260675411667
5-72227782-C-A 0.9302260675411667 0.9302260675411667 0.00010809642200837466 0.9302260675411667 0.9302260675411667 0.9302260675411667 0.00010809642200837466 0.9302260675411667 0.9302260675411667 0.9302260675411667 0.9302260675411667 0.00010809642200837466 0.9302260675411667 0.9302260675411667 0.9302260675411667 0.00010809642200837466 0.9302260675411667 0.9302260675411667 0.00010809642200837466 0.9302260675411667 0.00010809642200837466 0.00010809642200837466 0.9302260675411667 0.9302260675411667
19-16872499-A-G 0.9302260675411667 0.9302260675411667 0.9302260675411667 0.9302260675411667 0.9302260675411667 0.9302260675411667 0.9302260675411667 0.9302260675411667 0.9302260675411667 0.9302260675411667 0.9302260675411667 0.00010809642200837466 0.9302260675411667 0.9302260675411667 0.9302260675411667 0.9302260675411667 0.9302260675411667 0.9302260675411667 0.9302260675411667 0.9302260675411667 0.00010809642200837466 0.9302260675411667 0.9302260675411667 0.9302260675411667
17-79334624-A-G 0.9302260675411667 0.9302260675411667 0.9302260675411667 0.9302260675411667 0.9302260675411667 0.9302260675411667 0.9302260675411667 0.9302260675411667 0.00010809642200837466 0.9302260675411667 0.00010809642200837466 0.9302260675411667 0.9302260675411667 0.9302260675411667 0.9302260675411667 0.9302260675411667 0.9302260675411667 0.9302260675411667 0.9302260675411667 0.9302260675411667 0.9302260675411667 0.9302260675411667 0.9302260675411667 0.9302260675411667
6-135106271-A-G 0.9302260675411667 0.00010809642200837466 0.00010809642200837466 0.00010809642200837466 0.00010809642200837466 0.9302260675411667 0.00010809642200837466 0.00010809642200837466 0.00010809642200837466 0.00010809642200837466 0.00010809642200837466 0.00010809642200837466 0.9302260675411667 0.00010809642200837466 0.9302260675411667 0.00010809642200837466 0.00010809642200837466 0.00010809642200837466 0.00010809642200837466 0.00010809642200837466 0.00010809642200837466 0.00010809642200837466 0.00010809642200837466 0.00010809642200837466
3-46446694-A-T 0.00010809642200837466 0.9302260675411667 0.9302260675411667 0.9302260675411667 0.9302260675411667 0.9302260675411667 0.9302260675411667 0.9302260675411667 0.9302260675411667 0.9302260675411667 0.9302260675411667 0.9302260675411667 0.00010809642200837466 0.9302260675411667 0.9302260675411667 0.9302260675411667 0.9302260675411667 0.9302260675411667 0.9302260675411667 0.9302260675411667 0.9302260675411667 0.9302260675411667 0.9302260675411667 0.9302260675411667
10-75439995-A-C 0.9302260675411667 0.9302260675411667 0.9302260675411667 0.9302260675411667 0.9302260675411667 0.9302260675411667 0.9302260675411667 0.9302260675411667 0.9302260675411667 0.9302260675411667 0.9302260675411667 0.00010809642200837466 0.9302260675411667 0.9302260675411667 0.9302260675411667 0.9302260675411667 0.9302260675411667 0.9302260675411667 0.9302260675411667 0.9302260675411667 0.00010809642200837466 0.9302260675411667 0.9302260675411667 0.9302260675411667
14-20727957-G-C 0.00010809642200837466 0.9302260675411667 0.9302260675411667 0.9302260675411667 0.9302260675411667 0.9302260675411667 0.9302260675411667 0.9302260675411667 0.9302260675411667 0.9302260675411667 0.9302260675411667 0.9302260675411667 0.00010809642200837466 0.9302260675411667 0.9302260675411667 0.9302260675411667 0.9302260675411667 0.9302260675411667 0.9302260675411667 0.9302260675411667 0.9302260675411667 0.9302260675411667 0.9302260675411667 0.9302260675411667
1-66606578-A-C 0.9302260675411667 0.00010809642200837466 0.9302260675411667 0.9302260675411667 0.9302260675411667 0.9302260675411667 0.00010809642200837466 0.9302260675411667 0.9302260675411667 0.9302260675411667 0.9302260675411667 0.9302260675411667 0.9302260675411667 0.9302260675411667 0.9302260675411667 0.9302260675411667 0.9302260675411667 0.9302260675411667 0.9302260675411667 0.9302260675411667 0.9302260675411667 0.9302260675411667 0.9302260675411667 0.9302260675411667
8-24576137-A-C 0.9302260675411667 0.9302260675411667 0.9302260675411667 0.9302260675411667 0.9302260675411667 0.9302260675411667 0.9302260675411667 0.9302260675411667 0.00010809642200837466 0.9302260675411667 0.00010809642200837466 0.9302260675411667 0.9302260675411667 0.9302260675411667 0.9302260675411667 0.9302260675411667 0.9302260675411667 0.9302260675411667 0.9302260675411667 0.9302260675411667 0.9302260675411667 0.9302260675411667 0.9302260675411667 0.9302260675411667
9-30427461-A-G 0.9302260675411667 0.9302260675411667 0.9302260675411667 0.9302260675411667 0.9302260675411667 0.9302260675411667 0.9302260675411667 0.9302260675411667 0.9302260675411667 0.9302260675411667 0.9302260675411667 0.00010809642200837466 0.9302260675411667 0.9302260675411667 0.9302260675411667 0.9302260675411667 0.9302260675411667 0.9302260675411667 0.9302260675411667 0.9302260675411667 0.00010809642200837466 0.9302260675411667 0.9302260675411667 0.9302260675411667
2-155185631-G-A 0.9302260675411667 0.00010809642200837466 0.9302260675411667 0.9302260675411667 0.9302260675411667 0.9302260675411667 0.00010809642200837466 0.9302260675411667 0.9302260675411667 0.9302260675411667 0.9302260675411667 0.9302260675411667 0.9302260675411667 0.9302260675411667 0.9302260675411667 0.9302260675411667 0.9302260675411667 0.9302260675411667 0.9302260675411667 0.9302260675411667 0.9302260675411667 0.9302260675411667 0.9302260675411667 0.9302260675411667
9-21107742-T-G 0.9302260675411667 0.00010809642200837466 0.9302260675411667 0.9302260675411667 0.9302260675411667 0.9302260675411667 0.00010809642200837466 0.9302260675411667 0.9302260675411667 0.9302260675411667 0.9302260675411667 0.9302260675411667 0.9302260675411667 0.9302260675411667 0.9302260675411667 0.9302260675411667 0.9302260675411667 0.9302260675411667 0.9302260675411667 0.9302260675411667 0.9302260675411667 0.9302260675411667 0.9302260675411667 0.9302260675411667
5-76305388-A-G 0.00010809642200837466 0.9302260675411667 0.9302260675411667 0.9302260675411667 0.9302260675411667 0.00010809642200837466 0.9302260675411667 0.9302260675411667 0.00010809642200837466 0.9302260675411667 0.00010809642200837466 0.9302260675411667 0.00010809642200837466 0.9302260675411667 0.00010809642200837466 0.9302260675411667 0.9302260675411667 0.00010809642200837466 0.9302260675411667 0.9302260675411667 0.9302260675411667 0.9302260675411667 0.00010809642200837466 0.9302260675411667
11-112831539-T-C 0.9302260675411667 0.00010809642200837466 0.9302260675411667 0.9302260675411667 0.9302260675411667 0.9302260675411667 0.00010809642200837466 0.9302260675411667 0.9302260675411667 0.9302260675411667 0.9302260675411667 0.9302260675411667 0.9302260675411667 0.9302260675411667 0.9302260675411667 0.9302260675411667 0.9302260675411667 0.9302260675411667 0.9302260675411667 0.9302260675411667 0.9302260675411667 0.9302260675411667 0.9302260675411667 0.9302260675411667
5-72610793-A-T 0.9302260675411667 0.9302260675411667 0.9302260675411667 0.9302260675411667 0.9302260675411667 0.9302260675411667 0.9302260675411667 0.9302260675411667 0.00010809642200837466 0.9302260675411667 0.00010809642200837466 0.9302260675411667 0.9302260675411667 0.9302260675411667 0.9302260675411667 0.9302260675411667 0.9302260675411667 0.9302260675411667 0.9302260675411667 0.9302260675411667 0.9302260675411667 0.9302260675411667 0.9302260675411667 0.9302260675411667
18-22521893-A-T 0.00010809642200837466 0.9302260675411667 0.9302260675411667 0.9302260675411667 0.9302260675411667 0.00010809642200837466 0.9302260675411667 0.9302260675411667 0.9302260675411667 0.9302260675411667 0.9302260675411667 0.9302260675411667 0.00010809642200837466 0.9302260675411667 0.00010809642200837466 0.9302260675411667 0.9302260675411667 0.9302260675411667 0.9302260675411667 0.9302260675411667 0.9302260675411667 0.9302260675411667 0.9302260675411667 0.9302260675411667
7-17098262-A-C 0.9302260675411667 0.00010809642200837466 0.9302260675411667 0.9302260675411667 0.9302260675411667 0.9302260675411667 0.00010809642200837466 0.9302260675411667 0.9302260675411667 0.9302260675411667 0.9302260675411667 0.9302260675411667 0.9302260675411667 0.9302260675411667 0.9302260675411667 0.9302260675411667 0.9302260675411667 0.9302260675411667 0.9302260675411667 0.9302260675411667 0.9302260675411667 0.9302260675411667 0.9302260675411667 0.9302260675411667
2-120041465-C-G 0.9302260675411667 0.9302260675411667 0.9302260675411667 0.9302260675411667 0.9302260675411667 0.9302260675411667 0.9302260675411667 0.9302260675411667 0.9302260675411667 0.9302260675411667 0.9302260675411667 0.9302260675411667 0.9302260675411667 0.00010809642200837466 0.9302260675411667 0.9302260675411667 0.9302260675411667 0.9302260675411667 0.9302260675411667 0.9302260675411667 0.9302260675411667 0.9302260675411667 0.9302260675411667 0.00010809642200837466
9-7673230-A-G 0.9302260675411667 0.9302260675411667 0.9302260675411667 0.9302260675411667 0.9302260675411667 0.9302260675411667 0.9302260675411667 0.9302260675411667 0.9302260675411667 0.9302260675411667 0.9302260675411667 0.00010809642200837466 0.9302260675411667 0.9302260675411667 0.9302260675411667 0.9302260675411667 0.9302260675411667 0.9302260675411667 0.9302260675411667 0.9302260675411667 0.00010809642200837466 0.9302260675411667 0.9302260675411667 0.9302260675411667
4-144362995-A-C 0.9302260675411667 0.00010809642200837466 0.9302260675411667 0.9302260675411667 0.9302260675411667 0.9302260675411667 0.00010809642200837466 0.9302260675411667 0.9302260675411667 0.9302260675411667 0.9302260675411667 0.9302260675411667 0.9302260675411667 0.9302260675411667 0.9302260675411667 0.9302260675411667 0.9302260675411667 0.9302260675411667 0.9302260675411667 0.9302260675411667 0.9302260675411667 0.9302260675411667 0.9302260675411667 0.9302260675411667
15-94341073-G-C 0.00010809642200837466 0.9302260675411667 0.00010809642200837466 0.00010809642200837466 0.00010809642200837466 0.00010809642200837466 0.00010809642200837466 0.9302260675411667 0.00010809642200837466 0.9302260675411667 0.00010809642200837466 0.00010809642200837466 0.00010809642200837466 0.00010809642200837466 0.00010809642200837466 0.00010809642200837466 0.00010809642200837466 0.00010809642200837466 0.00010809642200837466 0.00010809642200837466 0.00010809642200837466 0.00010809642200837466 0.00010809642200837466 0.00010809642200837466
5-147383501-A-G 0.00010809642200837466 0.9302260675411667 0.9302260675411667 0.9302260675411667 0.9302260675411667 0.00010809642200837466 0.9302260675411667 0.9302260675411667 0.9302260675411667 0.9302260675411667 0.9302260675411667 0.9302260675411667 0.00010809642200837466 0.9302260675411667 0.00010809642200837466 0.9302260675411667 0.9302260675411667 0.9302260675411667 0.9302260675411667 0.9302260675411667 0.9302260675411667 0.9302260675411667 0.9302260675411667 0.9302260675411667
9-115250919-C-T 0.9302260675411667 0.00010809642200837466 0.9302260675411667 0.9302260675411667 0.9302260675411667 0.9302260675411667 0.00010809642200837466 0.9302260675411667 0.9302260675411667 0.9302260675411667 0.9302260675411667 0.9302260675411667 0.9302260675411667 0.9302260675411667 0.9302260675411667 0.9302260675411667 0.9302260675411667 0.9302260675411667 0.9302260675411667 0.9302260675411667 0.9302260675411667 0.9302260675411667 0.9302260675411667 0.9302260675411667
6-68151785-T-C 0.9302260675411667 0.9302260675411667 0.9302260675411667 0.9302260675411667 0.9302260675411667 0.9302260675411667 0.9302260675411667 0.9302260675411667 0.9302260675411667 0.9302260675411667 0.9302260675411667 0.00010809642200837466 0.9302260675411667 0.9302260675411667 0.9302260675411667 0.9302260675411667 0.9302260675411667 0.9302260675411667 0.9302260675411667 0.9302260675411667 0.00010809642200837466 0.9302260675411667 0.9302260675411667 0.9302260675411667
9-104038372-A-G 0.00010809642200837466 0.00010809642200837466 0.00010809642200837466 0.9302260675411667 0.00010809642200837466 0.00010809642200837466 0.00010809642200837466 0.00010809642200837466 0.00010809642200837466 0.00010809642200837466 0.00010809642200837466 0.00010809642200837466 0.00010809642200837466 0.00010809642200837466 0.00010809642200837466 0.00010809642200837466 0.00010809642200837466 0.00010809642200837466 0.00010809642200837466 0.00010809642200837466 0.00010809642200837466 0.9302260675411667 0.9302260675411667 0.00010809642200837466
5-41808824-A-C 0.9302260675411667 0.9302260675411667 0.9302260675411667 0.9302260675411667 0.9302260675411667 0.9302260675411667 0.9302260675411667 0.9302260675411667 0.9302260675411667 0.9302260675411667 0.9302260675411667 0.00010809642200837466 0.9302260675411667 0.9302260675411667 0.9302260675411667 0.9302260675411667 0.9302260675411667 0.9302260675411667 0.9302260675411667 0.9302260675411667 0.00010809642200837466 0.9302260675411667 0.9302260675411667 0.9302260675411667
16-5212725-T-C 0.00010809642200837466 0.00010809642200837466 0.9302260675411667 0.00010809642200837466 0.9302260675411667 0.00010809642200837466 0.00010809642200837466 0.00010809642200837466 0.00010809642200837466 0.00010809642200837466 0.00010809642200837466 0.00010809642200837466 0.00010809642200837466 0.00010809642200837466 0.9302260675411667 0.00010809642200837466 0.00010809642200837466 0.00010809642200837466 0.00010809642200837466 0.00010809642200837466 0.00010809642200837466 0.00010809642200837466 0.00010809642200837466 0.00010809642200837466
2-76790114-G-C 0.9302260675411667 0.00010809642200837466 0.9302260675411667 0.9302260675411667 0.9302260675411667 0.9302260675411667 0.00010809642200837466 0.00010809642200837466 0.9302260675411667 0.00010809642200837466 0.9302260675411667 0.9302260675411667 0.9302260675411667 0.9302260675411667 0.9302260675411667 0.9302260675411667 0.9302260675411667 0.9302260675411667 0.9302260675411667 0.9302260675411667 0.9302260675411667 0.9302260675411667 0.9302260675411667 0.9302260675411667
5-31272027-T-C 0.9302260675411667 0.00010809642200837466 0.9302260675411667 0.9302260675411667 0.9302260675411667 0.9302260675411667 0.00010809642200837466 0.9302260675411667 0.9302260675411667 0.9302260675411667 0.9302260675411667 0.9302260675411667 0.9302260675411667 0.9302260675411667 0.9302260675411667 0.9302260675411667 0.9302260675411667 0.9302260675411667 0.9302260675411667 0.9302260675411667 0.9302260675411667 0.9302260675411667 0.9302260675411667 0.9302260675411667
5-122880997-C-T 0.00010809642200837466 0.9302260675411667 0.9302260675411667 0.9302260675411667 0.9302260675411667 0.00010809642200837466 0.9302260675411667 0.9302260675411667 0.00010809642200837466 0.9302260675411667 0.00010809642200837466 0.9302260675411667 0.00010809642200837466 0.9302260675411667 0.00010809642200837466 0.9302260675411667 0.9302260675411667 0.00010809642200837466 0.9302260675411667 0.9302260675411667 0.9302260675411667 0.9302260675411667 0.00010809642200837466 0.9302260675411667
7-122425011-C-G 0.9302260675411667 0.00010809642200837466 0.9302260675411667 0.9302260675411667 0.9302260675411667 0.9302260675411667 0.00010809642200837466 0.9302260675411667 0.9302260675411667 0.9302260675411667 0.9302260675411667 0.9302260675411667 0.9302260675411667 0.9302260675411667 0.9302260675411667 0.9302260675411667 0.9302260675411667 0.9302260675411667 0.9302260675411667 0.9302260675411667 0.9302260675411667 0.9302260675411667 0.9302260675411667 0.9302260675411667
13-97030412-C-A 0.00010809642200837466 0.00010809642200837466 0.00010809642200837466 0.00010809642200837466 0.00010809642200837466 0.00010809642200837466 0.00010809642200837466 0.00010809642200837466 0.00010809642200837466 0.00010809642200837466 0.00010809642200837466 0.00010809642200837466 0.00010809642200837466 0.00010809642200837466 0.00010809642200837466 0.00010809642200837466 0.00010809642200837466 0.00010809642200837466 0.00010809642200837466 0.00010809642200837466 0.00010809642200837466 0.00010809642200837466 0.00010809642200837466 0.9302260675411667
15-80390895-A-T 0.9302260675411667 0.9302260675411667 0.9302260675411667 0.9302260675411667 0.9302260675411667 0.9302260675411667 0.9302260675411667 0.9302260675411667 0.00010809642200837466 0.9302260675411667 0.00010809642200837466 0.9302260675411667 0.9302260675411667 0.9302260675411667 0.9302260675411667 0.9302260675411667 0.9302260675411667 0.9302260675411667 0.9302260675411667 0.9302260675411667 0.9302260675411667 0.9302260675411667 0.9302260675411667 0.9302260675411667
17-33199842-C-T 0.9302260675411667 0.9302260675411667 0.9302260675411667 0.9302260675411667 0.9302260675411667 0.9302260675411667 0.9302260675411667 0.9302260675411667 0.00010809642200837466 0.9302260675411667 0.00010809642200837466 0.9302260675411667 0.9302260675411667 0.9302260675411667 0.9302260675411667 0.9302260675411667 0.9302260675411667 0.9302260675411667 0.9302260675411667 0.9302260675411667 0.9302260675411667 0.9302260675411667 0.9302260675411667 0.9302260675411667
7-26140834-A-C 0.00010809642200837466 0.9302260675411667 0.9302260675411667 0.9302260675411667 0.9302260675411667 0.00010809642200837466 0.9302260675411667 0.9302260675411667 0.9302260675411667 0.9302260675411667 0.9302260675411667 0.9302260675411667 0.00010809642200837466 0.9302260675411667 0.9302260675411667 0.9302260675411667 0.9302260675411667 0.9302260675411667 0.9302260675411667 0.9302260675411667 0.9302260675411667 0.9302260675411667 0.9302260675411667 0.9302260675411667
11-115609093-C-A 0.9302260675411667 0.9302260675411667 0.9302260675411667 0.00010809642200837466 0.9302260675411667 0.9302260675411667 0.9302260675411667 0.9302260675411667 0.9302260675411667 0.9302260675411667 0.9302260675411667 0.9302260675411667 0.9302260675411667 0.9302260675411667 0.9302260675411667 0.9302260675411667 0.00010809642200837466 0.9302260675411667 0.9302260675411667 0.00010809642200837466 0.9302260675411667 0.9302260675411667 0.9302260675411667 0.9302260675411667
2-60303482-A-C 0.00010809642200837466 0.00010809642200837466 0.00010809642200837466 0.00010809642200837466 0.00010809642200837466 0.00010809642200837466 0.00010809642200837466 0.00010809642200837466 0.9302260675411667 0.00010809642200837466 0.00010809642200837466 0.9302260675411667 0.00010809642200837466 0.00010809642200837466 0.00010809642200837466 0.00010809642200837466 0.00010809642200837466 0.00010809642200837466 0.00010809642200837466 0.00010809642200837466 0.00010809642200837466 0.00010809642200837466 0.00010809642200837466 0.00010809642200837466
2-125361033-G-T 0.00010809642200837466 0.00010809642200837466 0.00010809642200837466 0.00010809642200837466 0.00010809642200837466 0.00010809642200837466 0.00010809642200837466 0.00010809642200837466 0.00010809642200837466 0.00010809642200837466 0.00010809642200837466 0.9302260675411667 0.00010809642200837466 0.00010809642200837466 0.00010809642200837466 0.00010809642200837466 0.00010809642200837466 0.00010809642200837466 0.00010809642200837466 0.00010809642200837466 0.00010809642200837466 0.00010809642200837466 0.00010809642200837466 0.00010809642200837466
12-5210302-T-C 0.00010809642200837466 0.9302260675411667 0.9302260675411667 0.9302260675411667 0.9302260675411667 0.00010809642200837466 0.9302260675411667 0.9302260675411667 0.9302260675411667 0.9302260675411667 0.9302260675411667 0.9302260675411667 0.00010809642200837466 0.9302260675411667 0.00010809642200837466 0.9302260675411667 0.9302260675411667 0.9302260675411667 0.9302260675411667 0.9302260675411667 0.9302260675411667 0.9302260675411667 0.9302260675411667 0.9302260675411667
14-56792347-G-C 0.9302260675411667 0.00010809642200837466 0.9302260675411667 0.9302260675411667 0.9302260675411667 0.9302260675411667 0.00010809642200837466 0.00010809642200837466 0.9302260675411667 0.00010809642200837466 0.9302260675411667 0.9302260675411667 0.9302260675411667 0.9302260675411667 0.9302260675411667 0.9302260675411667 0.9302260675411667 0.9302260675411667 0.9302260675411667 0.9302260675411667 0.9302260675411667 0.9302260675411667 0.9302260675411667 0.9302260675411667
16-23016807-T-G 0.00010809642200837466 0.9302260675411667 0.9302260675411667 0.9302260675411667 0.9302260675411667 0.9302260675411667 0.9302260675411667 0.9302260675411667 0.9302260675411667 0.9302260675411667 0.9302260675411667 0.9302260675411667 0.00010809642200837466 0.9302260675411667 0.9302260675411667 0.9302260675411667 0.9302260675411667 0.9302260675411667 0.9302260675411667 0.9302260675411667 0.9302260675411667 0.9302260675411667 0.9302260675411667 0.9302260675411667
8-11854430-C-G 0.9302260675411667 0.00010809642200837466 0.9302260675411667 0.9302260675411667 0.9302260675411667 0.9302260675411667 0.00010809642200837466 0.9302260675411667 0.9302260675411667 0.9302260675411667 0.9302260675411667 0.9302260675411667 0.9302260675411667 0.9302260675411667 0.9302260675411667 0.9302260675411667 0.9302260675411667 0.9302260675411667 0.9302260675411667 0.9302260675411667 0.9302260675411667 0.9302260675411667 0.9302260675411667 0.9302260675411667
2-127125062-T-G 0.00010809642200837466 0.00010809642200837466 0.00010809642200837466 0.00010809642200837466 0.00010809642200837466 0.00010809642200837466 0.00010809642200837466 0.00010809642200837466 0.00010809642200837466 0.00010809642200837466 0.00010809642200837466 0.9302260675411667 0.00010809642200837466 0.00010809642200837466 0.00010809642200837466 0.00010809642200837466 0.00010809642200837466 0.00010809642200837466 0.00010809642200837466 0.00010809642200837466 0.00010809642200837466 0.00010809642200837466 0.00010809642200837466 0.00010809642200837466
5-24565974-T-C 0.9302260675411667 0.9302260675411667 0.9302260675411667 0.9302260675411667 0.9302260675411667 0.9302260675411667 0.9302260675411667 0.9302260675411667 0.00010809642200837466 0.9302260675411667 0.00010809642200837466 0.9302260675411667 0.9302260675411667 0.9302260675411667 0.9302260675411667 0.9302260675411667 0.9302260675411667 0.9302260675411667 0.9302260675411667 0.9302260675411667 0.9302260675411667 0.9302260675411667 0.9302260675411667 0.9302260675411667
11-69969277-T-G 0.9302260675411667 0.00010809642200837466 0.00010809642200837466 0.00010809642200837466 0.00010809642200837466 0.00010809642200837466 0.00010809642200837466 0.00010809642200837466 0.00010809642200837466 0.00010809642200837466 0.00010809642200837466 0.00010809642200837466 0.9302260675411667 0.00010809642200837466 0.00010809642200837466 0.00010809642200837466 0.00010809642200837466 0.00010809642200837466 0.00010809642200837466 0.00010809642200837466 0.00010809642200837466 0.00010809642200837466 0.00010809642200837466 0.00010809642200837466
15-16851029-A-G 0.00010809642200837466 0.9302260675411667 0.9302260675411667 0.9302260675411667 0.9302260675411667 0.00010809642200837466 0.9302260675411667 0.9302260675411667 0.9302260675411667 0.9302260675411667 0.9302260675411667 0.9302260675411667 0.00010809642200837466 0.9302260675411667 0.9302260675411667 0.9302260675411667 0.9302260675411667 0.9302260675411667 0.9302260675411667 0.9302260675411667 0.9302260675411667 0.9302260675411667 0.9302260675411667 0.9302260675411667
2-158220472-C-G 0.00010809642200837466 0.9302260675411667 0.9302260675411667 0.9302260675411667 0.9302260675411667 0.9302260675411667 0.9302260675411667 0.9302260675411667 0.9302260675411667 0.9302260675411667 0.9302260675411667 0.9302260675411667 0.00010809642200837466 0.9302260675411667 0.9302260675411667 0.9302260675411667 0.9302260675411667 0.9302260675411667 0.9302260675411667 0.9302260675411667 0.9302260675411667 0.9302260675411667 0.9302260675411667 0.9302260675411667
7-8377397-T-C 0.00010809642200837466 0.9302260675411667 0.9302260675411667 0.9302260675411667 0.9302260675411667 0.00010809642200837466 0.9302260675411667 0.9302260675411667 0.00010809642200837466 0.9302260675411667 0.00010809642200837466 0.9302260675411667 0.00010809642200837466 0.9302260675411667 0.00010809642200837466 0.9302260675411667 0.9302260675411667 0.9302260675411667 0.9302260675411667 0.9302260675411667 0.9302260675411667 0.9302260675411667 0.00010809642200837466 0.9302260675411667
1-75211971-T-C 0.9302260675411667 0.9302260675411667 0.9302260675411667 0.9302260675411667 0.9302260675411667 0.9302260675411667 0.9302260675411667 0.9302260675411667 0.00010809642200837466 0.9302260675411667 0.00010809642200837466 0.9302260675411667 0.9302260675411667 0.9302260675411667 0.9302260675411667 0.9302260675411667 0.9302260675411667 0.9302260675411667 0.9302260675411667 0.9302260675411667 0.9302260675411667 0.9302260675411667 0.9302260675411667 0.9302260675411667
6-42928343-C-A 0.00010809642200837466 0.00010809642200837466 0.9302260675411667 0.00010809642200837466 0.00010809642200837466 0.00010809642200837466 0.00010809642200837466 0.00010809642200837466 0.9302260675411667 0.00010809642200837466 0.9302260675411667 0.00010809642200837466 0.00010809642200837466 0.00010809642200837466 0.00010809642200837466 0.00010809642200837466 0.00010809642200837466 0.00010809642200837466 0.00010809642200837466 0.00010809642200837466 0.00010809642200837466 0.00010809642200837466 0.00010809642200837466 0.00010809642200837466
2-91591849-T-G 0.00010809642200837466 0.00010809642200837466 0.00010809642200837466 0.00010809642200837466 0.00010809642200837466 0.00010809642200837466 0.00010809642200837466 0.00010809642200837466 0.00010809642200837466 0.00010809642200837466 0.00010809642200837466 0.9302260675411667 0.00010809642200837466 0.00010809642200837466 0.00010809642200837466 0.00010809642200837466 0.00010809642200837466 0.00010809642200837466 0.00010809642200837466 0.00010809642200837466 0.00010809642200837466 0.00010809642200837466 0.00010809642200837466 0.00010809642200837466
3-29514110-G-A 0.9302260675411667 0.9302260675411667 0.9302260675411667 0.9302260675411667 0.9302260675411667 0.9302260675411667 0.9302260675411667 0.9302260675411667 0.9302260675411667 0.9302260675411667 0.9302260675411667 0.9302260675411667 0.9302260675411667 0.00010809642200837466 0.9302260675411667 0.9302260675411667 0.9302260675411667 0.9302260675411667 0.9302260675411667 0.9302260675411667 0.9302260675411667 0.9302260675411667 0.9302260675411667 0.00010809642200837466
3-79623503-T-C 0.9302260675411667 0.00010809642200837466 0.00010809642200837466 0.00010809642200837466 0.00010809642200837466 0.9302260675411667 0.00010809642200837466 0.00010809642200837466 0.00010809642200837466 0.00010809642200837466 0.00010809642200837466 0.00010809642200837466 0.9302260675411667 0.9302260675411667 0.9302260675411667 0.00010809642200837466 0.00010809642200837466 0.00010809642200837466 0.9302260675411667 0.00010809642200837466 0.00010809642200837466 0.00010809642200837466 0.9302260675411667 0.9302260675411667
5-150446801-T-C 0.9302260675411667 0.9302260675411667 0.9302260675411667 0.9302260675411667 0.9302260675411667 0.9302260675411667 0.9302260675411667 0.9302260675411667 0.00010809642200837466 0.9302260675411667 0.00010809642200837466 0.9302260675411667 0.9302260675411667 0.9302260675411667 0.9302260675411667 0.9302260675411667 0.9302260675411667 0.9302260675411667 0.9302260675411667 0.9302260675411667 0.9302260675411667 0.9302260675411667 0.9302260675411667 0.9302260675411667
10-109720243-A-G 0.9302260675411667 0.9302260675411667 0.9302260675411667 0.9302260675411667 0.9302260675411667 0.9302260675411667 0.9302260675411667 0.9302260675411667 0.00010809642200837466 0.9302260675411667 0.00010809642200837466 0.9302260675411667 0.9302260675411667 0.9302260675411667 0.9302260675411667 0.9302260675411667 0.9302260675411667 0.9302260675411667 0.9302260675411667 0.9302260675411667 0.9302260675411667 0.9302260675411667 0.9302260675411667 0.9302260675411667
6-128674304-C-G 0.00010809642200837466 0.9302260675411667 0.9302260675411667 0.9302260675411667 0.9302260675411667 0.00010809642200837466 0.9302260675411667 0.9302260675411667 0.9302260675411667 0.9302260675411667 0.9302260675411667 0.9302260675411667 0.00010809642200837466 0.9302260675411667 0.00010809642200837466 0.9302260675411667 0.9302260675411667 0.9302260675411667 0.9302260675411667 0.9302260675411667 0.9302260675411667 0.9302260675411667 0.9302260675411667 0.9302260675411667
6-37355536-T-C 0.9302260675411667 0.9302260675411667 0.9302260675411667 0.00010809642200837466 0.9302260675411667 0.9302260675411667 0.9302260675411667 0.9302260675411667 0.9302260675411667 0.9302260675411667 0.9302260675411667 0.9302260675411667 0.9302260675411667 0.9302260675411667 0.9302260675411667 0.9302260675411667 0.00010809642200837466 0.9302260675411667 0.9302260675411667 0.9302260675411667 0.9302260675411667 0.9302260675411667 0.9302260675411667 0.9302260675411667
1-124045394-G-T 0.9302260675411667 0.00010809642200837466 0.9302260675411667 0.9302260675411667 0.00010809642200837466 0.9302260675411667 0.00010809642200837466 0.00010809642200837466 0.9302260675411667 0.00010809642200837466 0.9302260675411667 0.9302260675411667 0.9302260675411667 0.9302260675411667 0.9302260675411667 0.9302260675411667 0.9302260675411667 0.9302260675411667 0.9302260675411667 0.9302260675411667 0.9302260675411667 0.9302260675411667 0.9302260675411667 0.9302260675411667
4-40260770-T-C 0.9302260675411667 0.9302260675411667 0.9302260675411667 0.9302260675411667 0.9302260675411667 0.9302260675411667 0.9302260675411667 0.9302260675411667 0.9302260675411667 0.9302260675411667 0.9302260675411667 0.00010809642200837466 0.9302260675411667 0.9302260675411667 0.9302260675411667 0.9302260675411667 0.9302260675411667 0.9302260675411667 0.9302260675411667 0.9302260675411667 0.00010809642200837466 0.9302260675411667 0.9302260675411667 0.9302260675411667
12-88321518-T-A 0.00010809642200837466 0.9302260675411667 0.9302260675411667 0.9302260675411667 0.9302260675411667 0.9302260675411667 0.9302260675411667 0.9302260675411667 0.9302260675411667 0.9302260675411667 0.9302260675411667 0.9302260675411667 0.00010809642200837466 0.9302260675411667 0.9302260675411667 0.9302260675411667 0.9302260675411667 0.9302260675411667 0.9302260675411667 0.9302260675411667 0.9302260675411667 0.9302260675411667 0.9302260675411667 0.9302260675411667
7-16213083-G-C 0.00010809642200837466 0.9302260675411667 0.9302260675411667 0.9302260675411667 0.9302260675411667 0.00010809642200837466 0.9302260675411667 0.9302260675411667 0.9302260675411667 0.9302260675411667 0.9302260675411667 0.9302260675411667 0.00010809642200837466 0.9302260675411667 0.00010809642200837466 0.9302260675411667 0.9302260675411667 0.9302260675411667 0.9302260675411667 0.9302260675411667 0.9302260675411667 0.9302260675411667 0.9302260675411667 0.9302260675411667
6-42460022-T-A 0.00010809642200837466 0.9302260675411667 0.9302260675411667 0.9302260675411667 0.9302260675411667 0.9302260675411667 0.9302260675411667 0.9302260675411667 0.9302260675411667 0.9302260675411667 0.9302260675411667 0.9302260675411667 0.00010809642200837466 0.9302260675411667 0.9302260675411667 0.9302260675411667 0.9302260675411667 0.9302260675411667 0.9302260675411667 0.9302260675411667 0.9302260675411667 0.9302260675411667 0.9302260675411667 0.9302260675411667
10-81271268-G-C 0.9302260675411667 0.9302260675411667 0.9302260675411667 0.9302260675411667 0.9302260675411667 0.9302260675411667 0.9302260675411667 0.9302260675411667 0.9302260675411667 0.9302260675411667 0.9302260675411667 0.00010809642200837466 0.9302260675411667 0.9302260675411667 0.9302260675411667 0.9302260675411667 0.9302260675411667 0.9302260675411667 0.9302260675411667 0.9302260675411667 0.00010809642200837466 0.9302260675411667 0.9302260675411667 0.9302260675411667
1-175093906-T-G 0.00010809642200837466 0.9302260675411667 0.9302260675411667 0.9302260675411667 0.9302260675411667 0.00010809642200837466 0.9302260675411667 0.9302260675411667 0.9302260675411667 0.9302260675411667 0.9302260675411667 0.9302260675411667 0.00010809642200837466 0.9302260675411667 0.9302260675411667 0.9302260675411667 0.9302260675411667 0.9302260675411667 0.9302260675411667 0.9302260675411667 0.9302260675411667 0.9302260675411667 0.9302260675411667 0.9302260675411667
10-81207678-C-G 0.9302260675411667 0.9302260675411667 0.9302260675411667 0.9302260675411667 0.9302260675411667 0.9302260675411667 0.9302260675411667 0.9302260675411667 0.9302260675411667 0.9302260675411667 0.9302260675411667 0.00010809642200837466 0.9302260675411667 0.9302260675411667 0.9302260675411667 0.9302260675411667 0.9302260675411667 0.9302260675411667 0.9302260675411667 0.9302260675411667 0.00010809642200837466 0.9302260675411667 0.9302260675411667 0.9302260675411667
9-39394148-C-G 0.9302260675411667 0.9302260675411667 0.9302260675411667 0.9302260675411667 0.9302260675411667 0.9302260675411667 0.9302260675411667 0.9302260675411667 0.9302260675411667 0.9302260675411667 0.9302260675411667 0.00010809642200837466 0.9302260675411667 0.9302260675411667 0.9302260675411667 0.9302260675411667 0.9302260675411667 0.9302260675411667 0.9302260675411667 0.9302260675411667 0.00010809642200837466 0.9302260675411667 0.9302260675411667 0.9302260675411667
7-51698545-T-C 0.00010809642200837466 0.9302260675411667 0.9302260675411667 0.9302260675411667 0.9302260675411667 0.00010809642200837466 0.9302260675411667 0.9302260675411667 0.9302260675411667 0.9302260675411667 0.9302260675411667 0.9302260675411667 0.00010809642200837466 0.9302260675411667 0.00010809642200837466 0.9302260675411667 0.9302260675411667 0.9302260675411667 0.9302260675411667 0.9302260675411667 0.9302260675411667 0.9302260675411667 0.9302260675411667 0.9302260675411667
19-10674823-T-G 0.00010809642200837466 0.00010809642200837466 0.00010809642200837466 0.00010809642200837466 0.00010809642200837466 0.00010809642200837466 0.00010809642200837466 0.00010809642200837466 0.00010809642200837466 0.00010809642200837466 0.00010809642200837466 0.00010809642200837466 0.00010809642200837466 0.00010809642200837466 0.00010809642200837466 0.00010809642200837466 0.00010809642200837466 0.9302260675411667 0.00010809642200837466 0.00010809642200837466 0.00010809642200837466 0.00010809642200837466 0.00010809642200837466 0.00010809642200837466
13-13728757-T-G 0.9302260675411667 0.9302260675411667 0.9302260675411667 0.9302260675411667 0.9302260675411667 0.9302260675411667 0.9302260675411667 0.9302260675411667 0.00010809642200837466 0.9302260675411667 0.00010809642200837466 0.9302260675411667 0.9302260675411667 0.9302260675411667 0.9302260675411667 0.9302260675411667 0.9302260675411667 0.9302260675411667 0.9302260675411667 0.9302260675411667 0.9302260675411667 0.9302260675411667 0.9302260675411667 0.9302260675411667
13-112686229-A-G 0.00010809642200837466 0.00010809642200837466 0.00010809642200837466 0.00010809642200837466 0.00010809642200837466 0.00010809642200837466 0.00010809642200837466 0.00010809642200837466 0.00010809642200837466 0.00010809642200837466 0.00010809642200837466 0.00010809642200837466 0.00010809642200837466 0.00010809642200837466 0.00010809642200837466 0.00010809642200837466 0.00010809642200837466 0.00010809642200837466 0.00010809642200837466 0.00010809642200837466 0.00010809642200837466 0.00010809642200837466 0.00010809642200837466 0.9302260675411667
2-153397622-C-T 0.00010809642200837466 0.00010809642200837466 0.00010809642200837466 0.00010809642200837466 0.00010809642200837466 0.00010809642200837466 0.00010809642200837466 0.00010809642200837466 0.00010809642200837466 0.00010809642200837466 0.00010809642200837466 0.9302260675411667 0.00010809642200837466 0.00010809642200837466 0.00010809642200837466 0.00010809642200837466 0.00010809642200837466 0.00010809642200837466 0.00010809642200837466 0.00010809642200837466 0.00010809642200837466 0.00010809642200837466 0.00010809642200837466 0.00010809642200837466
11-105915094-A-T 0.9302260675411667 0.9302260675411667 0.9302260675411667 0.9302260675411667 0.9302260675411667 0.9302260675411667 0.9302260675411667 0.9302260675411667 0.00010809642200837466 0.9302260675411667 0.00010809642200837466 0.9302260675411667 0.9302260675411667 0.9302260675411667 0.9302260675411667 0.9302260675411667 0.9302260675411667 0.9302260675411667 0.9302260675411667 0.9302260675411667 0.9302260675411667 0.9302260675411667 0.9302260675411667 0.9302260675411667
16-36736793-A-C 0.9302260675411667 0.9302260675411667 0.9302260675411667 0.9302260675411667 0.9302260675411667 0.9302260675411667 0.9302260675411667 0.9302260675411667 0.9302260675411667 0.9302260675411667 0.9302260675411667 0.9302260675411667 0.9302260675411667 0.00010809642200837466 0.9302260675411667 0.9302260675411667 0.9302260675411667 0.9302260675411667 0.9302260675411667 0.9302260675411667 0.9302260675411667 0.9302260675411667 0.9302260675411667 0.00010809642200837466
3-64596770-T-G 0.9302260675411667 0.9302260675411667 0.9302260675411667 0.9302260675411667 0.9302260675411667 0.9302260675411667 0.9302260675411667 0.9302260675411667 0.9302260675411667 0.9302260675411667 0.9302260675411667 0.9302260675411667 0.9302260675411667 0.00010809642200837466 0.9302260675411667 0.9302260675411667 0.9302260675411667 0.9302260675411667 0.9302260675411667 0.9302260675411667 0.9302260675411667 0.9302260675411667 0.9302260675411667 0.00010809642200837466
4-19283432-C-A 0.9302260675411667 0.9302260675411667 0.9302260675411667 0.9302260675411667 0.9302260675411667 0.9302260675411667 0.9302260675411667 0.9302260675411667 0.00010809642200837466 0.9302260675411667 0.00010809642200837466 0.9302260675411667 0.9302260675411667 0.9302260675411667 0.9302260675411667 0.9302260675411667 0.9302260675411667 0.9302260675411667 0.9302260675411667 0.9302260675411667 0.9302260675411667 0.9302260675411667 0.9302260675411667 0.9302260675411667
1-36177502-A-G 0.9302260675411667 0.9302260675411667 0.9302260675411667 0.9302260675411667 0.9302260675411667 0.9302260675411667 0.9302260675411667 0.9302260675411667 0.9302260675411667 0.9302260675411667 0.9302260675411667 0.9302260675411667 0.9302260675411667 0.9302260675411667 0.9302260675411667 0.9302260675411667 0.9302260675411667 0.9302260675411667 0.00010809642200837466 0.9302260675411667 0.9302260675411667 0.00010809642200837466 0.9302260675411667 0.9302260675411667
6-130364390-A-C 0.00010809642200837466 0.00010809642200837466 0.00010809642200837466 0.00010809642200837466 0.00010809642200837466 0.00010809642200837466 0.00010809642200837466 0.00010809642200837466 0.9302260675411667 0.00010809642200837466 0.9302260675411667 0.00010809642200837466 0.00010809642200837466 0.00010809642200837466 0.00010809642200837466 0.00010809642200837466 0.00010809642200837466 0.00010809642200837466 0.00010809642200837466 0.00010809642200837466 0.00010809642200837466 0.00010809642200837466 0.00010809642200837466 0.00010809642200837466
2-74713952-C-T 0.9302260675411667 0.9302260675411667 0.9302260675411667 0.00010809642200837466 0.9302260675411667 0.9302260675411667 0.9302260675411667 0.9302260675411667 0.9302260675411667 0.9302260675411667 0.9302260675411667 0.9302260675411667 0.9302260675411667 0.9302260675411667 0.9302260675411667 0.9302260675411667 0.00010809642200837466 0.9302260675411667 0.9302260675411667 0.00010809642200837466 0.9302260675411667 0.9302260675411667 0.9302260675411667 0.9302260675411667
5-123160931-G-C 0.00010809642200837466 0.9302260675411667 0.9302260675411667 0.9302260675411667 0.9302260675411667 0.00010809642200837466 0.9302260675411667 0.9302260675411667 0.9302260675411667 0.9302260675411667 0.9302260675411667 0.9302260675411667 0.00010809642200837466 0.9302260675411667 0.9302260675411667 0.9302260675411667 0.9302260675411667 0.9302260675411667 0.9302260675411667 0.9302260675411667 0.9302260675411667 0.9302260675411667 0.9302260675411667 0.9302260675411667
14-66968757-G-C 0.9302260675411667 0.9302260675411667 0.9302260675411667 0.9302260675411667 0.9302260675411667 0.9302260675411667 0.9302260675411667 0.9302260675411667 0.9302260675411667 0.9302260675411667 0.9302260675411667 0.9302260675411667 0.9302260675411667 0.00010809642200837466 0.9302260675411667 0.9302260675411667 0.9302260675411667 0.9302260675411667 0.9302260675411667 0.9302260675411667 0.9302260675411667 0.9302260675411667 0.9302260675411667 0.00010809642200837466
3-94773078-A-T 0.9302260675411667 0.9302260675411667 0.9302260675411667 0.9302260675411667 0.9302260675411667 0.9302260675411667 0.9302260675411667 0.9302260675411667 0.00010809642200837466 0.9302260675411667 0.00010809642200837466 0.9302260675411667 0.9302260675411667 0.9302260675411667 0.9302260675411667 0.9302260675411667 0.9302260675411667 0.9302260675411667 0.9302260675411667 0.9302260675411667 0.9302260675411667 0.9302260675411667 0.9302260675411667 0.9302260675411667
11-29229981-A-T 0.9302260675411667 0.9302260675411667 0.9302260675411667 0.9302260675411667 0.9302260675411667 0.9302260675411667 0.9302260675411667 0.9302260675411667 0.00010809642200837466 0.9302260675411667 0.00010809642200837466 0.9302260675411667 0.9302260675411667 0.9302260675411667 0.9302260675411667 0.9302260675411667 0.9302260675411667 0.9302260675411667 0.9302260675411667 0.9302260675411667 0.9302260675411667 0.9302260675411667 0.9302260675411667 0.9302260675411667
19-7398738-C-T 0.00010809642200837466 0.00010809642200837466 0.00010809642200837466 0.00010809642200837466 0.00010809642200837466 0.00010809642200837466 0.00010809642200837466 0.00010809642200837466 0.00010809642200837466 0.00010809642200837466 0.00010809642200837466 0.00010809642200837466 0.00010809642200837466 0.00010809642200837466 0.00010809642200837466 0.00010809642200837466 0.00010809642200837466 0.9302260675411667 0.00010809642200837466 0.00010809642200837466 0.00010809642200837466 0.00010809642200837466 0.00010809642200837466 0.00010809642200837466
18-73590795-A-G 0.9302260675411667 0.9302260675411667 0.9302260675411667 0.9302260675411667 0.9302260675411667 0.9302260675411667 0.9302260675411667 0.9302260675411667 0.00010809642200837466 0.9302260675411667 0.00010809642200837466 0.9302260675411667 0.9302260675411667 0.9302260675411667 0.9302260675411667 0.9302260675411667 0.9302260675411667 0.9302260675411667 0.9302260675411667 0.9302260675411667 0.9302260675411667 0.9302260675411667 0.9302260675411667 0.9302260675411667
9-95920848-T-A 0.9302260675411667 0.9302260675411667 0.9302260675411667 0.9302260675411667 0.9302260675411667 0.9302260675411667 0.9302260675411667 0.9302260675411667 0.00010809642200837466 0.9302260675411667 0.00010809642200837466 0.9302260675411667 0.9302260675411667 0.9302260675411667 0.9302260675411667 0.9302260675411667 0.9302260675411667 0.9302260675411667 0.9302260675411667 0.9302260675411667 0.9302260675411667 0.9302260675411667 0.9302260675411667 0.9302260675411667
5-3047629-T-A 0.9302260675411667 0.9302260675411667 0.9302260675411667 0.00010809642200837466 0.9302260675411667 0.9302260675411667 0.9302260675411667 0.9302260675411667 0.9302260675411667 0.9302260675411667 0.9302260675411667 0.9302260675411667 0.9302260675411667 0.9302260675411667 0.9302260675411667 0.9302260675411667 0.00010809642200837466 0.9302260675411667 0.9302260675411667 0.00010809642200837466 0.9302260675411667 0.9302260675411667 0.9302260675411667 0.9302260675411667
14-44232700-T-G 0.00010809642200837466 0.00010809642200837466 0.00010809642200837466 0.00010809642200837466 0.00010809642200837466 0.00010809642200837466 0.00010809642200837466 0.00010809642200837466 0.00010809642200837466 0.00010809642200837466 0.9302260675411667 0.00010809642200837466 0.00010809642200837466 0.00010809642200837466 0.00010809642200837466 0.00010809642200837466 0.00010809642200837466 0.9302260675411667 0.00010809642200837466 0.00010809642200837466 0.00010809642200837466 0.00010809642200837466 0.00010809642200837466 0.00010809642200837466
3-144952720-G-C 0.00010809642200837466 0.9302260675411667 0.00010809642200837466 0.00010809642200837466 0.00010809642200837466 0.00010809642200837466 0.00010809642200837466 0.9302260675411667 0.00010809642200837466 0.9302260675411667 0.00010809642200837466 0.00010809642200837466 0.00010809642200837466 0.00010809642200837466 0.9302260675411667 0.9302260675411667 0.00010809642200837466 0.9302260675411667 0.00010809642200837466 0.00010809642200837466 0.00010809642200837466 0.9302260675411667 0.00010809642200837466 0.00010809642200837466
15-94341073-G-C 0.00010809642200837466 0.9302260675411667 0.00010809642200837466 0.00010809642200837466 0.00010809642200837466 0.00010809642200837466 0.00010809642200837466 0.9302260675411667 0.00010809642200837466 0.9302260675411667 0.00010809642200837466 0.00010809642200837466 0.00010809642200837466 0.00010809642200837466 0.00010809642200837466 0.00010809642200837466 0.00010809642200837466 0.00010809642200837466 0.00010809642200837466 0.00010809642200837466 0.00010809642200837466 0.00010809642200837466 0.00010809642200837466 0.00010809642200837466
11-115523896-A-G 0.9302260675411667 0.9302260675411667 0.9302260675411667 0.00010809642200837466 0.9302260675411667 0.9302260675411667 0.9302260675411667 0.9302260675411667 0.9302260675411667 0.9302260675411667 0.9302260675411667 0.9302260675411667 0.9302260675411667 0.9302260675411667 0.9302260675411667 0.9302260675411667 0.00010809642200837466 0.9302260675411667 0.9302260675411667 0.00010809642200837466 0.9302260675411667 0.9302260675411667 0.9302260675411667 0.9302260675411667
6-117213743-C-T 0.9302260675411667 0.00010809642200837466 0.00010809642200837466 0.00010809642200837466 0.00010809642200837466 0.9302260675411667 0.00010809642200837466 0.00010809642200837466 0.00010809642200837466 0.00010809642200837466 0.00010809642200837466 0.00010809642200837466 0.9302260675411667 0.00010809642200837466 0.9302260675411667 0.00010809642200837466 0.00010809642200837466 0.00010809642200837466 0.00010809642200837466 0.00010809642200837466 0.00010809642200837466 0.00010809642200837466 0.00010809642200837466 0.00010809642200837466
7-31546178-T-C 0.9302260675411667 0.9302260675411667 0.9302260675411667 0.00010809642200837466 0.9302260675411667 0.9302260675411667 0.9302260675411667 0.9302260675411667 0.9302260675411667 0.9302260675411667 0.9302260675411667 0.9302260675411667 0.9302260675411667 0.9302260675411667 0.9302260675411667 0.9302260675411667 0.00010809642200837466 0.9302260675411667 0.9302260675411667 0.00010809642200837466 0.9302260675411667 0.9302260675411667 0.9302260675411667 0.9302260675411667
14-47248173-A-C 0.9302260675411667 0.00010809642200837466 0.9302260675411667 0.9302260675411667 0.9302260675411667 0.9302260675411667 0.00010809642200837466 0.9302260675411667 0.9302260675411667 0.9302260675411667 0.9302260675411667 0.9302260675411667 0.9302260675411667 0.9302260675411667 0.9302260675411667 0.9302260675411667 0.9302260675411667 0.9302260675411667 0.9302260675411667 0.9302260675411667 0.9302260675411667 0.9302260675411667 0.9302260675411667 0.9302260675411667
16-10237193-A-T 0.9302260675411667 0.9302260675411667 0.9302260675411667 0.9302260675411667 0.9302260675411667 0.9302260675411667 0.9302260675411667 0.9302260675411667 0.00010809642200837466 0.9302260675411667 0.00010809642200837466 0.9302260675411667 0.9302260675411667 0.9302260675411667 0.9302260675411667 0.9302260675411667 0.9302260675411667 0.9302260675411667 0.9302260675411667 0.9302260675411667 0.9302260675411667 0.9302260675411667 0.9302260675411667 0.9302260675411667
14-99056816-T-C 0.9302260675411667 0.9302260675411667 0.9302260675411667 0.9302260675411667 0.9302260675411667 0.9302260675411667 0.9302260675411667 0.9302260675411667 0.00010809642200837466 0.9302260675411667 0.00010809642200837466 0.9302260675411667 0.9302260675411667 0.9302260675411667 0.9302260675411667 0.9302260675411667 0.9302260675411667 0.9302260675411667 0.9302260675411667 0.9302260675411667 0.9302260675411667 0.9302260675411667 0.9302260675411667 0.9302260675411667
14-66828757-T-C 0.9302260675411667 0.00010809642200837466 0.9302260675411667 0.9302260675411667 0.9302260675411667 0.9302260675411667 0.00010809642200837466 0.9302260675411667 0.9302260675411667 0.9302260675411667 0.9302260675411667 0.9302260675411667 0.9302260675411667 0.9302260675411667 0.9302260675411667 0.9302260675411667 0.9302260675411667 0.9302260675411667 0.9302260675411667 0.9302260675411667 0.9302260675411667 0.9302260675411667 0.9302260675411667 0.9302260675411667
17-46636883-A-G 0.9302260675411667 0.9302260675411667 0.9302260675411667 0.9302260675411667 0.9302260675411667 0.9302260675411667 0.9302260675411667 0.9302260675411667 0.00010809642200837466 0.9302260675411667 0.00010809642200837466 0.9302260675411667 0.9302260675411667 0.9302260675411667 0.9302260675411667 0.9302260675411667 0.9302260675411667 0.9302260675411667 0.9302260675411667 0.9302260675411667 0.9302260675411667 0.9302260675411667 0.9302260675411667 0.9302260675411667
17-71517494-A-C 0.00010809642200837466 0.9302260675411667 0.9302260675411667 0.9302260675411667 0.9302260675411667 0.00010809642200837466 0.9302260675411667 0.9302260675411667 0.9302260675411667 0.9302260675411667 0.9302260675411667 0.9302260675411667 0.00010809642200837466 0.9302260675411667 0.9302260675411667 0.9302260675411667 0.9302260675411667 0.9302260675411667 0.9302260675411667 0.9302260675411667 0.9302260675411667 0.9302260675411667 0.9302260675411667 0.9302260675411667
5-147369273-G-A 0.00010809642200837466 0.9302260675411667 0.9302260675411667 0.9302260675411667 0.9302260675411667 0.00010809642200837466 0.9302260675411667 0.9302260675411667 0.9302260675411667 0.9302260675411667 0.9302260675411667 0.9302260675411667 0.00010809642200837466 0.9302260675411667 0.9302260675411667 0.9302260675411667 0.9302260675411667 0.9302260675411667 0.9302260675411667 0.9302260675411667 0.9302260675411667 0.9302260675411667 0.9302260675411667 0.9302260675411667
17-71517494-A-C 0.00010809642200837466 0.9302260675411667 0.9302260675411667 0.9302260675411667 0.9302260675411667 0.00010809642200837466 0.9302260675411667 0.9302260675411667 0.9302260675411667 0.9302260675411667 0.9302260675411667 0.9302260675411667 0.00010809642200837466 0.9302260675411667 0.9302260675411667 0.9302260675411667 0.9302260675411667 0.9302260675411667 0.9302260675411667 0.9302260675411667 0.9302260675411667 0.9302260675411667 0.9302260675411667 0.9302260675411667
8-117801901-A-C 0.9302260675411667 0.9302260675411667 0.9302260675411667 0.9302260675411667 0.9302260675411667 0.9302260675411667 0.9302260675411667 0.9302260675411667 0.9302260675411667 0.9302260675411667 0.9302260675411667 0.00010809642200837466 0.9302260675411667 0.9302260675411667 0.9302260675411667 0.9302260675411667 0.9302260675411667 0.9302260675411667 0.9302260675411667 0.9302260675411667 0.00010809642200837466 0.9302260675411667 0.9302260675411667 0.9302260675411667
19-38199598-G-A 0.00010809642200837466 0.00010809642200837466 0.00010809642200837466 0.00010809642200837466 0.00010809642200837466 0.00010809642200837466 0.00010809642200837466 0.00010809642200837466 0.00010809642200837466 0.00010809642200837466 0.00010809642200837466 0.00010809642200837466 0.00010809642200837466 0.00010809642200837466 0.00010809642200837466 0.00010809642200837466 0.00010809642200837466 0.9302260675411667 0.00010809642200837466 0.00010809642200837466 0.00010809642200837466 0.00010809642200837466 0.00010809642200837466 0.00010809642200837466
1-38341603-C-G 0.9302260675411667 0.00010809642200837466 0.9302260675411667 0.9302260675411667 0.9302260675411667 0.9302260675411667 0.00010809642200837466 0.9302260675411667 0.9302260675411667 0.9302260675411667 0.9302260675411667 0.9302260675411667 0.9302260675411667 0.9302260675411667 0.9302260675411667 0.9302260675411667 0.9302260675411667 0.9302260675411667 0.9302260675411667 0.9302260675411667 0.9302260675411667 0.9302260675411667 0.9302260675411667 0.9302260675411667
8-64719190-A-T 0.9302260675411667 0.9302260675411667 0.9302260675411667 0.9302260675411667 0.9302260675411667 0.9302260675411667 0.9302260675411667 0.9302260675411667 0.9302260675411667 0.9302260675411667 0.9302260675411667 0.00010809642200837466 0.9302260675411667 0.9302260675411667 0.9302260675411667 0.9302260675411667 0.9302260675411667 0.9302260675411667 0.9302260675411667 0.9302260675411667 0.00010809642200837466 0.9302260675411667 0.9302260675411667 0.9302260675411667
5-142390272-A-G 0.00010809642200837466 0.00010809642200837466 0.9302260675411667 0.00010809642200837466 0.00010809642200837466 0.00010809642200837466 0.00010809642200837466 0.00010809642200837466 0.00010809642200837466 0.00010809642200837466 0.00010809642200837466 0.00010809642200837466 0.00010809642200837466 0.00010809642200837466 0.00010809642200837466 0.00010809642200837466 0.00010809642200837466 0.00010809642200837466 0.00010809642200837466 0.00010809642200837466 0.00010809642200837466 0.00010809642200837466 0.00010809642200837466 0.00010809642200837466
8-21724678-A-G 0.00010809642200837466 0.9302260675411667 0.9302260675411667 0.9302260675411667 0.9302260675411667 0.00010809642200837466 0.9302260675411667 0.9302260675411667 0.9302260675411667 0.9302260675411667 0.9302260675411667 0.9302260675411667 0.00010809642200837466 0.9302260675411667 0.00010809642200837466 0.9302260675411667 0.9302260675411667 0.9302260675411667 0.9302260675411667 0.9302260675411667 0.9302260675411667 0.9302260675411667 0.9302260675411667 0.9302260675411667
2-134530725-G-C 0.00010809642200837466 0.9302260675411667 0.9302260675411667 0.9302260675411667 0.9302260675411667 0.9302260675411667 0.9302260675411667 0.9302260675411667 0.9302260675411667 0.9302260675411667 0.9302260675411667 0.9302260675411667 0.00010809642200837466 0.9302260675411667 0.9302260675411667 0.9302260675411667 0.9302260675411667 0.9302260675411667 0.9302260675411667 0.9302260675411667 0.9302260675411667 0.9302260675411667 0.9302260675411667 0.9302260675411667
13-62675452-A-G 0.9302260675411667 0.9302260675411667 0.9302260675411667 0.00010809642200837466 0.9302260675411667 0.9302260675411667 0.9302260675411667 0.9302260675411667 0.9302260675411667 0.9302260675411667 0.9302260675411667 0.9302260675411667 0.9302260675411667 0.9302260675411667 0.9302260675411667 0.9302260675411667 0.00010809642200837466 0.9302260675411667 0.9302260675411667 0.00010809642200837466 0.9302260675411667 0.9302260675411667 0.9302260675411667 0.9302260675411667
1-106011636-A-G 0.9302260675411667 0.00010809642200837466 0.9302260675411667 0.9302260675411667 0.9302260675411667 0.9302260675411667 0.00010809642200837466 0.00010809642200837466 0.9302260675411667 0.00010809642200837466 0.9302260675411667 0.9302260675411667 0.9302260675411667 0.9302260675411667 0.9302260675411667 0.9302260675411667 0.9302260675411667 0.9302260675411667 0.9302260675411667 0.9302260675411667 0.9302260675411667 0.9302260675411667 0.9302260675411667 0.9302260675411667
11-115348991-A-T 0.9302260675411667 0.9302260675411667 0.9302260675411667 0.9302260675411667 0.9302260675411667 0.9302260675411667 0.9302260675411667 0.9302260675411667 0.00010809642200837466 0.9302260675411667 0.00010809642200837466 0.9302260675411667 0.9302260675411667 0.9302260675411667 0.9302260675411667 0.9302260675411667 0.9302260675411667 0.9302260675411667 0.9302260675411667 0.9302260675411667 0.9302260675411667 0.9302260675411667 0.9302260675411667 0.9302260675411667
6-64533592-A-G 0.9302260675411667 0.9302260675411667 0.9302260675411667 0.9302260675411667 0.9302260675411667 0.9302260675411667 0.9302260675411667 0.9302260675411667 0.00010809642200837466 0.9302260675411667 0.00010809642200837466 0.9302260675411667 0.9302260675411667 0.9302260675411667 0.9302260675411667 0.9302260675411667 0.9302260675411667 0.9302260675411667 0.9302260675411667 0.9302260675411667 0.9302260675411667 0.9302260675411667 0.9302260675411667 0.9302260675411667
15-77231520-A-T 0.9302260675411667 0.9302260675411667 0.9302260675411667 0.9302260675411667 0.9302260675411667 0.9302260675411667 0.9302260675411667 0.9302260675411667 0.00010809642200837466 0.9302260675411667 0.00010809642200837466 0.9302260675411667 0.9302260675411667 0.9302260675411667 0.9302260675411667 0.9302260675411667 0.9302260675411667 0.9302260675411667 0.9302260675411667 0.9302260675411667 0.9302260675411667 0.9302260675411667 0.9302260675411667 0.9302260675411667
7-8377397-T-C 0.00010809642200837466 0.9302260675411667 0.9302260675411667 0.9302260675411667 0.9302260675411667 0.00010809642200837466 0.9302260675411667 0.9302260675411667 0.00010809642200837466 0.9302260675411667 0.00010809642200837466 0.9302260675411667 0.00010809642200837466 0.9302260675411667 0.00010809642200837466 0.9302260675411667 0.9302260675411667 0.9302260675411667 0.9302260675411667 0.9302260675411667 0.9302260675411667 0.9302260675411667 0.00010809642200837466 0.9302260675411667
6-122991565-A-T 0.9302260675411667 0.9302260675411667 0.9302260675411667 0.9302260675411667 0.9302260675411667 0.9302260675411667 0.9302260675411667 0.9302260675411667 0.00010809642200837466 0.9302260675411667 0.00010809642200837466 0.9302260675411667 0.9302260675411667 0.9302260675411667 0.9302260675411667 0.9302260675411667 0.9302260675411667 0.9302260675411667 0.9302260675411667 0.9302260675411667 0.9302260675411667 0.9302260675411667 0.9302260675411667 0.9302260675411667
5-90490806-T-A 0.00010809642200837466 0.9302260675411667 0.9302260675411667 0.9302260675411667 0.9302260675411667 0.00010809642200837466 0.9302260675411667 0.9302260675411667 0.9302260675411667 0.9302260675411667 0.9302260675411667 0.9302260675411667 0.00010809642200837466 0.9302260675411667 0.00010809642200837466 0.9302260675411667 0.9302260675411667 0.9302260675411667 0.9302260675411667 0.9302260675411667 0.9302260675411667 0.9302260675411667 0.00010809642200837466 0.9302260675411667
16-90249513-C-T 0.9302260675411667 0.9302260675411667 0.9302260675411667 0.9302260675411667 0.9302260675411667 0.9302260675411667 0.9302260675411667 0.9302260675411667 0.00010809642200837466 0.9302260675411667 0.00010809642200837466 0.9302260675411667 0.9302260675411667 0.9302260675411667 0.9302260675411667 0.9302260675411667 0.9302260675411667 0.9302260675411667 0.9302260675411667 0.9302260675411667 0.9302260675411667 0.9302260675411667 0.9302260675411667 0.9302260675411667
5-142390272-A-G 0.00010809642200837466 0.00010809642200837466 0.9302260675411667 0.00010809642200837466 0.00010809642200837466 0.00010809642200837466 0.00010809642200837466 0.00010809642200837466 0.00010809642200837466 0.00010809642200837466 0.00010809642200837466 0.00010809642200837466 0.00010809642200837466 0.00010809642200837466 0.00010809642200837466 0.00010809642200837466 0.00010809642200837466 0.00010809642200837466 0.00010809642200837466 0.00010809642200837466 0.00010809642200837466 0.00010809642200837466 0.00010809642200837466 0.00010809642200837466
11-53959338-G-A 0.9302260675411667 0.00010809642200837466 0.9302260675411667 0.9302260675411667 0.9302260675411667 0.9302260675411667 0.00010809642200837466 0.9302260675411667 0.9302260675411667 0.9302260675411667 0.9302260675411667 0.9302260675411667 0.9302260675411667 0.9302260675411667 0.9302260675411667 0.9302260675411667 0.9302260675411667 0.9302260675411667 0.9302260675411667 0.9302260675411667 0.9302260675411667 0.9302260675411667 0.9302260675411667 0.9302260675411667
9-71650324-C-A 0.9302260675411667 0.9302260675411667 0.9302260675411667 0.00010809642200837466 0.9302260675411667 0.9302260675411667 0.9302260675411667 0.9302260675411667 0.9302260675411667 0.9302260675411667 0.9302260675411667 0.9302260675411667 0.9302260675411667 0.9302260675411667 0.9302260675411667 0.9302260675411667 0.00010809642200837466 0.9302260675411667 0.9302260675411667 0.00010809642200837466 0.9302260675411667 0.9302260675411667 0.9302260675411667 0.9302260675411667
18-25753494-G-A 0.00010809642200837466 0.9302260675411667 0.9302260675411667 0.9302260675411667 0.9302260675411667 0.00010809642200837466 0.9302260675411667 0.9302260675411667 0.9302260675411667 0.9302260675411667 0.9302260675411667 0.9302260675411667 0.00010809642200837466 0.9302260675411667 0.9302260675411667 0.9302260675411667 0.9302260675411667 0.9302260675411667 0.9302260675411667 0.9302260675411667 0.9302260675411667 0.9302260675411667 0.9302260675411667 0.9302260675411667
12-79065801-T-C 0.9302260675411667 0.9302260675411667 0.9302260675411667 0.9302260675411667 0.9302260675411667 0.9302260675411667 0.9302260675411667 0.9302260675411667 0.00010809642200837466 0.9302260675411667 0.00010809642200837466 0.9302260675411667 0.9302260675411667 0.9302260675411667 0.9302260675411667 0.9302260675411667 0.9302260675411667 0.9302260675411667 0.9302260675411667 0.9302260675411667 0.9302260675411667 0.9302260675411667 0.9302260675411667 0.9302260675411667
5-10957823-A-G 0.00010809642200837466 0.00010809642200837466 0.9302260675411667 0.9302260675411667 0.00010809642200837466 0.00010809642200837466 0.00010809642200837466 0.00010809642200837466 0.00010809642200837466 0.00010809642200837466 0.00010809642200837466 0.9302260675411667 0.00010809642200837466 0.9302260675411667 0.00010809642200837466 0.9302260675411667 0.9302260675411667 0.00010809642200837466 0.9302260675411667 0.9302260675411667 0.9302260675411667 0.9302260675411667 0.00010809642200837466 0.9302260675411667
4-155067084-G-A 0.00010809642200837466 0.9302260675411667 0.9302260675411667 0.9302260675411667 0.9302260675411667 0.9302260675411667 0.9302260675411667 0.9302260675411667 0.9302260675411667 0.9302260675411667 0.9302260675411667 0.9302260675411667 0.00010809642200837466 0.9302260675411667 0.9302260675411667 0.9302260675411667 0.9302260675411667 0.9302260675411667 0.9302260675411667 0.9302260675411667 0.9302260675411667 0.9302260675411667 0.9302260675411667 0.9302260675411667
13-23757044-A-G 0.9302260675411667 0.9302260675411667 0.9302260675411667 0.9302260675411667 0.9302260675411667 0.9302260675411667 0.9302260675411667 0.9302260675411667 0.9302260675411667 0.9302260675411667 0.9302260675411667 0.00010809642200837466 0.9302260675411667 0.9302260675411667 0.9302260675411667 0.9302260675411667 0.9302260675411667 0.9302260675411667 0.9302260675411667 0.9302260675411667 0.00010809642200837466 0.9302260675411667 0.9302260675411667 0.9302260675411667
13-51482923-C-T 0.9302260675411667 0.00010809642200837466 0.9302260675411667 0.9302260675411667 0.9302260675411667 0.9302260675411667 0.00010809642200837466 0.9302260675411667 0.9302260675411667 0.9302260675411667 0.9302260675411667 0.9302260675411667 0.9302260675411667 0.9302260675411667 0.9302260675411667 0.9302260675411667 0.9302260675411667 0.9302260675411667 0.9302260675411667 0.9302260675411667 0.9302260675411667 0.9302260675411667 0.9302260675411667 0.9302260675411667
16-29471997-T-G 0.9302260675411667 0.9302260675411667 0.9302260675411667 0.9302260675411667 0.9302260675411667 0.9302260675411667 0.9302260675411667 0.9302260675411667 0.00010809642200837466 0.9302260675411667 0.00010809642200837466 0.9302260675411667 0.9302260675411667 0.9302260675411667 0.9302260675411667 0.9302260675411667 0.9302260675411667 0.9302260675411667 0.9302260675411667 0.9302260675411667 0.9302260675411667 0.9302260675411667 0.9302260675411667 0.9302260675411667
11-70940116-T-G 0.9302260675411667 0.00010809642200837466 0.9302260675411667 0.9302260675411667 0.9302260675411667 0.9302260675411667 0.00010809642200837466 0.9302260675411667 0.9302260675411667 0.9302260675411667 0.9302260675411667 0.9302260675411667 0.9302260675411667 0.9302260675411667 0.9302260675411667 0.9302260675411667 0.9302260675411667 0.9302260675411667 0.9302260675411667 0.9302260675411667 0.9302260675411667 0.9302260675411667 0.9302260675411667 0.9302260675411667
19-45233822-G-C 0.00010809642200837466 0.9302260675411667 0.9302260675411667 0.9302260675411667 0.9302260675411667 0.00010809642200837466 0.9302260675411667 0.9302260675411667 0.9302260675411667 0.9302260675411667 0.9302260675411667 0.9302260675411667 0.00010809642200837466 0.9302260675411667 0.9302260675411667 0.9302260675411667 0.9302260675411667 0.9302260675411667 0.9302260675411667 0.9302260675411667 0.9302260675411667 0.9302260675411667 0.9302260675411667 0.9302260675411667
3-92317273-G-T 0.9302260675411667 0.9302260675411667 0.9302260675411667 0.9302260675411667 0.9302260675411667 0.9302260675411667 0.9302260675411667 0.9302260675411667 0.00010809642200837466 0.9302260675411667 0.00010809642200837466 0.9302260675411667 0.9302260675411667 0.9302260675411667 0.9302260675411667 0.9302260675411667 0.9302260675411667 0.9302260675411667 0.9302260675411667 0.9302260675411667 0.9302260675411667 0.9302260675411667 0.9302260675411667 0.9302260675411667
3-84690712-T-G 0.9302260675411667 0.00010809642200837466 0.9302260675411667 0.9302260675411667 0.9302260675411667 0.9302260675411667 0.00010809642200837466 0.9302260675411667 0.9302260675411667 0.9302260675411667 0.9302260675411667 0.9302260675411667 0.9302260675411667 0.9302260675411667 0.9302260675411667 0.9302260675411667 0.9302260675411667 0.9302260675411667 0.9302260675411667 0.9302260675411667 0.9302260675411667 0.9302260675411667 0.9302260675411667 0.9302260675411667
4-115239327-G-C 0.9302260675411667 0.9302260675411667 0.9302260675411667 0.9302260675411667 0.9302260675411667 0.9302260675411667 0.9302260675411667 0.9302260675411667 0.00010809642200837466 0.9302260675411667 0.00010809642200837466 0.9302260675411667 0.9302260675411667 0.9302260675411667 0.9302260675411667 0.9302260675411667 0.9302260675411667 0.9302260675411667 0.9302260675411667 0.9302260675411667 0.9302260675411667 0.9302260675411667 0.9302260675411667 0.9302260675411667
4-19283432-C-A 0.9302260675411667 0.9302260675411667 0.9302260675411667 0.9302260675411667 0.9302260675411667 0.9302260675411667 0.9302260675411667 0.9302260675411667 0.00010809642200837466 0.9302260675411667 0.00010809642200837466 0.9302260675411667 0.9302260675411667 0.9302260675411667 0.9302260675411667 0.9302260675411667 0.9302260675411667 0.9302260675411667 0.9302260675411667 0.9302260675411667 0.9302260675411667 0.9302260675411667 0.9302260675411667 0.9302260675411667
8-20382170-C-A 0.00010809642200837466 0.00010809642200837466 0.00010809642200837466 0.00010809642200837466 0.00010809642200837466 0.00010809642200837466 0.00010809642200837466 0.00010809642200837466 0.00010809642200837466 0.00010809642200837466 0.00010809642200837466 0.00010809642200837466 0.00010809642200837466 0.00010809642200837466 0.00010809642200837466 0.00010809642200837466 0.00010809642200837466 0.00010809642200837466 0.00010809642200837466 0.9302260675411667 0.00010809642200837466 0.00010809642200837466 0.00010809642200837466 0.00010809642200837466
18-35222039-A-G 0.9302260675411667 0.9302260675411667 0.9302260675411667 0.9302260675411667 0.9302260675411667 0.9302260675411667 0.9302260675411667 0.9302260675411667 0.00010809642200837466 0.9302260675411667 0.00010809642200837466 0.9302260675411667 0.9302260675411667 0.9302260675411667 0.9302260675411667 0.9302260675411667 0.9302260675411667 0.9302260675411667 0.9302260675411667 0.9302260675411667 0.9302260675411667 0.9302260675411667 0.9302260675411667 0.9302260675411667
10-115418731-A-G 0.9302260675411667 0.9302260675411667 0.9302260675411667 0.9302260675411667 0.9302260675411667 0.9302260675411667 0.9302260675411667 0.9302260675411667 0.9302260675411667 0.9302260675411667 0.9302260675411667 0.00010809642200837466 0.9302260675411667 0.9302260675411667 0.9302260675411667 0.9302260675411667 0.9302260675411667 0.9302260675411667 0.9302260675411667 0.9302260675411667 0.00010809642200837466 0.9302260675411667 0.9302260675411667 0.9302260675411667
3-107218378-C-T 0.9302260675411667 0.00010809642200837466 0.9302260675411667 0.9302260675411667 0.9302260675411667 0.9302260675411667 0.00010809642200837466 0.9302260675411667 0.9302260675411667 0.9302260675411667 0.9302260675411667 0.9302260675411667 0.9302260675411667 0.9302260675411667 0.9302260675411667 0.9302260675411667 0.9302260675411667 0.9302260675411667 0.9302260675411667 0.9302260675411667 0.9302260675411667 0.9302260675411667 0.9302260675411667 0.9302260675411667
15-82335537-G-A 0.9302260675411667 0.9302260675411667 0.9302260675411667 0.9302260675411667 0.9302260675411667 0.9302260675411667 0.9302260675411667 0.9302260675411667 0.00010809642200837466 0.9302260675411667 0.00010809642200837466 0.9302260675411667 0.9302260675411667 0.9302260675411667 0.9302260675411667 0.9302260675411667 0.9302260675411667 0.9302260675411667 0.9302260675411667 0.9302260675411667 0.9302260675411667 0.9302260675411667 0.9302260675411667 0.9302260675411667
4-113517118-A-G 0.9302260675411667 0.9302260675411667 0.9302260675411667 0.9302260675411667 0.9302260675411667 0.9302260675411667 0.9302260675411667 0.9302260675411667 0.9302260675411667 0.9302260675411667 0.9302260675411667 0.9302260675411667 0.9302260675411667 0.9302260675411667 0.9302260675411667 0.9302260675411667 0.9302260675411667 0.9302260675411667 0.00010809642200837466 0.9302260675411667 0.9302260675411667 0.00010809642200837466 0.9302260675411667 0.9302260675411667
13-67825869-T-C 0.9302260675411667 0.00010809642200837466 0.9302260675411667 0.9302260675411667 0.9302260675411667 0.9302260675411667 0.00010809642200837466 0.9302260675411667 0.9302260675411667 0.9302260675411667 0.9302260675411667 0.9302260675411667 0.9302260675411667 0.9302260675411667 0.9302260675411667 0.9302260675411667 0.9302260675411667 0.9302260675411667 0.9302260675411667 0.9302260675411667 0.9302260675411667 0.9302260675411667 0.9302260675411667 0.9302260675411667
8-45353708-A-G 0.9302260675411667 0.00010809642200837466 0.9302260675411667 0.9302260675411667 0.9302260675411667 0.9302260675411667 0.00010809642200837466 0.9302260675411667 0.9302260675411667 0.9302260675411667 0.9302260675411667 0.9302260675411667 0.9302260675411667 0.9302260675411667 0.9302260675411667 0.9302260675411667 0.9302260675411667 0.9302260675411667 0.9302260675411667 0.9302260675411667 0.9302260675411667 0.9302260675411667 0.9302260675411667 0.9302260675411667
15-44630115-A-C 0.9302260675411667 0.00010809642200837466 0.9302260675411667 0.9302260675411667 0.9302260675411667 0.9302260675411667 0.00010809642200837466 0.9302260675411667 0.9302260675411667 0.9302260675411667 0.9302260675411667 0.9302260675411667 0.9302260675411667 0.9302260675411667 0.9302260675411667 0.9302260675411667 0.9302260675411667 0.9302260675411667 0.9302260675411667 0.9302260675411667 0.9302260675411667 0.9302260675411667 0.9302260675411667 0.9302260675411667
11-85801983-T-A 0.9302260675411667 0.9302260675411667 0.9302260675411667 0.9302260675411667 0.9302260675411667 0.9302260675411667 0.9302260675411667 0.9302260675411667 0.9302260675411667 0.9302260675411667 0.9302260675411667 0.9302260675411667 0.9302260675411667 0.00010809642200837466 0.9302260675411667 0.9302260675411667 0.9302260675411667 0.9302260675411667 0.9302260675411667 0.9302260675411667 0.9302260675411667 0.9302260675411667 0.9302260675411667 0.00010809642200837466
9-9833400-T-A 0.9302260675411667 0.9302260675411667 0.9302260675411667 0.9302260675411667 0.9302260675411667 0.9302260675411667 0.9302260675411667 0.9302260675411667 0.9302260675411667 0.9302260675411667 0.9302260675411667 0.00010809642200837466 0.9302260675411667 0.9302260675411667 0.9302260675411667 0.9302260675411667 0.9302260675411667 0.9302260675411667 0.9302260675411667 0.9302260675411667 0.00010809642200837466 0.9302260675411667 0.9302260675411667 0.9302260675411667
5-25848448-G-C 0.9302260675411667 0.9302260675411667 0.9302260675411667 0.00010809642200837466 0.9302260675411667 0.9302260675411667 0.9302260675411667 0.9302260675411667 0.9302260675411667 0.9302260675411667 0.9302260675411667 0.9302260675411667 0.9302260675411667 0.9302260675411667 0.9302260675411667 0.9302260675411667 0.00010809642200837466 0.9302260675411667 0.9302260675411667 0.00010809642200837466 0.9302260675411667 0.9302260675411667 0.9302260675411667 0.9302260675411667
5-114878147-T-C 0.00010809642200837466 0.00010809642200837466 0.00010809642200837466 0.00010809642200837466 0.00010809642200837466 0.00010809642200837466 0.00010809642200837466 0.00010809642200837466 0.00010809642200837466 0.00010809642200837466 0.00010809642200837466 0.00010809642200837466 0.00010809642200837466 0.00010809642200837466 0.00010809642200837466 0.00010809642200837466 0.00010809642200837466 0.00010809642200837466 0.00010809642200837466 0.00010809642200837466 0.00010809642200837466 0.9302260675411667 0.00010809642200837466 0.9302260675411667
2-166074857-T-C 0.00010809642200837466 0.00010809642200837466 0.00010809642200837466 0.00010809642200837466 0.00010809642200837466 0.00010809642200837466 0.00010809642200837466 0.00010809642200837466 0.00010809642200837466 0.00010809642200837466 0.00010809642200837466 0.9302260675411667 0.00010809642200837466 0.00010809642200837466 0.00010809642200837466 0.00010809642200837466 0.00010809642200837466 0.00010809642200837466 0.00010809642200837466 0.00010809642200837466 0.00010809642200837466 0.00010809642200837466 0.00010809642200837466 0.00010809642200837466
15-94558182-T-C 0.9302260675411667 0.9302260675411667 0.9302260675411667 0.00010809642200837466 0.9302260675411667 0.9302260675411667 0.9302260675411667 0.9302260675411667 0.9302260675411667 0.9302260675411667 0.9302260675411667 0.9302260675411667 0.9302260675411667 0.9302260675411667 0.9302260675411667 0.9302260675411667 0.00010809642200837466 0.9302260675411667 0.9302260675411667 0.00010809642200837466 0.9302260675411667 0.9302260675411667 0.9302260675411667 0.9302260675411667
12-117724160-C-G 0.9302260675411667 0.9302260675411667 0.9302260675411667 0.00010809642200837466 0.9302260675411667 0.9302260675411667 0.9302260675411667 0.9302260675411667 0.9302260675411667 0.9302260675411667 0.9302260675411667 0.9302260675411667 0.9302260675411667 0.00010809642200837466 0.9302260675411667 0.9302260675411667 0.00010809642200837466 0.9302260675411667 0.9302260675411667 0.00010809642200837466 0.9302260675411667 0.9302260675411667 0.9302260675411667 0.00010809642200837466
7-93178968-T-G 0.9302260675411667 0.9302260675411667 0.9302260675411667 0.00010809642200837466 0.9302260675411667 0.9302260675411667 0.9302260675411667 0.9302260675411667 0.9302260675411667 0.9302260675411667 0.9302260675411667 0.9302260675411667 0.9302260675411667 0.9302260675411667 0.9302260675411667 0.9302260675411667 0.00010809642200837466 0.9302260675411667 0.9302260675411667 0.00010809642200837466 0.9302260675411667 0.9302260675411667 0.9302260675411667 0.9302260675411667
12-13436490-T-A 0.9302260675411667 0.9302260675411667 0.9302260675411667 0.9302260675411667 0.9302260675411667 0.9302260675411667 0.9302260675411667 0.9302260675411667 0.00010809642200837466 0.9302260675411667 0.00010809642200837466 0.9302260675411667 0.9302260675411667 0.9302260675411667 0.9302260675411667 0.9302260675411667 0.9302260675411667 0.9302260675411667 0.9302260675411667 0.9302260675411667 0.9302260675411667 0.9302260675411667 0.9302260675411667 0.9302260675411667
5-52855832-T-C 0.9302260675411667 0.9302260675411667 0.9302260675411667 0.9302260675411667 0.9302260675411667 0.9302260675411667 0.9302260675411667 0.9302260675411667 0.9302260675411667 0.9302260675411667 0.9302260675411667 0.00010809642200837466 0.9302260675411667 0.9302260675411667 0.9302260675411667 0.9302260675411667 0.9302260675411667 0.9302260675411667 0.9302260675411667 0.9302260675411667 0.00010809642200837466 0.9302260675411667 0.9302260675411667 0.9302260675411667
6-69185240-A-G 0.00010809642200837466 0.00010809642200837466 0.00010809642200837466 0.00010809642200837466 0.00010809642200837466 0.00010809642200837466 0.00010809642200837466 0.00010809642200837466 0.9302260675411667 0.00010809642200837466 0.9302260675411667 0.00010809642200837466 0.00010809642200837466 0.00010809642200837466 0.00010809642200837466 0.00010809642200837466 0.00010809642200837466 0.00010809642200837466 0.00010809642200837466 0.00010809642200837466 0.00010809642200837466 0.00010809642200837466 0.00010809642200837466 0.00010809642200837466
8-43193634-A-T 0.00010809642200837466 0.9302260675411667 0.9302260675411667 0.9302260675411667 0.9302260675411667 0.00010809642200837466 0.9302260675411667 0.9302260675411667 0.9302260675411667 0.9302260675411667 0.9302260675411667 0.9302260675411667 0.00010809642200837466 0.9302260675411667 0.9302260675411667 0.9302260675411667 0.9302260675411667 0.9302260675411667 0.9302260675411667 0.9302260675411667 0.9302260675411667 0.9302260675411667 0.9302260675411667 0.9302260675411667
5-41808824-A-C 0.9302260675411667 0.9302260675411667 0.9302260675411667 0.9302260675411667 0.9302260675411667 0.9302260675411667 0.9302260675411667 0.9302260675411667 0.9302260675411667 0.9302260675411667 0.9302260675411667 0.00010809642200837466 0.9302260675411667 0.9302260675411667 0.9302260675411667 0.9302260675411667 0.9302260675411667 0.9302260675411667 0.9302260675411667 0.9302260675411667 0.00010809642200837466 0.9302260675411667 0.9302260675411667 0.9302260675411667
15-83620292-T-G 0.00010809642200837466 0.9302260675411667 0.9302260675411667 0.9302260675411667 0.9302260675411667 0.00010809642200837466 0.9302260675411667 0.9302260675411667 0.9302260675411667 0.9302260675411667 0.9302260675411667 0.9302260675411667 0.00010809642200837466 0.9302260675411667 0.9302260675411667 0.9302260675411667 0.9302260675411667 0.9302260675411667 0.9302260675411667 0.9302260675411667 0.9302260675411667 0.9302260675411667 0.9302260675411667 0.9302260675411667
1-107079509-T-G 0.9302260675411667 0.00010809642200837466 0.9302260675411667 0.9302260675411667 0.00010809642200837466 0.9302260675411667 0.00010809642200837466 0.00010809642200837466 0.9302260675411667 0.00010809642200837466 0.9302260675411667 0.9302260675411667 0.9302260675411667 0.9302260675411667 0.9302260675411667 0.9302260675411667 0.9302260675411667 0.9302260675411667 0.9302260675411667 0.9302260675411667 0.9302260675411667 0.9302260675411667 0.9302260675411667 0.9302260675411667
1-136793557-T-G 0.00010809642200837466 0.9302260675411667 0.9302260675411667 0.9302260675411667 0.9302260675411667 0.9302260675411667 0.9302260675411667 0.9302260675411667 0.9302260675411667 0.9302260675411667 0.9302260675411667 0.9302260675411667 0.00010809642200837466 0.9302260675411667 0.9302260675411667 0.9302260675411667 0.9302260675411667 0.9302260675411667 0.9302260675411667 0.9302260675411667 0.9302260675411667 0.9302260675411667 0.9302260675411667 0.9302260675411667
2-177389638-A-T 0.9302260675411667 0.9302260675411667 0.00010809642200837466 0.9302260675411667 0.9302260675411667 0.9302260675411667 0.00010809642200837466 0.9302260675411667 0.9302260675411667 0.9302260675411667 0.9302260675411667 0.00010809642200837466 0.9302260675411667 0.9302260675411667 0.9302260675411667 0.00010809642200837466 0.9302260675411667 0.9302260675411667 0.00010809642200837466 0.9302260675411667 0.00010809642200837466 0.00010809642200837466 0.9302260675411667 0.9302260675411667
1-135454373-T-C 0.00010809642200837466 0.9302260675411667 0.9302260675411667 0.9302260675411667 0.9302260675411667 0.00010809642200837466 0.9302260675411667 0.9302260675411667 0.9302260675411667 0.9302260675411667 0.9302260675411667 0.9302260675411667 0.00010809642200837466 0.9302260675411667 0.9302260675411667 0.9302260675411667 0.9302260675411667 0.9302260675411667 0.9302260675411667 0.9302260675411667 0.9302260675411667 0.9302260675411667 0.9302260675411667 0.9302260675411667
4-144395895-A-G 0.9302260675411667 0.00010809642200837466 0.00010809642200837466 0.00010809642200837466 0.00010809642200837466 0.9302260675411667 0.00010809642200837466 0.00010809642200837466 0.00010809642200837466 0.00010809642200837466 0.00010809642200837466 0.00010809642200837466 0.9302260675411667 0.00010809642200837466 0.00010809642200837466 0.00010809642200837466 0.00010809642200837466 0.00010809642200837466 0.00010809642200837466 0.00010809642200837466 0.00010809642200837466 0.00010809642200837466 0.00010809642200837466 0.00010809642200837466
2-153942831-A-G 0.9302260675411667 0.00010809642200837466 0.9302260675411667 0.9302260675411667 0.9302260675411667 0.9302260675411667 0.00010809642200837466 0.9302260675411667 0.9302260675411667 0.9302260675411667 0.9302260675411667 0.9302260675411667 0.9302260675411667 0.9302260675411667 0.9302260675411667 0.9302260675411667 0.9302260675411667 0.9302260675411667 0.9302260675411667 0.9302260675411667 0.9302260675411667 0.9302260675411667 0.9302260675411667 0.9302260675411667
10-79819505-G-A 0.00010809642200837466 0.9302260675411667 0.9302260675411667 0.9302260675411667 0.9302260675411667 0.00010809642200837466 0.9302260675411667 0.9302260675411667 0.9302260675411667 0.9302260675411667 0.9302260675411667 0.9302260675411667 0.00010809642200837466 0.9302260675411667 0.9302260675411667 0.9302260675411667 0.9302260675411667 0.9302260675411667 0.9302260675411667 0.9302260675411667 0.9302260675411667 0.9302260675411667 0.9302260675411667 0.9302260675411667
6-23344245-G-T 0.00010809642200837466 0.9302260675411667 0.9302260675411667 0.9302260675411667 0.9302260675411667 0.00010809642200837466 0.9302260675411667 0.9302260675411667 0.9302260675411667 0.9302260675411667 0.9302260675411667 0.9302260675411667 0.00010809642200837466 0.9302260675411667 0.00010809642200837466 0.9302260675411667 0.9302260675411667 0.9302260675411667 0.9302260675411667 0.9302260675411667 0.9302260675411667 0.9302260675411667 0.00010809642200837466 0.9302260675411667
9-49505360-A-G 0.9302260675411667 0.9302260675411667 0.9302260675411667 0.9302260675411667 0.9302260675411667 0.9302260675411667 0.9302260675411667 0.9302260675411667 0.00010809642200837466 0.00010809642200837466 0.00010809642200837466 0.9302260675411667 0.9302260675411667 0.9302260675411667 0.9302260675411667 0.9302260675411667 0.9302260675411667 0.9302260675411667 0.9302260675411667 0.9302260675411667 0.9302260675411667 0.9302260675411667 0.9302260675411667 0.9302260675411667
13-3353117-A-G 0.9302260675411667 0.9302260675411667 0.9302260675411667 0.9302260675411667 0.9302260675411667 0.9302260675411667 0.9302260675411667 0.9302260675411667 0.9302260675411667 0.9302260675411667 0.9302260675411667 0.00010809642200837466 0.9302260675411667 0.9302260675411667 0.9302260675411667 0.9302260675411667 0.9302260675411667 0.9302260675411667 0.9302260675411667 0.9302260675411667 0.00010809642200837466 0.9302260675411667 0.9302260675411667 0.9302260675411667
2-122111902-A-C 0.9302260675411667 0.9302260675411667 0.9302260675411667 0.00010809642200837466 0.9302260675411667 0.9302260675411667 0.9302260675411667 0.9302260675411667 0.9302260675411667 0.9302260675411667 0.9302260675411667 0.9302260675411667 0.9302260675411667 0.9302260675411667 0.9302260675411667 0.9302260675411667 0.00010809642200837466 0.9302260675411667 0.9302260675411667 0.00010809642200837466 0.9302260675411667 0.9302260675411667 0.9302260675411667 0.9302260675411667
11-34402699-T-C 0.9302260675411667 0.9302260675411667 0.9302260675411667 0.9302260675411667 0.9302260675411667 0.9302260675411667 0.9302260675411667 0.9302260675411667 0.00010809642200837466 0.9302260675411667 0.00010809642200837466 0.9302260675411667 0.9302260675411667 0.9302260675411667 0.9302260675411667 0.9302260675411667 0.9302260675411667 0.9302260675411667 0.9302260675411667 0.9302260675411667 0.9302260675411667 0.9302260675411667 0.9302260675411667 0.9302260675411667
16-34696841-A-T 0.9302260675411667 0.9302260675411667 0.9302260675411667 0.9302260675411667 0.9302260675411667 0.9302260675411667 0.9302260675411667 0.9302260675411667 0.9302260675411667 0.9302260675411667 0.9302260675411667 0.00010809642200837466 0.9302260675411667 0.9302260675411667 0.9302260675411667 0.9302260675411667 0.9302260675411667 0.9302260675411667 0.00010809642200837466 0.9302260675411667 0.00010809642200837466 0.00010809642200837466 0.9302260675411667 0.9302260675411667
2-105172229-A-C 0.9302260675411667 0.00010809642200837466 0.9302260675411667 0.9302260675411667 0.9302260675411667 0.9302260675411667 0.00010809642200837466 0.9302260675411667 0.9302260675411667 0.9302260675411667 0.9302260675411667 0.9302260675411667 0.9302260675411667 0.9302260675411667 0.9302260675411667 0.9302260675411667 0.9302260675411667 0.9302260675411667 0.9302260675411667 0.9302260675411667 0.9302260675411667 0.9302260675411667 0.9302260675411667 0.9302260675411667
15-28365388-C-T 0.9302260675411667 0.9302260675411667 0.9302260675411667 0.9302260675411667 0.9302260675411667 0.9302260675411667 0.9302260675411667 0.9302260675411667 0.00010809642200837466 0.9302260675411667 0.00010809642200837466 0.9302260675411667 0.9302260675411667 0.9302260675411667 0.9302260675411667 0.9302260675411667 0.9302260675411667 0.9302260675411667 0.9302260675411667 0.9302260675411667 0.9302260675411667 0.9302260675411667 0.9302260675411667 0.9302260675411667
16-19085386-A-G 0.00010809642200837466 0.9302260675411667 0.9302260675411667 0.9302260675411667 0.9302260675411667 0.00010809642200837466 0.9302260675411667 0.9302260675411667 0.9302260675411667 0.9302260675411667 0.9302260675411667 0.9302260675411667 0.00010809642200837466 0.9302260675411667 0.9302260675411667 0.9302260675411667 0.9302260675411667 0.9302260675411667 0.9302260675411667 0.9302260675411667 0.9302260675411667 0.9302260675411667 0.9302260675411667 0.9302260675411667
5-86034229-A-G 0.00010809642200837466 0.00010809642200837466 0.00010809642200837466 0.00010809642200837466 0.00010809642200837466 0.00010809642200837466 0.00010809642200837466 0.00010809642200837466 0.00010809642200837466 0.00010809642200837466 0.00010809642200837466 0.00010809642200837466 0.00010809642200837466 0.00010809642200837466 0.00010809642200837466 0.00010809642200837466 0.00010809642200837466 0.00010809642200837466 0.00010809642200837466 0.00010809642200837466 0.00010809642200837466 0.00010809642200837466 0.00010809642200837466 0.9302260675411667
17-25018809-C-G 0.9302260675411667 0.9302260675411667 0.9302260675411667 0.00010809642200837466 0.9302260675411667 0.9302260675411667 0.9302260675411667 0.9302260675411667 0.9302260675411667 0.9302260675411667 0.9302260675411667 0.9302260675411667 0.9302260675411667 0.9302260675411667 0.9302260675411667 0.9302260675411667 0.00010809642200837466 0.9302260675411667 0.9302260675411667 0.00010809642200837466 0.9302260675411667 0.9302260675411667 0.9302260675411667 0.9302260675411667
4-57225727-T-C 0.9302260675411667 0.9302260675411667 0.00010809642200837466 0.9302260675411667 0.9302260675411667 0.9302260675411667 0.00010809642200837466 0.9302260675411667 0.9302260675411667 0.9302260675411667 0.9302260675411667 0.00010809642200837466 0.9302260675411667 0.9302260675411667 0.9302260675411667 0.00010809642200837466 0.9302260675411667 0.9302260675411667 0.00010809642200837466 0.9302260675411667 0.00010809642200837466 0.00010809642200837466 0.9302260675411667 0.9302260675411667
1-128178979-A-C 0.9302260675411667 0.9302260675411667 0.9302260675411667 0.9302260675411667 0.9302260675411667 0.9302260675411667 0.9302260675411667 0.9302260675411667 0.9302260675411667 0.9302260675411667 0.9302260675411667 0.00010809642200837466 0.9302260675411667 0.9302260675411667 0.9302260675411667 0.9302260675411667 0.9302260675411667 0.9302260675411667 0.9302260675411667 0.9302260675411667 0.00010809642200837466 0.9302260675411667 0.9302260675411667 0.9302260675411667
5-147571392-C-T 0.00010809642200837466 0.9302260675411667 0.9302260675411667 0.9302260675411667 0.9302260675411667 0.00010809642200837466 0.9302260675411667 0.9302260675411667 0.9302260675411667 0.9302260675411667 0.9302260675411667 0.9302260675411667 0.00010809642200837466 0.9302260675411667 0.9302260675411667 0.9302260675411667 0.9302260675411667 0.9302260675411667 0.9302260675411667 0.9302260675411667 0.9302260675411667 0.9302260675411667 0.9302260675411667 0.9302260675411667
7-104154313-A-T 0.9302260675411667 0.9302260675411667 0.9302260675411667 0.9302260675411667 0.9302260675411667 0.9302260675411667 0.9302260675411667 0.9302260675411667 0.00010809642200837466 0.9302260675411667 0.00010809642200837466 0.9302260675411667 0.9302260675411667 0.9302260675411667 0.9302260675411667 0.9302260675411667 0.9302260675411667 0.9302260675411667 0.9302260675411667 0.9302260675411667 0.9302260675411667 0.9302260675411667 0.9302260675411667 0.9302260675411667
7-86386487-A-G 0.9302260675411667 0.00010809642200837466 0.9302260675411667 0.9302260675411667 0.9302260675411667 0.9302260675411667 0.00010809642200837466 0.00010809642200837466 0.9302260675411667 0.00010809642200837466 0.9302260675411667 0.9302260675411667 0.9302260675411667 0.9302260675411667 0.9302260675411667 0.9302260675411667 0.9302260675411667 0.9302260675411667 0.9302260675411667 0.9302260675411667 0.9302260675411667 0.9302260675411667 0.9302260675411667 0.9302260675411667
9-72385544-A-T 0.9302260675411667 0.9302260675411667 0.9302260675411667 0.9302260675411667 0.9302260675411667 0.9302260675411667 0.9302260675411667 0.9302260675411667 0.00010809642200837466 0.9302260675411667 0.00010809642200837466 0.9302260675411667 0.9302260675411667 0.9302260675411667 0.9302260675411667 0.9302260675411667 0.9302260675411667 0.9302260675411667 0.9302260675411667 0.9302260675411667 0.9302260675411667 0.9302260675411667 0.9302260675411667 0.9302260675411667
7-83882210-T-C 0.9302260675411667 0.00010809642200837466 0.9302260675411667 0.9302260675411667 0.9302260675411667 0.9302260675411667 0.00010809642200837466 0.9302260675411667 0.9302260675411667 0.9302260675411667 0.9302260675411667 0.9302260675411667 0.9302260675411667 0.9302260675411667 0.9302260675411667 0.9302260675411667 0.9302260675411667 0.9302260675411667 0.9302260675411667 0.9302260675411667 0.9302260675411667 0.9302260675411667 0.9302260675411667 0.9302260675411667
13-50008054-A-C 0.00010809642200837466 0.9302260675411667 0.9302260675411667 0.9302260675411667 0.9302260675411667 0.00010809642200837466 0.9302260675411667 0.9302260675411667 0.00010809642200837466 0.9302260675411667 0.00010809642200837466 0.9302260675411667 0.00010809642200837466 0.9302260675411667 0.00010809642200837466 0.9302260675411667 0.9302260675411667 0.9302260675411667 0.9302260675411667 0.9302260675411667 0.9302260675411667 0.9302260675411667 0.00010809642200837466 0.9302260675411667
16-79003490-A-G 0.9302260675411667 0.00010809642200837466 0.9302260675411667 0.9302260675411667 0.9302260675411667 0.9302260675411667 0.00010809642200837466 0.00010809642200837466 0.9302260675411667 0.00010809642200837466 0.9302260675411667 0.9302260675411667 0.9302260675411667 0.9302260675411667 0.9302260675411667 0.9302260675411667 0.9302260675411667 0.9302260675411667 0.9302260675411667 0.9302260675411667 0.9302260675411667 0.9302260675411667 0.9302260675411667 0.9302260675411667
19-42747619-C-A 0.9302260675411667 0.9302260675411667 0.9302260675411667 0.9302260675411667 0.9302260675411667 0.9302260675411667 0.9302260675411667 0.9302260675411667 0.00010809642200837466 0.9302260675411667 0.00010809642200837466 0.9302260675411667 0.9302260675411667 0.9302260675411667 0.9302260675411667 0.9302260675411667 0.9302260675411667 0.9302260675411667 0.9302260675411667 0.9302260675411667 0.9302260675411667 0.9302260675411667 0.9302260675411667 0.9302260675411667
13-13995096-C-G 0.9302260675411667 0.00010809642200837466 0.9302260675411667 0.9302260675411667 0.9302260675411667 0.9302260675411667 0.00010809642200837466 0.9302260675411667 0.9302260675411667 0.9302260675411667 0.9302260675411667 0.9302260675411667 0.9302260675411667 0.9302260675411667 0.9302260675411667 0.9302260675411667 0.9302260675411667 0.9302260675411667 0.9302260675411667 0.9302260675411667 0.9302260675411667 0.9302260675411667 0.9302260675411667 0.9302260675411667
8-94587935-G-A 0.00010809642200837466 0.9302260675411667 0.9302260675411667 0.9302260675411667 0.9302260675411667 0.00010809642200837466 0.9302260675411667 0.9302260675411667 0.9302260675411667 0.9302260675411667 0.9302260675411667 0.9302260675411667 0.00010809642200837466 0.9302260675411667 0.9302260675411667 0.9302260675411667 0.9302260675411667 0.9302260675411667 0.9302260675411667 0.9302260675411667 0.9302260675411667 0.9302260675411667 0.9302260675411667 0.9302260675411667
5-44094374-C-A 0.9302260675411667 0.9302260675411667 0.9302260675411667 0.9302260675411667 0.9302260675411667 0.9302260675411667 0.9302260675411667 0.9302260675411667 0.9302260675411667 0.9302260675411667 0.9302260675411667 0.00010809642200837466 0.9302260675411667 0.9302260675411667 0.9302260675411667 0.9302260675411667 0.9302260675411667 0.9302260675411667 0.9302260675411667 0.9302260675411667 0.00010809642200837466 0.9302260675411667 0.9302260675411667 0.9302260675411667
17-24385868-C-T 0.00010809642200837466 0.00010809642200837466 0.9302260675411667 0.9302260675411667 0.00010809642200837466 0.00010809642200837466 0.00010809642200837466 0.00010809642200837466 0.00010809642200837466 0.00010809642200837466 0.00010809642200837466 0.9302260675411667 0.00010809642200837466 0.9302260675411667 0.00010809642200837466 0.9302260675411667 0.9302260675411667 0.00010809642200837466 0.9302260675411667 0.9302260675411667 0.9302260675411667 0.9302260675411667 0.00010809642200837466 0.9302260675411667
17-66136193-A-C 0.00010809642200837466 0.9302260675411667 0.9302260675411667 0.9302260675411667 0.9302260675411667 0.00010809642200837466 0.9302260675411667 0.9302260675411667 0.9302260675411667 0.9302260675411667 0.9302260675411667 0.9302260675411667 0.00010809642200837466 0.9302260675411667 0.9302260675411667 0.9302260675411667 0.9302260675411667 0.9302260675411667 0.9302260675411667 0.9302260675411667 0.9302260675411667 0.9302260675411667 0.9302260675411667 0.9302260675411667
10-110945432-A-G 0.9302260675411667 0.9302260675411667 0.9302260675411667 0.9302260675411667 0.9302260675411667 0.9302260675411667 0.9302260675411667 0.9302260675411667 0.9302260675411667 0.9302260675411667 0.9302260675411667 0.00010809642200837466 0.9302260675411667 0.9302260675411667 0.9302260675411667 0.9302260675411667 0.9302260675411667 0.9302260675411667 0.9302260675411667 0.9302260675411667 0.00010809642200837466 0.9302260675411667 0.9302260675411667 0.9302260675411667
2-173920423-C-A 0.9302260675411667 0.9302260675411667 0.9302260675411667 0.9302260675411667 0.9302260675411667 0.9302260675411667 0.00010809642200837466 0.9302260675411667 0.9302260675411667 0.9302260675411667 0.9302260675411667 0.9302260675411667 0.9302260675411667 0.9302260675411667 0.9302260675411667 0.00010809642200837466 0.9302260675411667 0.9302260675411667 0.9302260675411667 0.9302260675411667 0.9302260675411667 0.9302260675411667 0.9302260675411667 0.9302260675411667
11-16910033-C-G 0.9302260675411667 0.9302260675411667 0.9302260675411667 0.9302260675411667 0.9302260675411667 0.9302260675411667 0.9302260675411667 0.9302260675411667 0.9302260675411667 0.9302260675411667 0.9302260675411667 0.9302260675411667 0.9302260675411667 0.00010809642200837466 0.9302260675411667 0.9302260675411667 0.9302260675411667 0.9302260675411667 0.9302260675411667 0.9302260675411667 0.9302260675411667 0.9302260675411667 0.9302260675411667 0.00010809642200837466
5-24423635-T-C 0.9302260675411667 0.9302260675411667 0.9302260675411667 0.9302260675411667 0.9302260675411667 0.9302260675411667 0.9302260675411667 0.9302260675411667 0.9302260675411667 0.9302260675411667 0.9302260675411667 0.00010809642200837466 0.9302260675411667 0.9302260675411667 0.9302260675411667 0.9302260675411667 0.9302260675411667 0.9302260675411667 0.9302260675411667 0.9302260675411667 0.00010809642200837466 0.9302260675411667 0.9302260675411667 0.9302260675411667
2-83736468-A-C 0.9302260675411667 0.9302260675411667 0.9302260675411667 0.9302260675411667 0.9302260675411667 0.9302260675411667 0.9302260675411667 0.9302260675411667 0.00010809642200837466 0.9302260675411667 0.00010809642200837466 0.9302260675411667 0.9302260675411667 0.9302260675411667 0.9302260675411667 0.9302260675411667 0.9302260675411667 0.9302260675411667 0.9302260675411667 0.9302260675411667 0.9302260675411667 0.9302260675411667 0.9302260675411667 0.9302260675411667
4-118480518-T-A 0.00010809642200837466 0.9302260675411667 0.9302260675411667 0.9302260675411667 0.9302260675411667 0.00010809642200837466 0.9302260675411667 0.9302260675411667 0.9302260675411667 0.9302260675411667 0.9302260675411667 0.9302260675411667 0.00010809642200837466 0.9302260675411667 0.00010809642200837466 0.9302260675411667 0.9302260675411667 0.9302260675411667 0.9302260675411667 0.9302260675411667 0.9302260675411667 0.9302260675411667 0.9302260675411667 0.9302260675411667
13-23710640-C-T 0.00010809642200837466 0.00010809642200837466 0.00010809642200837466 0.00010809642200837466 0.00010809642200837466 0.00010809642200837466 0.00010809642200837466 0.00010809642200837466 0.00010809642200837466 0.00010809642200837466 0.00010809642200837466 0.00010809642200837466 0.00010809642200837466 0.00010809642200837466 0.00010809642200837466 0.00010809642200837466 0.00010809642200837466 0.00010809642200837466 0.00010809642200837466 0.00010809642200837466 0.00010809642200837466 0.00010809642200837466 0.00010809642200837466 0.9302260675411667
18-76302129-C-T 0.00010809642200837466 0.9302260675411667 0.9302260675411667 0.9302260675411667 0.9302260675411667 0.00010809642200837466 0.9302260675411667 0.9302260675411667 0.00010809642200837466 0.9302260675411667 0.00010809642200837466 0.9302260675411667 0.00010809642200837466 0.9302260675411667 0.00010809642200837466 0.9302260675411667 0.9302260675411667 0.00010809642200837466 0.9302260675411667 0.9302260675411667 0.9302260675411667 0.9302260675411667 0.00010809642200837466 0.9302260675411667
17-23386067-G-C 0.9302260675411667 0.9302260675411667 0.9302260675411667 0.9302260675411667 0.9302260675411667 0.9302260675411667 0.9302260675411667 0.9302260675411667 0.00010809642200837466 0.9302260675411667 0.00010809642200837466 0.9302260675411667 0.9302260675411667 0.9302260675411667 0.9302260675411667 0.9302260675411667 0.9302260675411667 0.9302260675411667 0.9302260675411667 0.9302260675411667 0.9302260675411667 0.9302260675411667 0.9302260675411667 0.9302260675411667
9-104023335-G-A 0.00010809642200837466 0.00010809642200837466 0.00010809642200837466 0.9302260675411667 0.00010809642200837466 0.00010809642200837466 0.00010809642200837466 0.00010809642200837466 0.00010809642200837466 0.00010809642200837466 0.00010809642200837466 0.00010809642200837466 0.00010809642200837466 0.00010809642200837466 0.00010809642200837466 0.00010809642200837466 0.00010809642200837466 0.00010809642200837466 0.00010809642200837466 0.00010809642200837466 0.00010809642200837466 0.00010809642200837466 0.9302260675411667 0.00010809642200837466
15-94341073-G-C 0.00010809642200837466 0.9302260675411667 0.00010809642200837466 0.00010809642200837466 0.00010809642200837466 0.00010809642200837466 0.00010809642200837466 0.9302260675411667 0.00010809642200837466 0.9302260675411667 0.00010809642200837466 0.00010809642200837466 0.00010809642200837466 0.00010809642200837466 0.00010809642200837466 0.00010809642200837466 0.00010809642200837466 0.00010809642200837466 0.00010809642200837466 0.00010809642200837466 0.00010809642200837466 0.00010809642200837466 0.00010809642200837466 0.00010809642200837466
3-93212111-G-A 0.9302260675411667 0.9302260675411667 0.9302260675411667 0.9302260675411667 0.9302260675411667 0.9302260675411667 0.9302260675411667 0.9302260675411667 0.00010809642200837466 0.9302260675411667 0.00010809642200837466 0.9302260675411667 0.9302260675411667 0.9302260675411667 0.9302260675411667 0.9302260675411667 0.9302260675411667 0.9302260675411667 0.9302260675411667 0.9302260675411667 0.9302260675411667 0.9302260675411667 0.9302260675411667 0.9302260675411667
14-14176070-T-C 0.00010809642200837466 0.9302260675411667 0.9302260675411667 0.9302260675411667 0.9302260675411667 0.00010809642200837466 0.9302260675411667 0.9302260675411667 0.9302260675411667 0.9302260675411667 0.9302260675411667 0.9302260675411667 0.00010809642200837466 0.9302260675411667 0.00010809642200837466 0.9302260675411667 0.9302260675411667 0.9302260675411667 0.9302260675411667 0.9302260675411667 0.9302260675411667 0.9302260675411667 0.9302260675411667 0.9302260675411667
8-13386624-T-G 0.9302260675411667 0.9302260675411667 0.9302260675411667 0.00010809642200837466 0.9302260675411667 0.9302260675411667 0.9302260675411667 0.9302260675411667 0.9302260675411667 0.9302260675411667 0.9302260675411667 0.9302260675411667 0.9302260675411667 0.9302260675411667 0.9302260675411667 0.9302260675411667 0.00010809642200837466 0.9302260675411667 0.9302260675411667 0.00010809642200837466 0.9302260675411667 0.9302260675411667 0.9302260675411667 0.9302260675411667
17-37850505-T-C 0.9302260675411667 0.00010809642200837466 0.9302260675411667 0.9302260675411667 0.00010809642200837466 0.9302260675411667 0.00010809642200837466 0.00010809642200837466 0.9302260675411667 0.00010809642200837466 0.9302260675411667 0.9302260675411667 0.9302260675411667 0.9302260675411667 0.9302260675411667 0.9302260675411667 0.9302260675411667 0.9302260675411667 0.9302260675411667 0.9302260675411667 0.9302260675411667 0.9302260675411667 0.9302260675411667 0.9302260675411667
6-136329966-G-A 0.9302260675411667 0.00010809642200837466 0.00010809642200837466 0.00010809642200837466 0.00010809642200837466 0.9302260675411667 0.00010809642200837466 0.00010809642200837466 0.00010809642200837466 0.00010809642200837466 0.00010809642200837466 0.00010809642200837466 0.9302260675411667 0.00010809642200837466 0.9302260675411667 0.00010809642200837466 0.00010809642200837466 0.00010809642200837466 0.00010809642200837466 0.00010809642200837466 0.00010809642200837466 0.00010809642200837466 0.00010809642200837466 0.00010809642200837466
1-5602235-T-C 0.00010809642200837466 0.9302260675411667 0.9302260675411667 0.9302260675411667 0.9302260675411667 0.00010809642200837466 0.9302260675411667 0.9302260675411667 0.9302260675411667 0.9302260675411667 0.9302260675411667 0.9302260675411667 0.00010809642200837466 0.9302260675411667 0.9302260675411667 0.9302260675411667 0.9302260675411667 0.9302260675411667 0.9302260675411667 0.9302260675411667 0.9302260675411667 0.9302260675411667 0.9302260675411667 0.9302260675411667
19-61226316-T-C 0.00010809642200837466 0.00010809642200837466 0.00010809642200837466 0.00010809642200837466 0.00010809642200837466 0.00010809642200837466 0.00010809642200837466 0.00010809642200837466 0.00010809642200837466 0.00010809642200837466 0.00010809642200837466 0.00010809642200837466 0.00010809642200837466 0.00010809642200837466 0.00010809642200837466 0.00010809642200837466 0.00010809642200837466 0.9302260675411667 0.00010809642200837466 0.00010809642200837466 0.00010809642200837466 0.00010809642200837466 0.00010809642200837466 0.00010809642200837466
8-92889276-A-T 0.9302260675411667 0.9302260675411667 0.9302260675411667 0.9302260675411667 0.9302260675411667 0.9302260675411667 0.9302260675411667 0.9302260675411667 0.9302260675411667 0.9302260675411667 0.9302260675411667 0.00010809642200837466 0.9302260675411667 0.9302260675411667 0.9302260675411667 0.9302260675411667 0.9302260675411667 0.9302260675411667 0.9302260675411667 0.9302260675411667 0.00010809642200837466 0.9302260675411667 0.9302260675411667 0.9302260675411667
10-107686444-A-G 0.00010809642200837466 0.9302260675411667 0.9302260675411667 0.9302260675411667 0.9302260675411667 0.00010809642200837466 0.9302260675411667 0.9302260675411667 0.9302260675411667 0.9302260675411667 0.9302260675411667 0.9302260675411667 0.00010809642200837466 0.9302260675411667 0.00010809642200837466 0.9302260675411667 0.9302260675411667 0.9302260675411667 0.9302260675411667 0.9302260675411667 0.9302260675411667 0.9302260675411667 0.9302260675411667 0.9302260675411667
17-36187715-G-A 0.9302260675411667 0.9302260675411667 0.9302260675411667 0.9302260675411667 0.9302260675411667 0.9302260675411667 0.9302260675411667 0.9302260675411667 0.00010809642200837466 0.9302260675411667 0.00010809642200837466 0.9302260675411667 0.9302260675411667 0.9302260675411667 0.9302260675411667 0.9302260675411667 0.9302260675411667 0.9302260675411667 0.9302260675411667 0.9302260675411667 0.9302260675411667 0.9302260675411667 0.9302260675411667 0.9302260675411667
3-130568197-G-T 0.00010809642200837466 0.9302260675411667 0.9302260675411667 0.9302260675411667 0.9302260675411667 0.00010809642200837466 0.9302260675411667 0.9302260675411667 0.00010809642200837466 0.9302260675411667 0.00010809642200837466 0.9302260675411667 0.00010809642200837466 0.9302260675411667 0.00010809642200837466 0.9302260675411667 0.9302260675411667 0.9302260675411667 0.9302260675411667 0.9302260675411667 0.9302260675411667 0.9302260675411667 0.00010809642200837466 0.9302260675411667
17-13028189-G-T 0.9302260675411667 0.9302260675411667 0.9302260675411667 0.9302260675411667 0.9302260675411667 0.9302260675411667 0.9302260675411667 0.9302260675411667 0.9302260675411667 0.9302260675411667 0.9302260675411667 0.00010809642200837466 0.9302260675411667 0.9302260675411667 0.9302260675411667 0.9302260675411667 0.9302260675411667 0.9302260675411667 0.9302260675411667 0.9302260675411667 0.00010809642200837466 0.9302260675411667 0.9302260675411667 0.9302260675411667
7-141392364-C-A 0.9302260675411667 0.9302260675411667 0.9302260675411667 0.00010809642200837466 0.9302260675411667 0.9302260675411667 0.9302260675411667 0.9302260675411667 0.9302260675411667 0.9302260675411667 0.9302260675411667 0.9302260675411667 0.9302260675411667 0.9302260675411667 0.9302260675411667 0.9302260675411667 0.00010809642200837466 0.9302260675411667 0.9302260675411667 0.00010809642200837466 0.9302260675411667 0.9302260675411667 0.9302260675411667 0.9302260675411667
3-93212111-G-A 0.9302260675411667 0.9302260675411667 0.9302260675411667 0.9302260675411667 0.9302260675411667 0.9302260675411667 0.9302260675411667 0.9302260675411667 0.00010809642200837466 0.9302260675411667 0.00010809642200837466 0.9302260675411667 0.9302260675411667 0.9302260675411667 0.9302260675411667 0.9302260675411667 0.9302260675411667 0.9302260675411667 0.9302260675411667 0.9302260675411667 0.9302260675411667 0.9302260675411667 0.9302260675411667 0.9302260675411667
6-4532005-A-C 0.00010809642200837466 0.9302260675411667 0.9302260675411667 0.9302260675411667 0.9302260675411667 0.00010809642200837466 0.9302260675411667 0.9302260675411667 0.9302260675411667 0.9302260675411667 0.9302260675411667 0.9302260675411667 0.00010809642200837466 0.9302260675411667 0.00010809642200837466 0.9302260675411667 0.9302260675411667 0.9302260675411667 0.9302260675411667 0.9302260675411667 0.9302260675411667 0.9302260675411667 0.9302260675411667 0.9302260675411667
8-41210254-A-T 0.00010809642200837466 0.00010809642200837466 0.00010809642200837466 0.00010809642200837466 0.00010809642200837466 0.00010809642200837466 0.00010809642200837466 0.9302260675411667 0.00010809642200837466 0.00010809642200837466 0.00010809642200837466 0.00010809642200837466 0.00010809642200837466 0.00010809642200837466 0.00010809642200837466 0.00010809642200837466 0.00010809642200837466 0.00010809642200837466 0.00010809642200837466 0.00010809642200837466 0.00010809642200837466 0.00010809642200837466 0.00010809642200837466 0.00010809642200837466
5-122880997-C-T 0.00010809642200837466 0.9302260675411667 0.9302260675411667 0.9302260675411667 0.9302260675411667 0.00010809642200837466 0.9302260675411667 0.9302260675411667 0.00010809642200837466 0.9302260675411667 0.00010809642200837466 0.9302260675411667 0.00010809642200837466 0.9302260675411667 0.00010809642200837466 0.9302260675411667 0.9302260675411667 0.00010809642200837466 0.9302260675411667 0.9302260675411667 0.9302260675411667 0.9302260675411667 0.00010809642200837466 0.9302260675411667
5-107497711-T-A 0.00010809642200837466 0.00010809642200837466 0.00010809642200837466 0.00010809642200837466 0.00010809642200837466 0.00010809642200837466 0.00010809642200837466 0.00010809642200837466 0.00010809642200837466 0.00010809642200837466 0.00010809642200837466 0.00010809642200837466 0.00010809642200837466 0.00010809642200837466 0.00010809642200837466 0.00010809642200837466 0.00010809642200837466 0.00010809642200837466 0.00010809642200837466 0.00010809642200837466 0.00010809642200837466 0.9302260675411667 0.00010809642200837466 0.9302260675411667
2-139547207-A-C 0.9302260675411667 0.9302260675411667 0.9302260675411667 0.9302260675411667 0.9302260675411667 0.9302260675411667 0.9302260675411667 0.9302260675411667 0.00010809642200837466 0.9302260675411667 0.00010809642200837466 0.9302260675411667 0.9302260675411667 0.9302260675411667 0.9302260675411667 0.9302260675411667 0.9302260675411667 0.9302260675411667 0.9302260675411667 0.9302260675411667 0.9302260675411667 0.9302260675411667 0.9302260675411667 0.9302260675411667
19-61226752-C-T 0.9302260675411667 0.9302260675411667 0.9302260675411667 0.9302260675411667 0.9302260675411667 0.9302260675411667 0.9302260675411667 0.9302260675411667 0.9302260675411667 0.9302260675411667 0.9302260675411667 0.9302260675411667 0.9302260675411667 0.00010809642200837466 0.9302260675411667 0.9302260675411667 0.9302260675411667 0.9302260675411667 0.9302260675411667 0.9302260675411667 0.9302260675411667 0.9302260675411667 0.9302260675411667 0.00010809642200837466
11-97730881-C-A 0.00010809642200837466 0.9302260675411667 0.9302260675411667 0.9302260675411667 0.9302260675411667 0.00010809642200837466 0.9302260675411667 0.9302260675411667 0.9302260675411667 0.9302260675411667 0.9302260675411667 0.9302260675411667 0.00010809642200837466 0.9302260675411667 0.00010809642200837466 0.9302260675411667 0.9302260675411667 0.9302260675411667 0.9302260675411667 0.9302260675411667 0.9302260675411667 0.9302260675411667 0.00010809642200837466 0.9302260675411667
6-49423305-G-A 0.9302260675411667 0.00010809642200837466 0.00010809642200837466 0.00010809642200837466 0.00010809642200837466 0.9302260675411667 0.00010809642200837466 0.00010809642200837466 0.00010809642200837466 0.00010809642200837466 0.00010809642200837466 0.00010809642200837466 0.9302260675411667 0.00010809642200837466 0.9302260675411667 0.00010809642200837466 0.00010809642200837466 0.00010809642200837466 0.00010809642200837466 0.00010809642200837466 0.00010809642200837466 0.00010809642200837466 0.00010809642200837466 0.00010809642200837466
15-32609097-C-A 0.00010809642200837466 0.9302260675411667 0.9302260675411667 0.9302260675411667 0.9302260675411667 0.00010809642200837466 0.9302260675411667 0.9302260675411667 0.9302260675411667 0.9302260675411667 0.9302260675411667 0.9302260675411667 0.00010809642200837466 0.9302260675411667 0.00010809642200837466 0.9302260675411667 0.9302260675411667 0.9302260675411667 0.9302260675411667 0.9302260675411667 0.9302260675411667 0.9302260675411667 0.9302260675411667 0.9302260675411667
18-49951353-A-T 0.9302260675411667 0.9302260675411667 0.9302260675411667 0.9302260675411667 0.9302260675411667 0.9302260675411667 0.9302260675411667 0.9302260675411667 0.9302260675411667 0.9302260675411667 0.9302260675411667 0.00010809642200837466 0.9302260675411667 0.9302260675411667 0.9302260675411667 0.9302260675411667 0.9302260675411667 0.9302260675411667 0.00010809642200837466 0.9302260675411667 0.00010809642200837466 0.00010809642200837466 0.9302260675411667 0.9302260675411667
14-34044032-A-C 0.9302260675411667 0.00010809642200837466 0.9302260675411667 0.9302260675411667 0.9302260675411667 0.9302260675411667 0.00010809642200837466 0.00010809642200837466 0.9302260675411667 0.00010809642200837466 0.9302260675411667 0.9302260675411667 0.9302260675411667 0.9302260675411667 0.9302260675411667 0.9302260675411667 0.9302260675411667 0.9302260675411667 0.9302260675411667 0.9302260675411667 0.9302260675411667 0.9302260675411667 0.9302260675411667 0.9302260675411667
6-120758667-T-A 0.00010809642200837466 0.9302260675411667 0.9302260675411667 0.9302260675411667 0.9302260675411667 0.9302260675411667 0.9302260675411667 0.9302260675411667 0.9302260675411667 0.9302260675411667 0.9302260675411667 0.9302260675411667 0.00010809642200837466 0.9302260675411667 0.9302260675411667 0.9302260675411667 0.9302260675411667 0.9302260675411667 0.9302260675411667 0.9302260675411667 0.9302260675411667 0.9302260675411667 0.9302260675411667 0.9302260675411667
13-63945804-T-A 0.00010809642200837466 0.9302260675411667 0.9302260675411667 0.9302260675411667 0.9302260675411667 0.00010809642200837466 0.9302260675411667 0.9302260675411667 0.9302260675411667 0.9302260675411667 0.9302260675411667 0.9302260675411667 0.00010809642200837466 0.9302260675411667 0.00010809642200837466 0.9302260675411667 0.9302260675411667 0.9302260675411667 0.9302260675411667 0.9302260675411667 0.9302260675411667 0.9302260675411667 0.00010809642200837466 0.9302260675411667
18-22105438-A-T 0.9302260675411667 0.9302260675411667 0.9302260675411667 0.9302260675411667 0.9302260675411667 0.9302260675411667 0.9302260675411667 0.9302260675411667 0.00010809642200837466 0.9302260675411667 0.00010809642200837466 0.9302260675411667 0.9302260675411667 0.9302260675411667 0.9302260675411667 0.9302260675411667 0.9302260675411667 0.9302260675411667 0.9302260675411667 0.9302260675411667 0.9302260675411667 0.9302260675411667 0.9302260675411667 0.9302260675411667
5-30013045-T-C 0.00010809642200837466 0.00010809642200837466 0.00010809642200837466 0.00010809642200837466 0.00010809642200837466 0.00010809642200837466 0.00010809642200837466 0.00010809642200837466 0.00010809642200837466 0.00010809642200837466 0.00010809642200837466 0.00010809642200837466 0.9302260675411667 0.00010809642200837466 0.00010809642200837466 0.00010809642200837466 0.00010809642200837466 0.00010809642200837466 0.00010809642200837466 0.00010809642200837466 0.00010809642200837466 0.00010809642200837466 0.9302260675411667 0.9302260675411667
2-172352894-C-T 0.9302260675411667 0.9302260675411667 0.9302260675411667 0.9302260675411667 0.9302260675411667 0.9302260675411667 0.9302260675411667 0.9302260675411667 0.00010809642200837466 0.9302260675411667 0.00010809642200837466 0.9302260675411667 0.9302260675411667 0.9302260675411667 0.9302260675411667 0.9302260675411667 0.9302260675411667 0.9302260675411667 0.9302260675411667 0.9302260675411667 0.9302260675411667 0.9302260675411667 0.9302260675411667 0.9302260675411667
11-70945039-T-G 0.00010809642200837466 0.9302260675411667 0.9302260675411667 0.9302260675411667 0.9302260675411667 0.00010809642200837466 0.9302260675411667 0.9302260675411667 0.00010809642200837466 0.9302260675411667 0.00010809642200837466 0.9302260675411667 0.00010809642200837466 0.9302260675411667 0.00010809642200837466 0.9302260675411667 0.9302260675411667 0.9302260675411667 0.9302260675411667 0.9302260675411667 0.9302260675411667 0.9302260675411667 0.00010809642200837466 0.9302260675411667
3-100140430-A-C 0.9302260675411667 0.9302260675411667 0.9302260675411667 0.9302260675411667 0.9302260675411667 0.9302260675411667 0.9302260675411667 0.9302260675411667 0.00010809642200837466 0.9302260675411667 0.00010809642200837466 0.9302260675411667 0.9302260675411667 0.9302260675411667 0.9302260675411667 0.9302260675411667 0.9302260675411667 0.9302260675411667 0.9302260675411667 0.9302260675411667 0.9302260675411667 0.9302260675411667 0.9302260675411667 0.9302260675411667
5-21222254-C-T 0.00010809642200837466 0.00010809642200837466 0.00010809642200837466 0.00010809642200837466 0.00010809642200837466 0.00010809642200837466 0.00010809642200837466 0.00010809642200837466 0.00010809642200837466 0.00010809642200837466 0.00010809642200837466 0.00010809642200837466 0.00010809642200837466 0.00010809642200837466 0.00010809642200837466 0.00010809642200837466 0.00010809642200837466 0.00010809642200837466 0.00010809642200837466 0.00010809642200837466 0.00010809642200837466 0.9302260675411667 0.00010809642200837466 0.00010809642200837466
8-13090886-T-G 0.9302260675411667 0.9302260675411667 0.9302260675411667 0.00010809642200837466 0.9302260675411667 0.9302260675411667 0.9302260675411667 0.9302260675411667 0.9302260675411667 0.9302260675411667 0.9302260675411667 0.9302260675411667 0.9302260675411667 0.9302260675411667 0.9302260675411667 0.9302260675411667 0.00010809642200837466 0.9302260675411667 0.9302260675411667 0.00010809642200837466 0.9302260675411667 0.9302260675411667 0.9302260675411667 0.9302260675411667
2-174422805-C-T 0.9302260675411667 0.00010809642200837466 0.9302260675411667 0.9302260675411667 0.9302260675411667 0.9302260675411667 0.00010809642200837466 0.00010809642200837466 0.9302260675411667 0.00010809642200837466 0.9302260675411667 0.9302260675411667 0.9302260675411667 0.9302260675411667 0.9302260675411667 0.9302260675411667 0.9302260675411667 0.9302260675411667 0.9302260675411667 0.9302260675411667 0.9302260675411667 0.9302260675411667 0.9302260675411667 0.9302260675411667
5-107511311-G-A 0.9302260675411667 0.9302260675411667 0.9302260675411667 0.9302260675411667 0.9302260675411667 0.9302260675411667 0.9302260675411667 0.9302260675411667 0.00010809642200837466 0.9302260675411667 0.00010809642200837466 0.9302260675411667 0.9302260675411667 0.9302260675411667 0.9302260675411667 0.9302260675411667 0.9302260675411667 0.9302260675411667 0.9302260675411667 0.9302260675411667 0.9302260675411667 0.9302260675411667 0.9302260675411667 0.9302260675411667
2-105389114-G-C 0.9302260675411667 0.00010809642200837466 0.9302260675411667 0.9302260675411667 0.9302260675411667 0.9302260675411667 0.00010809642200837466 0.9302260675411667 0.9302260675411667 0.9302260675411667 0.9302260675411667 0.9302260675411667 0.9302260675411667 0.9302260675411667 0.9302260675411667 0.9302260675411667 0.9302260675411667 0.9302260675411667 0.9302260675411667 0.9302260675411667 0.9302260675411667 0.9302260675411667 0.9302260675411667 0.9302260675411667
5-41808824-A-C 0.9302260675411667 0.9302260675411667 0.9302260675411667 0.9302260675411667 0.9302260675411667 0.9302260675411667 0.9302260675411667 0.9302260675411667 0.9302260675411667 0.9302260675411667 0.9302260675411667 0.00010809642200837466 0.9302260675411667 0.9302260675411667 0.9302260675411667 0.9302260675411667 0.9302260675411667 0.9302260675411667 0.9302260675411667 0.9302260675411667 0.00010809642200837466 0.9302260675411667 0.9302260675411667 0.9302260675411667
15-96358955-T-C 0.9302260675411667 0.9302260675411667 0.9302260675411667 0.00010809642200837466 0.9302260675411667 0.9302260675411667 0.9302260675411667 0.9302260675411667 0.9302260675411667 0.9302260675411667 0.9302260675411667 0.9302260675411667 0.9302260675411667 0.9302260675411667 0.9302260675411667 0.9302260675411667 0.00010809642200837466 0.9302260675411667 0.9302260675411667 0.00010809642200837466 0.9302260675411667 0.9302260675411667 0.9302260675411667 0.9302260675411667
6-84575035-T-C 0.00010809642200837466 0.9302260675411667 0.9302260675411667 0.9302260675411667 0.9302260675411667 0.9302260675411667 0.9302260675411667 0.9302260675411667 0.9302260675411667 0.9302260675411667 0.9302260675411667 0.9302260675411667 0.00010809642200837466 0.9302260675411667 0.9302260675411667 0.9302260675411667 0.9302260675411667 0.9302260675411667 0.9302260675411667 0.9302260675411667 0.9302260675411667 0.9302260675411667 0.9302260675411667 0.9302260675411667
7-121943715-A-G 0.9302260675411667 0.9302260675411667 0.9302260675411667 0.9302260675411667 0.9302260675411667 0.9302260675411667 0.9302260675411667 0.9302260675411667 0.00010809642200837466 0.9302260675411667 0.00010809642200837466 0.9302260675411667 0.9302260675411667 0.9302260675411667 0.9302260675411667 0.9302260675411667 0.9302260675411667 0.9302260675411667 0.9302260675411667 0.9302260675411667 0.9302260675411667 0.9302260675411667 0.9302260675411667 0.9302260675411667
11-117760801-C-T 0.9302260675411667 0.9302260675411667 0.9302260675411667 0.00010809642200837466 0.9302260675411667 0.9302260675411667 0.9302260675411667 0.9302260675411667 0.9302260675411667 0.9302260675411667 0.9302260675411667 0.9302260675411667 0.9302260675411667 0.9302260675411667 0.9302260675411667 0.9302260675411667 0.00010809642200837466 0.9302260675411667 0.9302260675411667 0.00010809642200837466 0.9302260675411667 0.9302260675411667 0.9302260675411667 0.9302260675411667
5-107478416-A-C 0.9302260675411667 0.9302260675411667 0.9302260675411667 0.00010809642200837466 0.9302260675411667 0.9302260675411667 0.9302260675411667 0.9302260675411667 0.9302260675411667 0.9302260675411667 0.9302260675411667 0.9302260675411667 0.9302260675411667 0.9302260675411667 0.9302260675411667 0.9302260675411667 0.00010809642200837466 0.9302260675411667 0.9302260675411667 0.00010809642200837466 0.9302260675411667 0.9302260675411667 0.9302260675411667 0.9302260675411667
17-20814579-T-A 0.9302260675411667 0.9302260675411667 0.9302260675411667 0.00010809642200837466 0.9302260675411667 0.9302260675411667 0.9302260675411667 0.9302260675411667 0.9302260675411667 0.9302260675411667 0.9302260675411667 0.9302260675411667 0.9302260675411667 0.9302260675411667 0.9302260675411667 0.9302260675411667 0.00010809642200837466 0.9302260675411667 0.9302260675411667 0.00010809642200837466 0.9302260675411667 0.9302260675411667 0.9302260675411667 0.9302260675411667
9-65484286-A-G 0.00010809642200837466 0.9302260675411667 0.9302260675411667 0.9302260675411667 0.9302260675411667 0.00010809642200837466 0.9302260675411667 0.9302260675411667 0.9302260675411667 0.9302260675411667 0.9302260675411667 0.9302260675411667 0.00010809642200837466 0.9302260675411667 0.00010809642200837466 0.9302260675411667 0.9302260675411667 0.9302260675411667 0.9302260675411667 0.9302260675411667 0.9302260675411667 0.9302260675411667 0.9302260675411667 0.9302260675411667
7-97371556-A-C 0.9302260675411667 0.00010809642200837466 0.9302260675411667 0.9302260675411667 0.9302260675411667 0.9302260675411667 0.00010809642200837466 0.00010809642200837466 0.9302260675411667 0.00010809642200837466 0.9302260675411667 0.9302260675411667 0.9302260675411667 0.9302260675411667 0.9302260675411667 0.9302260675411667 0.9302260675411667 0.9302260675411667 0.9302260675411667 0.9302260675411667 0.9302260675411667 0.9302260675411667 0.9302260675411667 0.9302260675411667
16-35967877-T-C 0.00010809642200837466 0.00010809642200837466 0.9302260675411667 0.00010809642200837466 0.9302260675411667 0.00010809642200837466 0.00010809642200837466 0.00010809642200837466 0.00010809642200837466 0.00010809642200837466 0.00010809642200837466 0.00010809642200837466 0.00010809642200837466 0.00010809642200837466 0.9302260675411667 0.00010809642200837466 0.00010809642200837466 0.00010809642200837466 0.00010809642200837466 0.00010809642200837466 0.00010809642200837466 0.00010809642200837466 0.00010809642200837466 0.00010809642200837466
2-120773881-A-G 0.9302260675411667 0.00010809642200837466 0.9302260675411667 0.9302260675411667 0.9302260675411667 0.9302260675411667 0.00010809642200837466 0.9302260675411667 0.9302260675411667 0.9302260675411667 0.9302260675411667 0.9302260675411667 0.9302260675411667 0.9302260675411667 0.9302260675411667 0.9302260675411667 0.9302260675411667 0.9302260675411667 0.9302260675411667 0.9302260675411667 0.9302260675411667 0.9302260675411667 0.9302260675411667 0.9302260675411667
6-18380980-G-A 0.9302260675411667 0.00010809642200837466 0.00010809642200837466 0.00010809642200837466 0.00010809642200837466 0.9302260675411667 0.00010809642200837466 0.00010809642200837466 0.00010809642200837466 0.00010809642200837466 0.00010809642200837466 0.00010809642200837466 0.9302260675411667 0.00010809642200837466 0.9302260675411667 0.00010809642200837466 0.00010809642200837466 0.00010809642200837466 0.00010809642200837466 0.00010809642200837466 0.00010809642200837466 0.00010809642200837466 0.00010809642200837466 0.00010809642200837466
6-23072867-T-C 0.9302260675411667 0.9302260675411667 0.9302260675411667 0.9302260675411667 0.9302260675411667 0.9302260675411667 0.9302260675411667 0.9302260675411667 0.9302260675411667 0.9302260675411667 0.9302260675411667 0.00010809642200837466 0.9302260675411667 0.9302260675411667 0.9302260675411667 0.9302260675411667 0.9302260675411667 0.9302260675411667 0.9302260675411667 0.9302260675411667 0.00010809642200837466 0.9302260675411667 0.9302260675411667 0.9302260675411667
1-171285072-C-G 0.00010809642200837466 0.9302260675411667 0.9302260675411667 0.9302260675411667 0.9302260675411667 0.00010809642200837466 0.9302260675411667 0.9302260675411667 0.9302260675411667 0.9302260675411667 0.9302260675411667 0.9302260675411667 0.00010809642200837466 0.9302260675411667 0.9302260675411667 0.9302260675411667 0.9302260675411667 0.9302260675411667 0.9302260675411667 0.9302260675411667 0.9302260675411667 0.9302260675411667 0.9302260675411667 0.9302260675411667
12-79239875-G-A 0.9302260675411667 0.9302260675411667 0.9302260675411667 0.00010809642200837466 0.9302260675411667 0.9302260675411667 0.9302260675411667 0.9302260675411667 0.9302260675411667 0.9302260675411667 0.9302260675411667 0.9302260675411667 0.9302260675411667 0.9302260675411667 0.9302260675411667 0.9302260675411667 0.00010809642200837466 0.9302260675411667 0.9302260675411667 0.00010809642200837466 0.9302260675411667 0.9302260675411667 0.9302260675411667 0.9302260675411667
15-75982084-T-C 0.9302260675411667 0.9302260675411667 0.9302260675411667 0.00010809642200837466 0.9302260675411667 0.9302260675411667 0.9302260675411667 0.9302260675411667 0.9302260675411667 0.9302260675411667 0.9302260675411667 0.9302260675411667 0.9302260675411667 0.9302260675411667 0.9302260675411667 0.9302260675411667 0.00010809642200837466 0.9302260675411667 0.9302260675411667 0.00010809642200837466 0.9302260675411667 0.9302260675411667 0.9302260675411667 0.9302260675411667
15-76189075-T-C 0.9302260675411667 0.00010809642200837466 0.9302260675411667 0.9302260675411667 0.9302260675411667 0.9302260675411667 0.00010809642200837466 0.9302260675411667 0.9302260675411667 0.9302260675411667 0.9302260675411667 0.9302260675411667 0.9302260675411667 0.9302260675411667 0.9302260675411667 0.9302260675411667 0.9302260675411667 0.9302260675411667 0.9302260675411667 0.9302260675411667 0.9302260675411667 0.9302260675411667 0.9302260675411667 0.9302260675411667
7-16675732-G-A 0.00010809642200837466 0.9302260675411667 0.9302260675411667 0.9302260675411667 0.9302260675411667 0.00010809642200837466 0.9302260675411667 0.9302260675411667 0.00010809642200837466 0.9302260675411667 0.00010809642200837466 0.9302260675411667 0.00010809642200837466 0.9302260675411667 0.00010809642200837466 0.9302260675411667 0.9302260675411667 0.00010809642200837466 0.9302260675411667 0.9302260675411667 0.9302260675411667 0.9302260675411667 0.00010809642200837466 0.9302260675411667
9-104034515-C-T 0.00010809642200837466 0.00010809642200837466 0.00010809642200837466 0.9302260675411667 0.00010809642200837466 0.00010809642200837466 0.00010809642200837466 0.00010809642200837466 0.00010809642200837466 0.00010809642200837466 0.00010809642200837466 0.00010809642200837466 0.00010809642200837466 0.00010809642200837466 0.00010809642200837466 0.00010809642200837466 0.00010809642200837466 0.00010809642200837466 0.00010809642200837466 0.00010809642200837466 0.00010809642200837466 0.00010809642200837466 0.9302260675411667 0.00010809642200837466
9-39394148-C-G 0.9302260675411667 0.9302260675411667 0.9302260675411667 0.9302260675411667 0.9302260675411667 0.9302260675411667 0.9302260675411667 0.9302260675411667 0.9302260675411667 0.9302260675411667 0.9302260675411667 0.00010809642200837466 0.9302260675411667 0.9302260675411667 0.9302260675411667 0.9302260675411667 0.9302260675411667 0.9302260675411667 0.9302260675411667 0.9302260675411667 0.00010809642200837466 0.9302260675411667 0.9302260675411667 0.9302260675411667
5-33843720-A-C 0.00010809642200837466 0.9302260675411667 0.9302260675411667 0.9302260675411667 0.9302260675411667 0.9302260675411667 0.9302260675411667 0.9302260675411667 0.9302260675411667 0.9302260675411667 0.9302260675411667 0.9302260675411667 0.00010809642200837466 0.9302260675411667 0.9302260675411667 0.9302260675411667 0.9302260675411667 0.9302260675411667 0.9302260675411667 0.9302260675411667 0.9302260675411667 0.9302260675411667 0.9302260675411667 0.9302260675411667
8-77409713-T-G 0.9302260675411667 0.9302260675411667 0.9302260675411667 0.9302260675411667 0.9302260675411667 0.9302260675411667 0.9302260675411667 0.9302260675411667 0.9302260675411667 0.9302260675411667 0.9302260675411667 0.00010809642200837466 0.9302260675411667 0.9302260675411667 0.9302260675411667 0.9302260675411667 0.9302260675411667 0.9302260675411667 0.9302260675411667 0.9302260675411667 0.00010809642200837466 0.9302260675411667 0.9302260675411667 0.9302260675411667
3-41711211-A-G 0.9302260675411667 0.00010809642200837466 0.9302260675411667 0.9302260675411667 0.9302260675411667 0.9302260675411667 0.00010809642200837466 0.00010809642200837466 0.9302260675411667 0.00010809642200837466 0.9302260675411667 0.9302260675411667 0.9302260675411667 0.9302260675411667 0.9302260675411667 0.9302260675411667 0.9302260675411667 0.9302260675411667 0.9302260675411667 0.9302260675411667 0.9302260675411667 0.9302260675411667 0.9302260675411667 0.9302260675411667
13-65607971-T-G 0.9302260675411667 0.9302260675411667 0.9302260675411667 0.9302260675411667 0.9302260675411667 0.9302260675411667 0.9302260675411667 0.9302260675411667 0.9302260675411667 0.9302260675411667 0.9302260675411667 0.00010809642200837466 0.9302260675411667 0.9302260675411667 0.9302260675411667 0.9302260675411667 0.9302260675411667 0.9302260675411667 0.9302260675411667 0.9302260675411667 0.00010809642200837466 0.9302260675411667 0.9302260675411667 0.9302260675411667
5-122880997-C-T 0.00010809642200837466 0.9302260675411667 0.9302260675411667 0.9302260675411667 0.9302260675411667 0.00010809642200837466 0.9302260675411667 0.9302260675411667 0.00010809642200837466 0.9302260675411667 0.00010809642200837466 0.9302260675411667 0.00010809642200837466 0.9302260675411667 0.00010809642200837466 0.9302260675411667 0.9302260675411667 0.00010809642200837466 0.9302260675411667 0.9302260675411667 0.9302260675411667 0.9302260675411667 0.00010809642200837466 0.9302260675411667
11-57217910-A-T 0.9302260675411667 0.9302260675411667 0.9302260675411667 0.9302260675411667 0.9302260675411667 0.9302260675411667 0.9302260675411667 0.9302260675411667 0.9302260675411667 0.9302260675411667 0.9302260675411667 0.00010809642200837466 0.9302260675411667 0.9302260675411667 0.9302260675411667 0.9302260675411667 0.9302260675411667 0.9302260675411667 0.9302260675411667 0.9302260675411667 0.00010809642200837466 0.9302260675411667 0.9302260675411667 0.9302260675411667
1-105693099-T-C 0.9302260675411667 0.9302260675411667 0.9302260675411667 0.9302260675411667 0.9302260675411667 0.9302260675411667 0.9302260675411667 0.9302260675411667 0.9302260675411667 0.9302260675411667 0.9302260675411667 0.00010809642200837466 0.9302260675411667 0.9302260675411667 0.9302260675411667 0.9302260675411667 0.9302260675411667 0.9302260675411667 0.9302260675411667 0.9302260675411667 0.00010809642200837466 0.9302260675411667 0.9302260675411667 0.9302260675411667
13-77742684-C-T 0.00010809642200837466 0.00010809642200837466 0.00010809642200837466 0.00010809642200837466 0.00010809642200837466 0.00010809642200837466 0.00010809642200837466 0.00010809642200837466 0.00010809642200837466 0.00010809642200837466 0.00010809642200837466 0.00010809642200837466 0.00010809642200837466 0.00010809642200837466 0.00010809642200837466 0.00010809642200837466 0.00010809642200837466 0.00010809642200837466 0.00010809642200837466 0.00010809642200837466 0.00010809642200837466 0.00010809642200837466 0.00010809642200837466 0.9302260675411667
9-63281166-A-T 0.9302260675411667 0.9302260675411667 0.9302260675411667 0.9302260675411667 0.9302260675411667 0.9302260675411667 0.9302260675411667 0.9302260675411667 0.9302260675411667 0.9302260675411667 0.9302260675411667 0.9302260675411667 0.9302260675411667 0.00010809642200837466 0.9302260675411667 0.9302260675411667 0.9302260675411667 0.9302260675411667 0.9302260675411667 0.9302260675411667 0.9302260675411667 0.9302260675411667 0.9302260675411667 0.00010809642200837466
19-56381524-T-G 0.9302260675411667 0.9302260675411667 0.9302260675411667 0.9302260675411667 0.9302260675411667 0.9302260675411667 0.9302260675411667 0.9302260675411667 0.00010809642200837466 0.9302260675411667 0.00010809642200837466 0.9302260675411667 0.9302260675411667 0.9302260675411667 0.9302260675411667 0.9302260675411667 0.9302260675411667 0.9302260675411667 0.9302260675411667 0.9302260675411667 0.9302260675411667 0.9302260675411667 0.9302260675411667 0.9302260675411667
7-3797508-A-C 0.9302260675411667 0.9302260675411667 0.9302260675411667 0.9302260675411667 0.9302260675411667 0.9302260675411667 0.9302260675411667 0.9302260675411667 0.00010809642200837466 0.9302260675411667 0.00010809642200837466 0.9302260675411667 0.9302260675411667 0.9302260675411667 0.9302260675411667 0.9302260675411667 0.9302260675411667 0.9302260675411667 0.9302260675411667 0.9302260675411667 0.9302260675411667 0.9302260675411667 0.9302260675411667 0.9302260675411667
7-103442776-A-C 0.9302260675411667 0.00010809642200837466 0.9302260675411667 0.9302260675411667 0.9302260675411667 0.9302260675411667 0.00010809642200837466 0.9302260675411667 0.9302260675411667 0.9302260675411667 0.9302260675411667 0.9302260675411667 0.9302260675411667 0.9302260675411667 0.9302260675411667 0.9302260675411667 0.9302260675411667 0.9302260675411667 0.9302260675411667 0.9302260675411667 0.9302260675411667 0.9302260675411667 0.9302260675411667 0.9302260675411667
11-74156134-A-C 0.9302260675411667 0.9302260675411667 0.9302260675411667 0.9302260675411667 0.9302260675411667 0.9302260675411667 0.9302260675411667 0.9302260675411667 0.00010809642200837466 0.9302260675411667 0.00010809642200837466 0.9302260675411667 0.9302260675411667 0.9302260675411667 0.9302260675411667 0.9302260675411667 0.9302260675411667 0.9302260675411667 0.9302260675411667 0.9302260675411667 0.9302260675411667 0.9302260675411667 0.9302260675411667 0.9302260675411667
9-72061608-C-A 0.9302260675411667 0.9302260675411667 0.9302260675411667 0.9302260675411667 0.9302260675411667 0.9302260675411667 0.9302260675411667 0.9302260675411667 0.9302260675411667 0.9302260675411667 0.9302260675411667 0.9302260675411667 0.9302260675411667 0.00010809642200837466 0.9302260675411667 0.9302260675411667 0.9302260675411667 0.9302260675411667 0.9302260675411667 0.9302260675411667 0.9302260675411667 0.9302260675411667 0.9302260675411667 0.00010809642200837466
8-71990115-A-C 0.9302260675411667 0.9302260675411667 0.00010809642200837466 0.9302260675411667 0.9302260675411667 0.9302260675411667 0.9302260675411667 0.9302260675411667 0.9302260675411667 0.9302260675411667 0.9302260675411667 0.00010809642200837466 0.9302260675411667 0.9302260675411667 0.9302260675411667 0.9302260675411667 0.9302260675411667 0.9302260675411667 0.00010809642200837466 0.9302260675411667 0.00010809642200837466 0.00010809642200837466 0.9302260675411667 0.9302260675411667
2-122072820-A-C 0.00010809642200837466 0.00010809642200837466 0.00010809642200837466 0.00010809642200837466 0.00010809642200837466 0.00010809642200837466 0.00010809642200837466 0.00010809642200837466 0.00010809642200837466 0.00010809642200837466 0.00010809642200837466 0.9302260675411667 0.00010809642200837466 0.00010809642200837466 0.00010809642200837466 0.00010809642200837466 0.00010809642200837466 0.00010809642200837466 0.00010809642200837466 0.00010809642200837466 0.00010809642200837466 0.00010809642200837466 0.00010809642200837466 0.00010809642200837466
15-47857848-T-C 0.9302260675411667 0.9302260675411667 0.9302260675411667 0.9302260675411667 0.9302260675411667 0.9302260675411667 0.9302260675411667 0.9302260675411667 0.9302260675411667 0.9302260675411667 0.9302260675411667 0.00010809642200837466 0.9302260675411667 0.9302260675411667 0.9302260675411667 0.9302260675411667 0.9302260675411667 0.9302260675411667 0.9302260675411667 0.9302260675411667 0.00010809642200837466 0.9302260675411667 0.9302260675411667 0.9302260675411667
6-5156785-A-C 0.9302260675411667 0.00010809642200837466 0.00010809642200837466 0.00010809642200837466 0.00010809642200837466 0.9302260675411667 0.00010809642200837466 0.00010809642200837466 0.00010809642200837466 0.00010809642200837466 0.00010809642200837466 0.00010809642200837466 0.9302260675411667 0.00010809642200837466 0.9302260675411667 0.00010809642200837466 0.00010809642200837466 0.00010809642200837466 0.00010809642200837466 0.00010809642200837466 0.00010809642200837466 0.00010809642200837466 0.00010809642200837466 0.00010809642200837466
13-49703177-A-G 0.9302260675411667 0.00010809642200837466 0.9302260675411667 0.9302260675411667 0.9302260675411667 0.9302260675411667 0.00010809642200837466 0.9302260675411667 0.9302260675411667 0.9302260675411667 0.9302260675411667 0.9302260675411667 0.9302260675411667 0.9302260675411667 0.9302260675411667 0.9302260675411667 0.9302260675411667 0.9302260675411667 0.9302260675411667 0.9302260675411667 0.9302260675411667 0.9302260675411667 0.9302260675411667 0.9302260675411667
7-118780019-C-T 0.9302260675411667 0.00010809642200837466 0.9302260675411667 0.9302260675411667 0.9302260675411667 0.9302260675411667 0.00010809642200837466 0.00010809642200837466 0.9302260675411667 0.00010809642200837466 0.9302260675411667 0.9302260675411667 0.9302260675411667 0.9302260675411667 0.9302260675411667 0.9302260675411667 0.9302260675411667 0.9302260675411667 0.9302260675411667 0.9302260675411667 0.9302260675411667 0.9302260675411667 0.9302260675411667 0.9302260675411667
8-39456806-G-A 0.9302260675411667 0.9302260675411667 0.9302260675411667 0.9302260675411667 0.9302260675411667 0.9302260675411667 0.9302260675411667 0.9302260675411667 0.9302260675411667 0.9302260675411667 0.9302260675411667 0.9302260675411667 0.9302260675411667 0.00010809642200837466 0.9302260675411667 0.9302260675411667 0.9302260675411667 0.9302260675411667 0.9302260675411667 0.9302260675411667 0.9302260675411667 0.9302260675411667 0.9302260675411667 0.00010809642200837466
7-135695354-T-C 0.9302260675411667 0.00010809642200837466 0.9302260675411667 0.9302260675411667 0.9302260675411667 0.9302260675411667 0.00010809642200837466 0.9302260675411667 0.9302260675411667 0.9302260675411667 0.9302260675411667 0.9302260675411667 0.9302260675411667 0.9302260675411667 0.9302260675411667 0.9302260675411667 0.9302260675411667 0.9302260675411667 0.9302260675411667 0.9302260675411667 0.9302260675411667 0.9302260675411667 0.9302260675411667 0.9302260675411667
6-77485106-T-C 0.9302260675411667 0.9302260675411667 0.9302260675411667 0.9302260675411667 0.9302260675411667 0.9302260675411667 0.9302260675411667 0.9302260675411667 0.00010809642200837466 0.9302260675411667 0.00010809642200837466 0.9302260675411667 0.9302260675411667 0.9302260675411667 0.9302260675411667 0.9302260675411667 0.9302260675411667 0.9302260675411667 0.9302260675411667 0.9302260675411667 0.9302260675411667 0.9302260675411667 0.9302260675411667 0.9302260675411667
14-56778752-T-C 0.00010809642200837466 0.9302260675411667 0.9302260675411667 0.9302260675411667 0.9302260675411667 0.9302260675411667 0.9302260675411667 0.9302260675411667 0.9302260675411667 0.9302260675411667 0.9302260675411667 0.9302260675411667 0.00010809642200837466 0.9302260675411667 0.9302260675411667 0.9302260675411667 0.9302260675411667 0.9302260675411667 0.9302260675411667 0.9302260675411667 0.9302260675411667 0.9302260675411667 0.9302260675411667 0.9302260675411667
8-84021465-G-C 0.9302260675411667 0.9302260675411667 0.9302260675411667 0.9302260675411667 0.9302260675411667 0.9302260675411667 0.9302260675411667 0.9302260675411667 0.9302260675411667 0.9302260675411667 0.9302260675411667 0.9302260675411667 0.9302260675411667 0.00010809642200837466 0.9302260675411667 0.9302260675411667 0.9302260675411667 0.9302260675411667 0.9302260675411667 0.9302260675411667 0.9302260675411667 0.9302260675411667 0.9302260675411667 0.00010809642200837466
6-5156785-A-C 0.9302260675411667 0.00010809642200837466 0.00010809642200837466 0.00010809642200837466 0.00010809642200837466 0.9302260675411667 0.00010809642200837466 0.00010809642200837466 0.00010809642200837466 0.00010809642200837466 0.00010809642200837466 0.00010809642200837466 0.9302260675411667 0.00010809642200837466 0.9302260675411667 0.00010809642200837466 0.00010809642200837466 0.00010809642200837466 0.00010809642200837466 0.00010809642200837466 0.00010809642200837466 0.00010809642200837466 0.00010809642200837466 0.00010809642200837466
6-87845723-G-C 0.9302260675411667 0.9302260675411667 0.9302260675411667 0.00010809642200837466 0.9302260675411667 0.9302260675411667 0.9302260675411667 0.9302260675411667 0.9302260675411667 0.9302260675411667 0.9302260675411667 0.9302260675411667 0.9302260675411667 0.9302260675411667 0.9302260675411667 0.9302260675411667 0.00010809642200837466 0.9302260675411667 0.9302260675411667 0.00010809642200837466 0.9302260675411667 0.9302260675411667 0.9302260675411667 0.9302260675411667
16-28564720-A-C 0.9302260675411667 0.9302260675411667 0.9302260675411667 0.9302260675411667 0.9302260675411667 0.9302260675411667 0.9302260675411667 0.9302260675411667 0.00010809642200837466 0.9302260675411667 0.00010809642200837466 0.9302260675411667 0.9302260675411667 0.9302260675411667 0.9302260675411667 0.9302260675411667 0.9302260675411667 0.9302260675411667 0.9302260675411667 0.9302260675411667 0.9302260675411667 0.9302260675411667 0.9302260675411667 0.9302260675411667
7-100580504-T-C 0.9302260675411667 0.00010809642200837466 0.9302260675411667 0.9302260675411667 0.9302260675411667 0.9302260675411667 0.00010809642200837466 0.00010809642200837466 0.9302260675411667 0.00010809642200837466 0.9302260675411667 0.9302260675411667 0.9302260675411667 0.9302260675411667 0.9302260675411667 0.9302260675411667 0.9302260675411667 0.9302260675411667 0.9302260675411667 0.9302260675411667 0.9302260675411667 0.9302260675411667 0.9302260675411667 0.9302260675411667
17-78564641-T-C 0.00010809642200837466 0.00010809642200837466 0.9302260675411667 0.00010809642200837466 0.00010809642200837466 0.00010809642200837466 0.00010809642200837466 0.9302260675411667 0.00010809642200837466 0.00010809642200837466 0.00010809642200837466 0.00010809642200837466 0.00010809642200837466 0.00010809642200837466 0.00010809642200837466 0.00010809642200837466 0.9302260675411667 0.00010809642200837466 0.00010809642200837466 0.00010809642200837466 0.00010809642200837466 0.9302260675411667 0.00010809642200837466 0.00010809642200837466
19-61226316-T-C 0.00010809642200837466 0.00010809642200837466 0.00010809642200837466 0.00010809642200837466 0.00010809642200837466 0.00010809642200837466 0.00010809642200837466 0.00010809642200837466 0.00010809642200837466 0.00010809642200837466 0.00010809642200837466 0.00010809642200837466 0.00010809642200837466 0.00010809642200837466 0.00010809642200837466 0.00010809642200837466 0.00010809642200837466 0.9302260675411667 0.00010809642200837466 0.00010809642200837466 0.00010809642200837466 0.00010809642200837466 0.00010809642200837466 0.00010809642200837466
9-21107742-T-G 0.9302260675411667 0.00010809642200837466 0.9302260675411667 0.9302260675411667 0.9302260675411667 0.9302260675411667 0.00010809642200837466 0.9302260675411667 0.9302260675411667 0.9302260675411667 0.9302260675411667 0.9302260675411667 0.9302260675411667 0.9302260675411667 0.9302260675411667 0.9302260675411667 0.9302260675411667 0.9302260675411667 0.9302260675411667 0.9302260675411667 0.9302260675411667 0.9302260675411667 0.9302260675411667 0.9302260675411667
19-42182491-T-C 0.9302260675411667 0.9302260675411667 0.9302260675411667 0.9302260675411667 0.9302260675411667 0.9302260675411667 0.9302260675411667 0.9302260675411667 0.00010809642200837466 0.9302260675411667 0.00010809642200837466 0.9302260675411667 0.9302260675411667 0.9302260675411667 0.9302260675411667 0.9302260675411667 0.9302260675411667 0.9302260675411667 0.9302260675411667 0.9302260675411667 0.9302260675411667 0.9302260675411667 0.9302260675411667 0.9302260675411667
6-136329966-G-A 0.9302260675411667 0.00010809642200837466 0.00010809642200837466 0.00010809642200837466 0.00010809642200837466 0.9302260675411667 0.00010809642200837466 0.00010809642200837466 0.00010809642200837466 0.00010809642200837466 0.00010809642200837466 0.00010809642200837466 0.9302260675411667 0.00010809642200837466 0.9302260675411667 0.00010809642200837466 0.00010809642200837466 0.00010809642200837466 0.00010809642200837466 0.00010809642200837466 0.00010809642200837466 0.00010809642200837466 0.00010809642200837466 0.00010809642200837466
11-58435386-T-C 0.9302260675411667 0.9302260675411667 0.9302260675411667 0.9302260675411667 0.9302260675411667 0.9302260675411667 0.9302260675411667 0.9302260675411667 0.00010809642200837466 0.9302260675411667 0.00010809642200837466 0.9302260675411667 0.9302260675411667 0.9302260675411667 0.9302260675411667 0.9302260675411667 0.9302260675411667 0.9302260675411667 0.9302260675411667 0.9302260675411667 0.9302260675411667 0.9302260675411667 0.9302260675411667 0.9302260675411667
1-127306869-T-C 0.9302260675411667 0.9302260675411667 0.9302260675411667 0.9302260675411667 0.9302260675411667 0.9302260675411667 0.9302260675411667 0.9302260675411667 0.00010809642200837466 0.9302260675411667 0.00010809642200837466 0.9302260675411667 0.9302260675411667 0.9302260675411667 0.9302260675411667 0.9302260675411667 0.9302260675411667 0.9302260675411667 0.9302260675411667 0.9302260675411667 0.9302260675411667 0.9302260675411667 0.9302260675411667 0.9302260675411667
5-41808824-A-C 0.9302260675411667 0.9302260675411667 0.9302260675411667 0.9302260675411667 0.9302260675411667 0.9302260675411667 0.9302260675411667 0.9302260675411667 0.9302260675411667 0.9302260675411667 0.9302260675411667 0.00010809642200837466 0.9302260675411667 0.9302260675411667 0.9302260675411667 0.9302260675411667 0.9302260675411667 0.9302260675411667 0.9302260675411667 0.9302260675411667 0.00010809642200837466 0.9302260675411667 0.9302260675411667 0.9302260675411667
8-25159608-C-T 0.00010809642200837466 0.9302260675411667 0.9302260675411667 0.9302260675411667 0.9302260675411667 0.00010809642200837466 0.9302260675411667 0.9302260675411667 0.9302260675411667 0.9302260675411667 0.9302260675411667 0.9302260675411667 0.00010809642200837466 0.9302260675411667 0.00010809642200837466 0.9302260675411667 0.9302260675411667 0.9302260675411667 0.9302260675411667 0.9302260675411667 0.9302260675411667 0.9302260675411667 0.00010809642200837466 0.9302260675411667
4-57225727-T-C 0.9302260675411667 0.9302260675411667 0.00010809642200837466 0.9302260675411667 0.9302260675411667 0.9302260675411667 0.00010809642200837466 0.9302260675411667 0.9302260675411667 0.9302260675411667 0.9302260675411667 0.00010809642200837466 0.9302260675411667 0.9302260675411667 0.9302260675411667 0.00010809642200837466 0.9302260675411667 0.9302260675411667 0.00010809642200837466 0.9302260675411667 0.00010809642200837466 0.00010809642200837466 0.9302260675411667 0.9302260675411667
6-104650312-G-T 0.9302260675411667 0.9302260675411667 0.9302260675411667 0.9302260675411667 0.9302260675411667 0.9302260675411667 0.9302260675411667 0.9302260675411667 0.00010809642200837466 0.9302260675411667 0.00010809642200837466 0.9302260675411667 0.9302260675411667 0.9302260675411667 0.9302260675411667 0.9302260675411667 0.9302260675411667 0.9302260675411667 0.9302260675411667 0.9302260675411667 0.9302260675411667 0.9302260675411667 0.9302260675411667 0.9302260675411667
6-126916181-A-C 0.00010809642200837466 0.00010809642200837466 0.00010809642200837466 0.00010809642200837466 0.00010809642200837466 0.00010809642200837466 0.00010809642200837466 0.00010809642200837466 0.00010809642200837466 0.00010809642200837466 0.00010809642200837466 0.00010809642200837466 0.00010809642200837466 0.00010809642200837466 0.00010809642200837466 0.00010809642200837466 0.00010809642200837466 0.00010809642200837466 0.00010809642200837466 0.00010809642200837466 0.00010809642200837466 0.00010809642200837466 0.9302260675411667 0.00010809642200837466
16-54818690-T-A 0.9302260675411667 0.00010809642200837466 0.9302260675411667 0.9302260675411667 0.9302260675411667 0.9302260675411667 0.00010809642200837466 0.9302260675411667 0.9302260675411667 0.9302260675411667 0.9302260675411667 0.9302260675411667 0.9302260675411667 0.9302260675411667 0.9302260675411667 0.9302260675411667 0.9302260675411667 0.9302260675411667 0.9302260675411667 0.9302260675411667 0.9302260675411667 0.9302260675411667 0.9302260675411667 0.9302260675411667
4-118431687-C-T 0.00010809642200837466 0.9302260675411667 0.9302260675411667 0.9302260675411667 0.9302260675411667 0.9302260675411667 0.9302260675411667 0.9302260675411667 0.9302260675411667 0.9302260675411667 0.9302260675411667 0.9302260675411667 0.00010809642200837466 0.9302260675411667 0.9302260675411667 0.9302260675411667 0.9302260675411667 0.9302260675411667 0.9302260675411667 0.9302260675411667 0.9302260675411667 0.9302260675411667 0.9302260675411667 0.9302260675411667
10-94788637-T-C 0.9302260675411667 0.9302260675411667 0.9302260675411667 0.00010809642200837466 0.9302260675411667 0.9302260675411667 0.9302260675411667 0.9302260675411667 0.9302260675411667 0.9302260675411667 0.9302260675411667 0.9302260675411667 0.9302260675411667 0.9302260675411667 0.9302260675411667 0.9302260675411667 0.00010809642200837466 0.9302260675411667 0.9302260675411667 0.00010809642200837466 0.9302260675411667 0.9302260675411667 0.9302260675411667 0.9302260675411667
8-3877073-A-C 0.00010809642200837466 0.9302260675411667 0.9302260675411667 0.9302260675411667 0.9302260675411667 0.00010809642200837466 0.9302260675411667 0.9302260675411667 0.00010809642200837466 0.9302260675411667 0.00010809642200837466 0.9302260675411667 0.00010809642200837466 0.9302260675411667 0.00010809642200837466 0.9302260675411667 0.9302260675411667 0.00010809642200837466 0.9302260675411667 0.9302260675411667 0.9302260675411667 0.9302260675411667 0.00010809642200837466 0.9302260675411667
6-55132820-G-A 0.9302260675411667 0.00010809642200837466 0.00010809642200837466 0.00010809642200837466 0.00010809642200837466 0.9302260675411667 0.00010809642200837466 0.00010809642200837466 0.00010809642200837466 0.00010809642200837466 0.00010809642200837466 0.00010809642200837466 0.9302260675411667 0.00010809642200837466 0.9302260675411667 0.00010809642200837466 0.00010809642200837466 0.00010809642200837466 0.00010809642200837466 0.00010809642200837466 0.00010809642200837466 0.00010809642200837466 0.00010809642200837466 0.00010809642200837466
12-55868380-C-T 0.9302260675411667 0.9302260675411667 0.9302260675411667 0.9302260675411667 0.9302260675411667 0.9302260675411667 0.9302260675411667 0.9302260675411667 0.9302260675411667 0.9302260675411667 0.9302260675411667 0.00010809642200837466 0.9302260675411667 0.9302260675411667 0.9302260675411667 0.9302260675411667 0.9302260675411667 0.9302260675411667 0.9302260675411667 0.9302260675411667 0.00010809642200837466 0.9302260675411667 0.9302260675411667 0.9302260675411667
14-51988976-C-A 0.9302260675411667 0.00010809642200837466 0.9302260675411667 0.9302260675411667 0.9302260675411667 0.9302260675411667 0.00010809642200837466 0.9302260675411667 0.9302260675411667 0.9302260675411667 0.9302260675411667 0.9302260675411667 0.9302260675411667 0.9302260675411667 0.9302260675411667 0.9302260675411667 0.9302260675411667 0.9302260675411667 0.9302260675411667 0.9302260675411667 0.9302260675411667 0.9302260675411667 0.9302260675411667 0.9302260675411667
10-18608325-G-T 0.00010809642200837466 0.9302260675411667 0.9302260675411667 0.9302260675411667 0.9302260675411667 0.9302260675411667 0.9302260675411667 0.9302260675411667 0.9302260675411667 0.9302260675411667 0.9302260675411667 0.9302260675411667 0.00010809642200837466 0.9302260675411667 0.9302260675411667 0.9302260675411667 0.9302260675411667 0.9302260675411667 0.9302260675411667 0.9302260675411667 0.9302260675411667 0.9302260675411667 0.9302260675411667 0.9302260675411667
3-122747902-G-A 0.9302260675411667 0.9302260675411667 0.9302260675411667 0.9302260675411667 0.9302260675411667 0.9302260675411667 0.9302260675411667 0.9302260675411667 0.00010809642200837466 0.9302260675411667 0.00010809642200837466 0.9302260675411667 0.9302260675411667 0.9302260675411667 0.9302260675411667 0.9302260675411667 0.9302260675411667 0.9302260675411667 0.9302260675411667 0.9302260675411667 0.9302260675411667 0.9302260675411667 0.9302260675411667 0.9302260675411667
2-167541953-A-G 0.9302260675411667 0.9302260675411667 0.9302260675411667 0.9302260675411667 0.9302260675411667 0.9302260675411667 0.9302260675411667 0.9302260675411667 0.9302260675411667 0.9302260675411667 0.9302260675411667 0.00010809642200837466 0.9302260675411667 0.9302260675411667 0.9302260675411667 0.9302260675411667 0.9302260675411667 0.9302260675411667 0.9302260675411667 0.9302260675411667 0.00010809642200837466 0.9302260675411667 0.9302260675411667 0.9302260675411667
6-23344245-G-T 0.00010809642200837466 0.9302260675411667 0.9302260675411667 0.9302260675411667 0.9302260675411667 0.00010809642200837466 0.9302260675411667 0.9302260675411667 0.9302260675411667 0.9302260675411667 0.9302260675411667 0.9302260675411667 0.00010809642200837466 0.9302260675411667 0.00010809642200837466 0.9302260675411667 0.9302260675411667 0.9302260675411667 0.9302260675411667 0.9302260675411667 0.9302260675411667 0.9302260675411667 0.00010809642200837466 0.9302260675411667
1-21349996-A-C 0.9302260675411667 0.9302260675411667 0.9302260675411667 0.9302260675411667 0.9302260675411667 0.9302260675411667 0.9302260675411667 0.9302260675411667 0.00010809642200837466 0.9302260675411667 0.00010809642200837466 0.9302260675411667 0.9302260675411667 0.9302260675411667 0.9302260675411667 0.9302260675411667 0.9302260675411667 0.9302260675411667 0.9302260675411667 0.9302260675411667 0.9302260675411667 0.9302260675411667 0.9302260675411667 0.9302260675411667
8-82068942-T-A 0.00010809642200837466 0.9302260675411667 0.9302260675411667 0.9302260675411667 0.9302260675411667 0.00010809642200837466 0.9302260675411667 0.9302260675411667 0.9302260675411667 0.9302260675411667 0.9302260675411667 0.9302260675411667 0.00010809642200837466 0.9302260675411667 0.00010809642200837466 0.9302260675411667 0.9302260675411667 0.9302260675411667 0.9302260675411667 0.9302260675411667 0.9302260675411667 0.9302260675411667 0.9302260675411667 0.9302260675411667
7-20844874-T-C 0.9302260675411667 0.9302260675411667 0.9302260675411667 0.9302260675411667 0.9302260675411667 0.9302260675411667 0.9302260675411667 0.9302260675411667 0.00010809642200837466 0.9302260675411667 0.00010809642200837466 0.9302260675411667 0.9302260675411667 0.9302260675411667 0.9302260675411667 0.9302260675411667 0.9302260675411667 0.9302260675411667 0.9302260675411667 0.9302260675411667 0.9302260675411667 0.9302260675411667 0.9302260675411667 0.9302260675411667
3-57287783-T-C 0.9302260675411667 0.9302260675411667 0.9302260675411667 0.9302260675411667 0.9302260675411667 0.9302260675411667 0.9302260675411667 0.9302260675411667 0.9302260675411667 0.9302260675411667 0.9302260675411667 0.9302260675411667 0.9302260675411667 0.00010809642200837466 0.9302260675411667 0.9302260675411667 0.9302260675411667 0.9302260675411667 0.9302260675411667 0.9302260675411667 0.9302260675411667 0.9302260675411667 0.9302260675411667 0.00010809642200837466
15-76003462-C-A 0.9302260675411667 0.9302260675411667 0.9302260675411667 0.9302260675411667 0.9302260675411667 0.9302260675411667 0.9302260675411667 0.9302260675411667 0.9302260675411667 0.9302260675411667 0.9302260675411667 0.9302260675411667 0.9302260675411667 0.00010809642200837466 0.9302260675411667 0.9302260675411667 0.9302260675411667 0.9302260675411667 0.9302260675411667 0.9302260675411667 0.9302260675411667 0.9302260675411667 0.9302260675411667 0.00010809642200837466
10-109816465-A-G 0.00010809642200837466 0.00010809642200837466 0.9302260675411667 0.9302260675411667 0.00010809642200837466 0.00010809642200837466 0.00010809642200837466 0.00010809642200837466 0.00010809642200837466 0.00010809642200837466 0.00010809642200837466 0.9302260675411667 0.00010809642200837466 0.9302260675411667 0.00010809642200837466 0.9302260675411667 0.9302260675411667 0.00010809642200837466 0.9302260675411667 0.9302260675411667 0.9302260675411667 0.9302260675411667 0.00010809642200837466 0.9302260675411667
13-66812623-A-G 0.00010809642200837466 0.00010809642200837466 0.00010809642200837466 0.00010809642200837466 0.00010809642200837466 0.00010809642200837466 0.00010809642200837466 0.00010809642200837466 0.00010809642200837466 0.00010809642200837466 0.00010809642200837466 0.00010809642200837466 0.00010809642200837466 0.00010809642200837466 0.00010809642200837466 0.00010809642200837466 0.00010809642200837466 0.00010809642200837466 0.00010809642200837466 0.00010809642200837466 0.00010809642200837466 0.00010809642200837466 0.00010809642200837466 0.9302260675411667
1-87195670-T-A 0.9302260675411667 0.9302260675411667 0.9302260675411667 0.9302260675411667 0.9302260675411667 0.9302260675411667 0.9302260675411667 0.9302260675411667 0.9302260675411667 0.9302260675411667 0.9302260675411667 0.00010809642200837466 0.9302260675411667 0.9302260675411667 0.9302260675411667 0.9302260675411667 0.9302260675411667 0.9302260675411667 0.9302260675411667 0.9302260675411667 0.00010809642200837466 0.9302260675411667 0.9302260675411667 0.9302260675411667
16-57133075-A-T 0.9302260675411667 0.9302260675411667 0.9302260675411667 0.00010809642200837466 0.9302260675411667 0.9302260675411667 0.9302260675411667 0.9302260675411667 0.9302260675411667 0.9302260675411667 0.9302260675411667 0.9302260675411667 0.9302260675411667 0.9302260675411667 0.9302260675411667 0.9302260675411667 0.00010809642200837466 0.9302260675411667 0.9302260675411667 0.00010809642200837466 0.9302260675411667 0.9302260675411667 0.9302260675411667 0.9302260675411667
1-101019793-C-G 0.9302260675411667 0.9302260675411667 0.9302260675411667 0.9302260675411667 0.9302260675411667 0.9302260675411667 0.9302260675411667 0.9302260675411667 0.00010809642200837466 0.9302260675411667 0.00010809642200837466 0.9302260675411667 0.9302260675411667 0.9302260675411667 0.9302260675411667 0.9302260675411667 0.9302260675411667 0.9302260675411667 0.9302260675411667 0.9302260675411667 0.9302260675411667 0.9302260675411667 0.9302260675411667 0.9302260675411667
5-142390272-A-G 0.00010809642200837466 0.00010809642200837466 0.9302260675411667 0.00010809642200837466 0.00010809642200837466 0.00010809642200837466 0.00010809642200837466 0.00010809642200837466 0.00010809642200837466 0.00010809642200837466 0.00010809642200837466 0.00010809642200837466 0.00010809642200837466 0.00010809642200837466 0.00010809642200837466 0.00010809642200837466 0.00010809642200837466 0.00010809642200837466 0.00010809642200837466 0.00010809642200837466 0.00010809642200837466 0.00010809642200837466 0.00010809642200837466 0.00010809642200837466
11-67246261-A-T 0.00010809642200837466 0.9302260675411667 0.9302260675411667 0.9302260675411667 0.9302260675411667 0.00010809642200837466 0.9302260675411667 0.9302260675411667 0.9302260675411667 0.9302260675411667 0.9302260675411667 0.9302260675411667 0.00010809642200837466 0.9302260675411667 0.00010809642200837466 0.9302260675411667 0.9302260675411667 0.9302260675411667 0.9302260675411667 0.9302260675411667 0.9302260675411667 0.9302260675411667 0.00010809642200837466 0.9302260675411667
9-39669031-A-C 0.9302260675411667 0.00010809642200837466 0.9302260675411667 0.9302260675411667 0.9302260675411667 0.9302260675411667 0.00010809642200837466 0.9302260675411667 0.9302260675411667 0.9302260675411667 0.9302260675411667 0.9302260675411667 0.9302260675411667 0.9302260675411667 0.9302260675411667 0.9302260675411667 0.9302260675411667 0.9302260675411667 0.9302260675411667 0.9302260675411667 0.9302260675411667 0.9302260675411667 0.9302260675411667 0.9302260675411667
1-25111741-G-A 0.9302260675411667 0.9302260675411667 0.9302260675411667 0.00010809642200837466 0.9302260675411667 0.9302260675411667 0.9302260675411667 0.9302260675411667 0.9302260675411667 0.9302260675411667 0.9302260675411667 0.9302260675411667 0.9302260675411667 0.9302260675411667 0.9302260675411667 0.9302260675411667 0.00010809642200837466 0.9302260675411667 0.9302260675411667 0.00010809642200837466 0.9302260675411667 0.9302260675411667 0.9302260675411667 0.9302260675411667
9-104038372-A-G 0.00010809642200837466 0.00010809642200837466 0.00010809642200837466 0.9302260675411667 0.00010809642200837466 0.00010809642200837466 0.00010809642200837466 0.00010809642200837466 0.00010809642200837466 0.00010809642200837466 0.00010809642200837466 0.00010809642200837466 0.00010809642200837466 0.00010809642200837466 0.00010809642200837466 0.00010809642200837466 0.00010809642200837466 0.00010809642200837466 0.00010809642200837466 0.00010809642200837466 0.00010809642200837466 0.9302260675411667 0.9302260675411667 0.00010809642200837466
4-117891496-A-G 0.9302260675411667 0.9302260675411667 0.9302260675411667 0.9302260675411667 0.9302260675411667 0.9302260675411667 0.9302260675411667 0.9302260675411667 0.9302260675411667 0.9302260675411667 0.9302260675411667 0.00010809642200837466 0.9302260675411667 0.9302260675411667 0.9302260675411667 0.9302260675411667 0.9302260675411667 0.9302260675411667 0.9302260675411667 0.9302260675411667 0.00010809642200837466 0.9302260675411667 0.9302260675411667 0.9302260675411667
8-124559611-C-T 0.9302260675411667 0.00010809642200837466 0.9302260675411667 0.9302260675411667 0.9302260675411667 0.9302260675411667 0.00010809642200837466 0.00010809642200837466 0.9302260675411667 0.00010809642200837466 0.9302260675411667 0.9302260675411667 0.9302260675411667 0.9302260675411667 0.9302260675411667 0.9302260675411667 0.9302260675411667 0.9302260675411667 0.9302260675411667 0.9302260675411667 0.9302260675411667 0.9302260675411667 0.9302260675411667 0.9302260675411667
3-64596770-T-G 0.9302260675411667 0.9302260675411667 0.9302260675411667 0.9302260675411667 0.9302260675411667 0.9302260675411667 0.9302260675411667 0.9302260675411667 0.9302260675411667 0.9302260675411667 0.9302260675411667 0.9302260675411667 0.9302260675411667 0.00010809642200837466 0.9302260675411667 0.9302260675411667 0.9302260675411667 0.9302260675411667 0.9302260675411667 0.9302260675411667 0.9302260675411667 0.9302260675411667 0.9302260675411667 0.00010809642200837466
5-21222254-C-T 0.00010809642200837466 0.00010809642200837466 0.00010809642200837466 0.00010809642200837466 0.00010809642200837466 0.00010809642200837466 0.00010809642200837466 0.00010809642200837466 0.00010809642200837466 0.00010809642200837466 0.00010809642200837466 0.00010809642200837466 0.00010809642200837466 0.00010809642200837466 0.00010809642200837466 0.00010809642200837466 0.00010809642200837466 0.00010809642200837466 0.00010809642200837466 0.00010809642200837466 0.00010809642200837466 0.9302260675411667 0.00010809642200837466 0.00010809642200837466
18-73590795-A-G 0.9302260675411667 0.9302260675411667 0.9302260675411667 0.9302260675411667 0.9302260675411667 0.9302260675411667 0.9302260675411667 0.9302260675411667 0.00010809642200837466 0.9302260675411667 0.00010809642200837466 0.9302260675411667 0.9302260675411667 0.9302260675411667 0.9302260675411667 0.9302260675411667 0.9302260675411667 0.9302260675411667 0.9302260675411667 0.9302260675411667 0.9302260675411667 0.9302260675411667 0.9302260675411667 0.9302260675411667
1-74287097-T-G 0.9302260675411667 0.9302260675411667 0.9302260675411667 0.00010809642200837466 0.9302260675411667 0.9302260675411667 0.9302260675411667 0.9302260675411667 0.9302260675411667 0.9302260675411667 0.9302260675411667 0.9302260675411667 0.9302260675411667 0.9302260675411667 0.9302260675411667 0.9302260675411667 0.00010809642200837466 0.9302260675411667 0.9302260675411667 0.00010809642200837466 0.9302260675411667 0.9302260675411667 0.9302260675411667 0.9302260675411667
6-23413141-A-C 0.9302260675411667 0.00010809642200837466 0.00010809642200837466 0.00010809642200837466 0.00010809642200837466 0.9302260675411667 0.00010809642200837466 0.00010809642200837466 0.00010809642200837466 0.00010809642200837466 0.00010809642200837466 0.00010809642200837466 0.9302260675411667 0.00010809642200837466 0.9302260675411667 0.00010809642200837466 0.00010809642200837466 0.9302260675411667 0.00010809642200837466 0.00010809642200837466 0.00010809642200837466 0.00010809642200837466 0.00010809642200837466 0.00010809642200837466
7-102742448-T-G 0.9302260675411667 0.00010809642200837466 0.9302260675411667 0.9302260675411667 0.9302260675411667 0.9302260675411667 0.00010809642200837466 0.9302260675411667 0.9302260675411667 0.9302260675411667 0.9302260675411667 0.9302260675411667 0.9302260675411667 0.9302260675411667 0.9302260675411667 0.9302260675411667 0.9302260675411667 0.9302260675411667 0.9302260675411667 0.9302260675411667 0.9302260675411667 0.9302260675411667 0.9302260675411667 0.9302260675411667
17-23386067-G-C 0.9302260675411667 0.9302260675411667 0.9302260675411667 0.9302260675411667 0.9302260675411667 0.9302260675411667 0.9302260675411667 0.9302260675411667 0.00010809642200837466 0.9302260675411667 0.00010809642200837466 0.9302260675411667 0.9302260675411667 0.9302260675411667 0.9302260675411667 0.9302260675411667 0.9302260675411667 0.9302260675411667 0.9302260675411667 0.9302260675411667 0.9302260675411667 0.9302260675411667 0.9302260675411667 0.9302260675411667
15-76693428-G-C 0.9302260675411667 0.9302260675411667 0.9302260675411667 0.9302260675411667 0.9302260675411667 0.9302260675411667 0.9302260675411667 0.9302260675411667 0.00010809642200837466 0.9302260675411667 0.00010809642200837466 0.9302260675411667 0.9302260675411667 0.9302260675411667 0.9302260675411667 0.9302260675411667 0.9302260675411667 0.9302260675411667 0.9302260675411667 0.9302260675411667 0.9302260675411667 0.9302260675411667 0.9302260675411667 0.9302260675411667
8-107057943-A-G 0.9302260675411667 0.00010809642200837466 0.9302260675411667 0.9302260675411667 0.9302260675411667 0.9302260675411667 0.9302260675411667 0.00010809642200837466 0.9302260675411667 0.00010809642200837466 0.9302260675411667 0.9302260675411667 0.9302260675411667 0.9302260675411667 0.9302260675411667 0.9302260675411667 0.9302260675411667 0.9302260675411667 0.9302260675411667 0.9302260675411667 0.9302260675411667 0.9302260675411667 0.9302260675411667 0.9302260675411667
5-120735136-C-T 0.00010809642200837466 0.9302260675411667 0.9302260675411667 0.9302260675411667 0.9302260675411667 0.9302260675411667 0.9302260675411667 0.9302260675411667 0.9302260675411667 0.9302260675411667 0.9302260675411667 0.9302260675411667 0.00010809642200837466 0.9302260675411667 0.9302260675411667 0.9302260675411667 0.9302260675411667 0.9302260675411667 0.9302260675411667 0.9302260675411667 0.9302260675411667 0.9302260675411667 0.9302260675411667 0.9302260675411667
8-71692914-C-T 0.9302260675411667 0.9302260675411667 0.9302260675411667 0.00010809642200837466 0.9302260675411667 0.9302260675411667 0.9302260675411667 0.9302260675411667 0.9302260675411667 0.9302260675411667 0.9302260675411667 0.9302260675411667 0.9302260675411667 0.9302260675411667 0.9302260675411667 0.9302260675411667 0.00010809642200837466 0.9302260675411667 0.9302260675411667 0.00010809642200837466 0.9302260675411667 0.9302260675411667 0.9302260675411667 0.9302260675411667
4-155067084-G-A 0.00010809642200837466 0.9302260675411667 0.9302260675411667 0.9302260675411667 0.9302260675411667 0.9302260675411667 0.9302260675411667 0.9302260675411667 0.9302260675411667 0.9302260675411667 0.9302260675411667 0.9302260675411667 0.00010809642200837466 0.9302260675411667 0.9302260675411667 0.9302260675411667 0.9302260675411667 0.9302260675411667 0.9302260675411667 0.9302260675411667 0.9302260675411667 0.9302260675411667 0.9302260675411667 0.9302260675411667
3-32914063-G-A 0.9302260675411667 0.00010809642200837466 0.9302260675411667 0.9302260675411667 0.9302260675411667 0.9302260675411667 0.00010809642200837466 0.00010809642200837466 0.9302260675411667 0.00010809642200837466 0.9302260675411667 0.9302260675411667 0.9302260675411667 0.9302260675411667 0.9302260675411667 0.9302260675411667 0.9302260675411667 0.9302260675411667 0.9302260675411667 0.9302260675411667 0.9302260675411667 0.9302260675411667 0.9302260675411667 0.9302260675411667
8-71692914-C-T 0.9302260675411667 0.9302260675411667 0.9302260675411667 0.00010809642200837466 0.9302260675411667 0.9302260675411667 0.9302260675411667 0.9302260675411667 0.9302260675411667 0.9302260675411667 0.9302260675411667 0.9302260675411667 0.9302260675411667 0.9302260675411667 0.9302260675411667 0.9302260675411667 0.00010809642200837466 0.9302260675411667 0.9302260675411667 0.00010809642200837466 0.9302260675411667 0.9302260675411667 0.9302260675411667 0.9302260675411667
8-11619221-A-G 0.9302260675411667 0.9302260675411667 0.9302260675411667 0.9302260675411667 0.9302260675411667 0.9302260675411667 0.9302260675411667 0.9302260675411667 0.00010809642200837466 0.9302260675411667 0.00010809642200837466 0.9302260675411667 0.9302260675411667 0.9302260675411667 0.9302260675411667 0.9302260675411667 0.9302260675411667 0.9302260675411667 0.9302260675411667 0.9302260675411667 0.9302260675411667 0.9302260675411667 0.9302260675411667 0.9302260675411667
8-87904651-A-C 0.9302260675411667 0.9302260675411667 0.9302260675411667 0.00010809642200837466 0.9302260675411667 0.9302260675411667 0.9302260675411667 0.9302260675411667 0.9302260675411667 0.9302260675411667 0.9302260675411667 0.9302260675411667 0.9302260675411667 0.9302260675411667 0.9302260675411667 0.9302260675411667 0.00010809642200837466 0.9302260675411667 0.9302260675411667 0.00010809642200837466 0.9302260675411667 0.9302260675411667 0.9302260675411667 0.9302260675411667
2-112244579-G-A 0.00010809642200837466 0.00010809642200837466 0.00010809642200837466 0.00010809642200837466 0.00010809642200837466 0.00010809642200837466 0.00010809642200837466 0.00010809642200837466 0.00010809642200837466 0.00010809642200837466 0.00010809642200837466 0.9302260675411667 0.00010809642200837466 0.00010809642200837466 0.00010809642200837466 0.00010809642200837466 0.00010809642200837466 0.00010809642200837466 0.00010809642200837466 0.00010809642200837466 0.00010809642200837466 0.00010809642200837466 0.00010809642200837466 0.00010809642200837466
8-69882367-C-T 0.00010809642200837466 0.9302260675411667 0.9302260675411667 0.9302260675411667 0.9302260675411667 0.00010809642200837466 0.9302260675411667 0.9302260675411667 0.9302260675411667 0.9302260675411667 0.9302260675411667 0.9302260675411667 0.00010809642200837466 0.9302260675411667 0.9302260675411667 0.9302260675411667 0.9302260675411667 0.9302260675411667 0.9302260675411667 0.9302260675411667 0.9302260675411667 0.9302260675411667 0.9302260675411667 0.9302260675411667
15-4101759-A-G 0.9302260675411667 0.9302260675411667 0.9302260675411667 0.9302260675411667 0.9302260675411667 0.9302260675411667 0.9302260675411667 0.9302260675411667 0.00010809642200837466 0.9302260675411667 0.00010809642200837466 0.9302260675411667 0.9302260675411667 0.9302260675411667 0.9302260675411667 0.9302260675411667 0.9302260675411667 0.9302260675411667 0.9302260675411667 0.9302260675411667 0.9302260675411667 0.9302260675411667 0.9302260675411667 0.9302260675411667
4-145512844-C-A 0.00010809642200837466 0.00010809642200837466 0.00010809642200837466 0.00010809642200837466 0.00010809642200837466 0.00010809642200837466 0.00010809642200837466 0.00010809642200837466 0.00010809642200837466 0.00010809642200837466 0.00010809642200837466 0.00010809642200837466 0.9302260675411667 0.00010809642200837466 0.00010809642200837466 0.00010809642200837466 0.00010809642200837466 0.00010809642200837466 0.9302260675411667 0.00010809642200837466 0.9302260675411667 0.00010809642200837466 0.00010809642200837466 0.9302260675411667
6-117619341-G-A 0.9302260675411667 0.00010809642200837466 0.9302260675411667 0.9302260675411667 0.9302260675411667 0.9302260675411667 0.9302260675411667 0.9302260675411667 0.9302260675411667 0.00010809642200837466 0.9302260675411667 0.9302260675411667 0.9302260675411667 0.9302260675411667 0.9302260675411667 0.9302260675411667 0.9302260675411667 0.9302260675411667 0.9302260675411667 0.9302260675411667 0.9302260675411667 0.9302260675411667 0.9302260675411667 0.9302260675411667
16-78251695-G-A 0.00010809642200837466 0.00010809642200837466 0.9302260675411667 0.00010809642200837466 0.9302260675411667 0.00010809642200837466 0.00010809642200837466 0.00010809642200837466 0.00010809642200837466 0.00010809642200837466 0.00010809642200837466 0.00010809642200837466 0.00010809642200837466 0.00010809642200837466 0.9302260675411667 0.00010809642200837466 0.00010809642200837466 0.00010809642200837466 0.00010809642200837466 0.00010809642200837466 0.00010809642200837466 0.00010809642200837466 0.00010809642200837466 0.00010809642200837466
18-10627935-T-C 0.9302260675411667 0.9302260675411667 0.9302260675411667 0.9302260675411667 0.9302260675411667 0.9302260675411667 0.9302260675411667 0.9302260675411667 0.9302260675411667 0.9302260675411667 0.9302260675411667 0.00010809642200837466 0.9302260675411667 0.9302260675411667 0.9302260675411667 0.9302260675411667 0.9302260675411667 0.9302260675411667 0.9302260675411667 0.9302260675411667 0.00010809642200837466 0.9302260675411667 0.9302260675411667 0.9302260675411667
9-70631213-A-G 0.00010809642200837466 0.9302260675411667 0.9302260675411667 0.9302260675411667 0.9302260675411667 0.00010809642200837466 0.9302260675411667 0.9302260675411667 0.00010809642200837466 0.9302260675411667 0.00010809642200837466 0.9302260675411667 0.00010809642200837466 0.9302260675411667 0.00010809642200837466 0.9302260675411667 0.9302260675411667 0.00010809642200837466 0.9302260675411667 0.9302260675411667 0.9302260675411667 0.9302260675411667 0.00010809642200837466 0.9302260675411667
8-12994038-A-C 0.00010809642200837466 0.9302260675411667 0.9302260675411667 0.9302260675411667 0.9302260675411667 0.00010809642200837466 0.9302260675411667 0.9302260675411667 0.00010809642200837466 0.9302260675411667 0.00010809642200837466 0.9302260675411667 0.00010809642200837466 0.9302260675411667 0.00010809642200837466 0.9302260675411667 0.9302260675411667 0.9302260675411667 0.9302260675411667 0.9302260675411667 0.9302260675411667 0.9302260675411667 0.00010809642200837466 0.9302260675411667
2-80347699-A-G 0.00010809642200837466 0.00010809642200837466 0.00010809642200837466 0.00010809642200837466 0.00010809642200837466 0.00010809642200837466 0.00010809642200837466 0.00010809642200837466 0.00010809642200837466 0.00010809642200837466 0.00010809642200837466 0.9302260675411667 0.00010809642200837466 0.00010809642200837466 0.00010809642200837466 0.00010809642200837466 0.00010809642200837466 0.00010809642200837466 0.00010809642200837466 0.00010809642200837466 0.00010809642200837466 0.00010809642200837466 0.00010809642200837466 0.00010809642200837466
18-7920349-G-A 0.00010809642200837466 0.9302260675411667 0.9302260675411667 0.9302260675411667 0.9302260675411667 0.00010809642200837466 0.9302260675411667 0.9302260675411667 0.00010809642200837466 0.9302260675411667 0.00010809642200837466 0.9302260675411667 0.00010809642200837466 0.9302260675411667 0.00010809642200837466 0.9302260675411667 0.9302260675411667 0.9302260675411667 0.9302260675411667 0.9302260675411667 0.9302260675411667 0.9302260675411667 0.00010809642200837466 0.9302260675411667
6-25667138-A-C 0.00010809642200837466 0.9302260675411667 0.9302260675411667 0.9302260675411667 0.9302260675411667 0.00010809642200837466 0.9302260675411667 0.9302260675411667 0.9302260675411667 0.9302260675411667 0.9302260675411667 0.9302260675411667 0.00010809642200837466 0.9302260675411667 0.9302260675411667 0.9302260675411667 0.9302260675411667 0.9302260675411667 0.9302260675411667 0.9302260675411667 0.9302260675411667 0.9302260675411667 0.9302260675411667 0.9302260675411667
11-105915094-A-T 0.9302260675411667 0.9302260675411667 0.9302260675411667 0.9302260675411667 0.9302260675411667 0.9302260675411667 0.9302260675411667 0.9302260675411667 0.00010809642200837466 0.9302260675411667 0.00010809642200837466 0.9302260675411667 0.9302260675411667 0.9302260675411667 0.9302260675411667 0.9302260675411667 0.9302260675411667 0.9302260675411667 0.9302260675411667 0.9302260675411667 0.9302260675411667 0.9302260675411667 0.9302260675411667 0.9302260675411667
1-74349662-C-A 0.9302260675411667 0.9302260675411667 0.9302260675411667 0.9302260675411667 0.9302260675411667 0.9302260675411667 0.9302260675411667 0.9302260675411667 0.9302260675411667 0.9302260675411667 0.9302260675411667 0.9302260675411667 0.9302260675411667 0.9302260675411667 0.9302260675411667 0.9302260675411667 0.9302260675411667 0.9302260675411667 0.00010809642200837466 0.9302260675411667 0.9302260675411667 0.00010809642200837466 0.9302260675411667 0.9302260675411667
14-5019585-G-C 0.00010809642200837466 0.00010809642200837466 0.00010809642200837466 0.00010809642200837466 0.9302260675411667 0.00010809642200837466 0.00010809642200837466 0.00010809642200837466 0.00010809642200837466 0.00010809642200837466 0.00010809642200837466 0.9302260675411667 0.00010809642200837466 0.00010809642200837466 0.00010809642200837466 0.00010809642200837466 0.00010809642200837466 0.00010809642200837466 0.00010809642200837466 0.00010809642200837466 0.00010809642200837466 0.00010809642200837466 0.00010809642200837466 0.00010809642200837466
16-49238985-T-C 0.00010809642200837466 0.00010809642200837466 0.9302260675411667 0.9302260675411667 0.00010809642200837466 0.00010809642200837466 0.00010809642200837466 0.00010809642200837466 0.00010809642200837466 0.00010809642200837466 0.00010809642200837466 0.9302260675411667 0.00010809642200837466 0.9302260675411667 0.00010809642200837466 0.9302260675411667 0.9302260675411667 0.00010809642200837466 0.9302260675411667 0.9302260675411667 0.9302260675411667 0.9302260675411667 0.00010809642200837466 0.9302260675411667
11-16910033-C-G 0.9302260675411667 0.9302260675411667 0.9302260675411667 0.9302260675411667 0.9302260675411667 0.9302260675411667 0.9302260675411667 0.9302260675411667 0.9302260675411667 0.9302260675411667 0.9302260675411667 0.9302260675411667 0.9302260675411667 0.00010809642200837466 0.9302260675411667 0.9302260675411667 0.9302260675411667 0.9302260675411667 0.9302260675411667 0.9302260675411667 0.9302260675411667 0.9302260675411667 0.9302260675411667 0.00010809642200837466
12-83059814-A-T 0.9302260675411667 0.00010809642200837466 0.9302260675411667 0.9302260675411667 0.9302260675411667 0.9302260675411667 0.00010809642200837466 0.9302260675411667 0.9302260675411667 0.9302260675411667 0.9302260675411667 0.9302260675411667 0.9302260675411667 0.9302260675411667 0.9302260675411667 0.9302260675411667 0.9302260675411667 0.9302260675411667 0.9302260675411667 0.9302260675411667 0.9302260675411667 0.9302260675411667 0.9302260675411667 0.9302260675411667
9-56619672-G-T 0.00010809642200837466 0.9302260675411667 0.9302260675411667 0.9302260675411667 0.9302260675411667 0.00010809642200837466 0.9302260675411667 0.9302260675411667 0.9302260675411667 0.9302260675411667 0.9302260675411667 0.9302260675411667 0.00010809642200837466 0.9302260675411667 0.00010809642200837466 0.9302260675411667 0.9302260675411667 0.9302260675411667 0.9302260675411667 0.9302260675411667 0.9302260675411667 0.9302260675411667 0.9302260675411667 0.9302260675411667
5-128594049-A-C 0.00010809642200837466 0.00010809642200837466 0.00010809642200837466 0.00010809642200837466 0.00010809642200837466 0.00010809642200837466 0.00010809642200837466 0.00010809642200837466 0.00010809642200837466 0.00010809642200837466 0.00010809642200837466 0.9302260675411667 0.00010809642200837466 0.9302260675411667 0.00010809642200837466 0.00010809642200837466 0.00010809642200837466 0.00010809642200837466 0.00010809642200837466 0.00010809642200837466 0.00010809642200837466 0.00010809642200837466 0.00010809642200837466 0.00010809642200837466
5-8408559-A-C 0.00010809642200837466 0.9302260675411667 0.9302260675411667 0.9302260675411667 0.9302260675411667 0.00010809642200837466 0.9302260675411667 0.9302260675411667 0.9302260675411667 0.9302260675411667 0.9302260675411667 0.9302260675411667 0.00010809642200837466 0.9302260675411667 0.00010809642200837466 0.9302260675411667 0.9302260675411667 0.9302260675411667 0.9302260675411667 0.9302260675411667 0.9302260675411667 0.9302260675411667 0.00010809642200837466 0.9302260675411667
10-71706664-T-C 0.9302260675411667 0.9302260675411667 0.9302260675411667 0.9302260675411667 0.9302260675411667 0.9302260675411667 0.9302260675411667 0.9302260675411667 0.00010809642200837466 0.9302260675411667 0.00010809642200837466 0.9302260675411667 0.9302260675411667 0.9302260675411667 0.9302260675411667 0.9302260675411667 0.9302260675411667 0.9302260675411667 0.9302260675411667 0.9302260675411667 0.9302260675411667 0.9302260675411667 0.9302260675411667 0.9302260675411667
5-122787771-A-G 0.00010809642200837466 0.9302260675411667 0.9302260675411667 0.9302260675411667 0.9302260675411667 0.9302260675411667 0.9302260675411667 0.9302260675411667 0.9302260675411667 0.9302260675411667 0.9302260675411667 0.9302260675411667 0.00010809642200837466 0.9302260675411667 0.9302260675411667 0.9302260675411667 0.9302260675411667 0.9302260675411667 0.9302260675411667 0.9302260675411667 0.9302260675411667 0.9302260675411667 0.9302260675411667 0.9302260675411667
4-48236745-G-A 0.9302260675411667 0.00010809642200837466 0.9302260675411667 0.9302260675411667 0.9302260675411667 0.9302260675411667 0.00010809642200837466 0.9302260675411667 0.9302260675411667 0.9302260675411667 0.9302260675411667 0.9302260675411667 0.9302260675411667 0.9302260675411667 0.9302260675411667 0.9302260675411667 0.9302260675411667 0.9302260675411667 0.9302260675411667 0.9302260675411667 0.9302260675411667 0.9302260675411667 0.9302260675411667 0.9302260675411667
9-104034515-C-T 0.00010809642200837466 0.00010809642200837466 0.00010809642200837466 0.9302260675411667 0.00010809642200837466 0.00010809642200837466 0.00010809642200837466 0.00010809642200837466 0.00010809642200837466 0.00010809642200837466 0.00010809642200837466 0.00010809642200837466 0.00010809642200837466 0.00010809642200837466 0.00010809642200837466 0.00010809642200837466 0.00010809642200837466 0.00010809642200837466 0.00010809642200837466 0.00010809642200837466 0.00010809642200837466 0.00010809642200837466 0.9302260675411667 0.00010809642200837466
2-120889845-A-G 0.9302260675411667 0.9302260675411667 0.9302260675411667 0.9302260675411667 0.9302260675411667 0.9302260675411667 0.9302260675411667 0.9302260675411667 0.00010809642200837466 0.9302260675411667 0.00010809642200837466 0.9302260675411667 0.9302260675411667 0.9302260675411667 0.9302260675411667 0.9302260675411667 0.9302260675411667 0.9302260675411667 0.9302260675411667 0.9302260675411667 0.9302260675411667 0.9302260675411667 0.9302260675411667 0.9302260675411667
1-157601212-C-G 0.9302260675411667 0.9302260675411667 0.9302260675411667 0.00010809642200837466 0.9302260675411667 0.9302260675411667 0.9302260675411667 0.9302260675411667 0.9302260675411667 0.9302260675411667 0.9302260675411667 0.9302260675411667 0.9302260675411667 0.9302260675411667 0.9302260675411667 0.9302260675411667 0.00010809642200837466 0.9302260675411667 0.9302260675411667 0.00010809642200837466 0.9302260675411667 0.9302260675411667 0.9302260675411667 0.9302260675411667
13-47049295-G-A 0.9302260675411667 0.9302260675411667 0.9302260675411667 0.9302260675411667 0.9302260675411667 0.9302260675411667 0.9302260675411667 0.9302260675411667 0.00010809642200837466 0.9302260675411667 0.00010809642200837466 0.9302260675411667 0.9302260675411667 0.9302260675411667 0.9302260675411667 0.9302260675411667 0.9302260675411667 0.9302260675411667 0.9302260675411667 0.9302260675411667 0.9302260675411667 0.9302260675411667 0.9302260675411667 0.9302260675411667
6-5230454-G-A 0.9302260675411667 0.00010809642200837466 0.00010809642200837466 0.00010809642200837466 0.00010809642200837466 0.9302260675411667 0.00010809642200837466 0.00010809642200837466 0.00010809642200837466 0.00010809642200837466 0.00010809642200837466 0.00010809642200837466 0.9302260675411667 0.00010809642200837466 0.9302260675411667 0.00010809642200837466 0.00010809642200837466 0.00010809642200837466 0.00010809642200837466 0.00010809642200837466 0.00010809642200837466 0.00010809642200837466 0.00010809642200837466 0.00010809642200837466
2-32823367-A-G 0.00010809642200837466 0.00010809642200837466 0.00010809642200837466 0.00010809642200837466 0.00010809642200837466 0.00010809642200837466 0.00010809642200837466 0.00010809642200837466 0.00010809642200837466 0.00010809642200837466 0.00010809642200837466 0.9302260675411667 0.00010809642200837466 0.00010809642200837466 0.00010809642200837466 0.00010809642200837466 0.00010809642200837466 0.00010809642200837466 0.00010809642200837466 0.00010809642200837466 0.00010809642200837466 0.00010809642200837466 0.00010809642200837466 0.00010809642200837466
6-115812051-A-C 0.9302260675411667 0.00010809642200837466 0.9302260675411667 0.9302260675411667 0.9302260675411667 0.9302260675411667 0.00010809642200837466 0.9302260675411667 0.9302260675411667 0.9302260675411667 0.9302260675411667 0.9302260675411667 0.9302260675411667 0.9302260675411667 0.9302260675411667 0.9302260675411667 0.9302260675411667 0.9302260675411667 0.9302260675411667 0.9302260675411667 0.9302260675411667 0.9302260675411667 0.9302260675411667 0.9302260675411667
13-58327791-A-G 0.9302260675411667 0.9302260675411667 0.9302260675411667 0.9302260675411667 0.9302260675411667 0.9302260675411667 0.9302260675411667 0.9302260675411667 0.9302260675411667 0.9302260675411667 0.9302260675411667 0.00010809642200837466 0.9302260675411667 0.9302260675411667 0.9302260675411667 0.9302260675411667 0.9302260675411667 0.9302260675411667 0.9302260675411667 0.9302260675411667 0.00010809642200837466 0.9302260675411667 0.9302260675411667 0.9302260675411667
14-14176070-T-C 0.00010809642200837466 0.9302260675411667 0.9302260675411667 0.9302260675411667 0.9302260675411667 0.00010809642200837466 0.9302260675411667 0.9302260675411667 0.9302260675411667 0.9302260675411667 0.9302260675411667 0.9302260675411667 0.00010809642200837466 0.9302260675411667 0.00010809642200837466 0.9302260675411667 0.9302260675411667 0.9302260675411667 0.9302260675411667 0.9302260675411667 0.9302260675411667 0.9302260675411667 0.9302260675411667 0.9302260675411667
16-45427871-C-G 0.9302260675411667 0.9302260675411667 0.9302260675411667 0.9302260675411667 0.9302260675411667 0.9302260675411667 0.9302260675411667 0.9302260675411667 0.00010809642200837466 0.9302260675411667 0.00010809642200837466 0.9302260675411667 0.9302260675411667 0.9302260675411667 0.9302260675411667 0.9302260675411667 0.9302260675411667 0.9302260675411667 0.9302260675411667 0.9302260675411667 0.9302260675411667 0.9302260675411667 0.9302260675411667 0.9302260675411667
3-75052508-T-C 0.9302260675411667 0.9302260675411667 0.9302260675411667 0.9302260675411667 0.9302260675411667 0.9302260675411667 0.9302260675411667 0.9302260675411667 0.00010809642200837466 0.9302260675411667 0.00010809642200837466 0.9302260675411667 0.9302260675411667 0.9302260675411667 0.9302260675411667 0.9302260675411667 0.9302260675411667 0.9302260675411667 0.9302260675411667 0.9302260675411667 0.9302260675411667 0.9302260675411667 0.9302260675411667 0.9302260675411667
6-54297945-T-C 0.9302260675411667 0.9302260675411667 0.9302260675411667 0.9302260675411667 0.9302260675411667 0.9302260675411667 0.9302260675411667 0.9302260675411667 0.00010809642200837466 0.9302260675411667 0.00010809642200837466 0.9302260675411667 0.9302260675411667 0.9302260675411667 0.9302260675411667 0.9302260675411667 0.9302260675411667 0.9302260675411667 0.9302260675411667 0.9302260675411667 0.9302260675411667 0.9302260675411667 0.9302260675411667 0.9302260675411667
2-30159710-C-G 0.00010809642200837466 0.9302260675411667 0.9302260675411667 0.9302260675411667 0.9302260675411667 0.00010809642200837466 0.9302260675411667 0.9302260675411667 0.9302260675411667 0.9302260675411667 0.9302260675411667 0.9302260675411667 0.00010809642200837466 0.9302260675411667 0.00010809642200837466 0.9302260675411667 0.9302260675411667 0.9302260675411667 0.9302260675411667 0.9302260675411667 0.9302260675411667 0.9302260675411667 0.00010809642200837466 0.9302260675411667
16-15556718-T-C 0.9302260675411667 0.9302260675411667 0.9302260675411667 0.00010809642200837466 0.9302260675411667 0.9302260675411667 0.9302260675411667 0.9302260675411667 0.9302260675411667 0.9302260675411667 0.9302260675411667 0.9302260675411667 0.9302260675411667 0.9302260675411667 0.9302260675411667 0.9302260675411667 0.00010809642200837466 0.9302260675411667 0.9302260675411667 0.00010809642200837466 0.9302260675411667 0.9302260675411667 0.9302260675411667 0.9302260675411667
2-41458201-A-T 0.00010809642200837466 0.00010809642200837466 0.00010809642200837466 0.00010809642200837466 0.00010809642200837466 0.00010809642200837466 0.00010809642200837466 0.00010809642200837466 0.00010809642200837466 0.00010809642200837466 0.00010809642200837466 0.9302260675411667 0.00010809642200837466 0.00010809642200837466 0.00010809642200837466 0.00010809642200837466 0.00010809642200837466 0.00010809642200837466 0.00010809642200837466 0.00010809642200837466 0.00010809642200837466 0.00010809642200837466 0.00010809642200837466 0.00010809642200837466
16-91909141-T-C 0.00010809642200837466 0.9302260675411667 0.9302260675411667 0.9302260675411667 0.9302260675411667 0.00010809642200837466 0.9302260675411667 0.9302260675411667 0.9302260675411667 0.9302260675411667 0.9302260675411667 0.9302260675411667 0.00010809642200837466 0.9302260675411667 0.9302260675411667 0.9302260675411667 0.9302260675411667 0.9302260675411667 0.9302260675411667 0.9302260675411667 0.9302260675411667 0.9302260675411667 0.9302260675411667 0.9302260675411667
5-8521002-T-G 0.9302260675411667 0.00010809642200837466 0.9302260675411667 0.9302260675411667 0.9302260675411667 0.9302260675411667 0.00010809642200837466 0.9302260675411667 0.9302260675411667 0.9302260675411667 0.9302260675411667 0.9302260675411667 0.9302260675411667 0.9302260675411667 0.9302260675411667 0.9302260675411667 0.9302260675411667 0.9302260675411667 0.9302260675411667 0.9302260675411667 0.9302260675411667 0.9302260675411667 0.9302260675411667 0.9302260675411667
17-18582127-A-G 0.9302260675411667 0.9302260675411667 0.9302260675411667 0.9302260675411667 0.9302260675411667 0.9302260675411667 0.9302260675411667 0.9302260675411667 0.00010809642200837466 0.9302260675411667 0.00010809642200837466 0.9302260675411667 0.9302260675411667 0.9302260675411667 0.9302260675411667 0.9302260675411667 0.9302260675411667 0.9302260675411667 0.9302260675411667 0.9302260675411667 0.9302260675411667 0.9302260675411667 0.9302260675411667 0.9302260675411667
5-8521002-T-G 0.9302260675411667 0.00010809642200837466 0.9302260675411667 0.9302260675411667 0.9302260675411667 0.9302260675411667 0.00010809642200837466 0.9302260675411667 0.9302260675411667 0.9302260675411667 0.9302260675411667 0.9302260675411667 0.9302260675411667 0.9302260675411667 0.9302260675411667 0.9302260675411667 0.9302260675411667 0.9302260675411667 0.9302260675411667 0.9302260675411667 0.9302260675411667 0.9302260675411667 0.9302260675411667 0.9302260675411667
13-46671276-C-T 0.00010809642200837466 0.00010809642200837466 0.00010809642200837466 0.00010809642200837466 0.00010809642200837466 0.00010809642200837466 0.00010809642200837466 0.00010809642200837466 0.00010809642200837466 0.00010809642200837466 0.00010809642200837466 0.00010809642200837466 0.00010809642200837466 0.00010809642200837466 0.00010809642200837466 0.00010809642200837466 0.00010809642200837466 0.00010809642200837466 0.00010809642200837466 0.00010809642200837466 0.00010809642200837466 0.00010809642200837466 0.00010809642200837466 0.9302260675411667
6-53778198-A-T 0.9302260675411667 0.00010809642200837466 0.00010809642200837466 0.00010809642200837466 0.00010809642200837466 0.9302260675411667 0.00010809642200837466 0.00010809642200837466 0.00010809642200837466 0.00010809642200837466 0.00010809642200837466 0.00010809642200837466 0.9302260675411667 0.00010809642200837466 0.9302260675411667 0.00010809642200837466 0.00010809642200837466 0.00010809642200837466 0.00010809642200837466 0.00010809642200837466 0.00010809642200837466 0.00010809642200837466 0.00010809642200837466 0.00010809642200837466
16-89255774-T-C 0.00010809642200837466 0.9302260675411667 0.9302260675411667 0.9302260675411667 0.9302260675411667 0.00010809642200837466 0.9302260675411667 0.9302260675411667 0.9302260675411667 0.9302260675411667 0.9302260675411667 0.9302260675411667 0.00010809642200837466 0.9302260675411667 0.9302260675411667 0.9302260675411667 0.9302260675411667 0.9302260675411667 0.9302260675411667 0.9302260675411667 0.9302260675411667 0.9302260675411667 0.9302260675411667 0.9302260675411667
8-105234378-A-G 0.9302260675411667 0.9302260675411667 0.9302260675411667 0.9302260675411667 0.9302260675411667 0.9302260675411667 0.9302260675411667 0.9302260675411667 0.9302260675411667 0.9302260675411667 0.9302260675411667 0.00010809642200837466 0.9302260675411667 0.9302260675411667 0.9302260675411667 0.9302260675411667 0.9302260675411667 0.9302260675411667 0.9302260675411667 0.9302260675411667 0.00010809642200837466 0.9302260675411667 0.9302260675411667 0.9302260675411667
7-27658465-G-A 0.9302260675411667 0.9302260675411667 0.9302260675411667 0.9302260675411667 0.9302260675411667 0.9302260675411667 0.9302260675411667 0.9302260675411667 0.00010809642200837466 0.9302260675411667 0.00010809642200837466 0.9302260675411667 0.9302260675411667 0.9302260675411667 0.9302260675411667 0.9302260675411667 0.9302260675411667 0.9302260675411667 0.9302260675411667 0.9302260675411667 0.9302260675411667 0.9302260675411667 0.9302260675411667 0.9302260675411667
9-98925322-C-T 0.00010809642200837466 0.9302260675411667 0.9302260675411667 0.9302260675411667 0.9302260675411667 0.9302260675411667 0.9302260675411667 0.9302260675411667 0.9302260675411667 0.9302260675411667 0.9302260675411667 0.9302260675411667 0.00010809642200837466 0.9302260675411667 0.9302260675411667 0.9302260675411667 0.9302260675411667 0.9302260675411667 0.9302260675411667 0.9302260675411667 0.9302260675411667 0.9302260675411667 0.9302260675411667 0.9302260675411667
16-62928255-A-G 0.9302260675411667 0.9302260675411667 0.9302260675411667 0.9302260675411667 0.9302260675411667 0.9302260675411667 0.9302260675411667 0.9302260675411667 0.9302260675411667 0.9302260675411667 0.9302260675411667 0.00010809642200837466 0.9302260675411667 0.9302260675411667 0.9302260675411667 0.9302260675411667 0.9302260675411667 0.9302260675411667 0.00010809642200837466 0.9302260675411667 0.9302260675411667 0.00010809642200837466 0.9302260675411667 0.9302260675411667
12-112916391-G-C 0.00010809642200837466 0.9302260675411667 0.9302260675411667 0.9302260675411667 0.9302260675411667 0.9302260675411667 0.9302260675411667 0.9302260675411667 0.9302260675411667 0.9302260675411667 0.9302260675411667 0.9302260675411667 0.00010809642200837466 0.9302260675411667 0.9302260675411667 0.9302260675411667 0.9302260675411667 0.9302260675411667 0.9302260675411667 0.9302260675411667 0.9302260675411667 0.9302260675411667 0.9302260675411667 0.9302260675411667
4-43414970-T-G 0.9302260675411667 0.00010809642200837466 0.9302260675411667 0.9302260675411667 0.9302260675411667 0.9302260675411667 0.00010809642200837466 0.00010809642200837466 0.9302260675411667 0.00010809642200837466 0.9302260675411667 0.9302260675411667 0.9302260675411667 0.9302260675411667 0.9302260675411667 0.9302260675411667 0.9302260675411667 0.9302260675411667 0.9302260675411667 0.9302260675411667 0.9302260675411667 0.9302260675411667 0.9302260675411667 0.9302260675411667
18-40210967-A-T 0.00010809642200837466 0.9302260675411667 0.9302260675411667 0.9302260675411667 0.9302260675411667 0.9302260675411667 0.9302260675411667 0.9302260675411667 0.9302260675411667 0.9302260675411667 0.9302260675411667 0.9302260675411667 0.00010809642200837466 0.9302260675411667 0.9302260675411667 0.9302260675411667 0.9302260675411667 0.9302260675411667 0.9302260675411667 0.9302260675411667 0.9302260675411667 0.9302260675411667 0.9302260675411667 0.9302260675411667
11-26459822-G-A 0.00010809642200837466 0.9302260675411667 0.9302260675411667 0.9302260675411667 0.9302260675411667 0.00010809642200837466 0.9302260675411667 0.9302260675411667 0.9302260675411667 0.9302260675411667 0.9302260675411667 0.9302260675411667 0.00010809642200837466 0.9302260675411667 0.9302260675411667 0.9302260675411667 0.9302260675411667 0.9302260675411667 0.9302260675411667 0.9302260675411667 0.9302260675411667 0.9302260675411667 0.9302260675411667 0.9302260675411667
11-73940872-C-T 0.9302260675411667 0.00010809642200837466 0.9302260675411667 0.9302260675411667 0.9302260675411667 0.9302260675411667 0.00010809642200837466 0.9302260675411667 0.9302260675411667 0.9302260675411667 0.9302260675411667 0.9302260675411667 0.9302260675411667 0.9302260675411667 0.9302260675411667 0.9302260675411667 0.9302260675411667 0.9302260675411667 0.9302260675411667 0.9302260675411667 0.9302260675411667 0.9302260675411667 0.9302260675411667 0.9302260675411667
8-72757323-C-G 0.00010809642200837466 0.9302260675411667 0.9302260675411667 0.9302260675411667 0.9302260675411667 0.9302260675411667 0.9302260675411667 0.9302260675411667 0.9302260675411667 0.9302260675411667 0.9302260675411667 0.9302260675411667 0.00010809642200837466 0.9302260675411667 0.9302260675411667 0.9302260675411667 0.9302260675411667 0.9302260675411667 0.9302260675411667 0.9302260675411667 0.9302260675411667 0.9302260675411667 0.9302260675411667 0.9302260675411667
17-23386067-G-C 0.9302260675411667 0.9302260675411667 0.9302260675411667 0.9302260675411667 0.9302260675411667 0.9302260675411667 0.9302260675411667 0.9302260675411667 0.00010809642200837466 0.9302260675411667 0.00010809642200837466 0.9302260675411667 0.9302260675411667 0.9302260675411667 0.9302260675411667 0.9302260675411667 0.9302260675411667 0.9302260675411667 0.9302260675411667 0.9302260675411667 0.9302260675411667 0.9302260675411667 0.9302260675411667 0.9302260675411667
14-51988976-C-A 0.9302260675411667 0.00010809642200837466 0.9302260675411667 0.9302260675411667 0.9302260675411667 0.9302260675411667 0.00010809642200837466 0.9302260675411667 0.9302260675411667 0.9302260675411667 0.9302260675411667 0.9302260675411667 0.9302260675411667 0.9302260675411667 0.9302260675411667 0.9302260675411667 0.9302260675411667 0.9302260675411667 0.9302260675411667 0.9302260675411667 0.9302260675411667 0.9302260675411667 0.9302260675411667 0.9302260675411667
18-30305059-T-C 0.9302260675411667 0.9302260675411667 0.9302260675411667 0.9302260675411667 0.9302260675411667 0.9302260675411667 0.9302260675411667 0.9302260675411667 0.9302260675411667 0.9302260675411667 0.9302260675411667 0.9302260675411667 0.9302260675411667 0.00010809642200837466 0.9302260675411667 0.9302260675411667 0.9302260675411667 0.9302260675411667 0.9302260675411667 0.9302260675411667 0.9302260675411667 0.9302260675411667 0.9302260675411667 0.00010809642200837466
2-23511423-A-G 0.9302260675411667 0.00010809642200837466 0.9302260675411667 0.9302260675411667 0.9302260675411667 0.9302260675411667 0.00010809642200837466 0.00010809642200837466 0.9302260675411667 0.00010809642200837466 0.9302260675411667 0.9302260675411667 0.9302260675411667 0.9302260675411667 0.9302260675411667 0.9302260675411667 0.9302260675411667 0.9302260675411667 0.9302260675411667 0.9302260675411667 0.9302260675411667 0.9302260675411667 0.9302260675411667 0.9302260675411667
5-123160931-G-C 0.00010809642200837466 0.9302260675411667 0.9302260675411667 0.9302260675411667 0.9302260675411667 0.00010809642200837466 0.9302260675411667 0.9302260675411667 0.9302260675411667 0.9302260675411667 0.9302260675411667 0.9302260675411667 0.00010809642200837466 0.9302260675411667 0.9302260675411667 0.9302260675411667 0.9302260675411667 0.9302260675411667 0.9302260675411667 0.9302260675411667 0.9302260675411667 0.9302260675411667 0.9302260675411667 0.9302260675411667
6-17555676-G-A 0.9302260675411667 0.9302260675411667 0.9302260675411667 0.9302260675411667 0.9302260675411667 0.9302260675411667 0.9302260675411667 0.9302260675411667 0.9302260675411667 0.9302260675411667 0.9302260675411667 0.00010809642200837466 0.9302260675411667 0.9302260675411667 0.9302260675411667 0.9302260675411667 0.9302260675411667 0.9302260675411667 0.9302260675411667 0.9302260675411667 0.00010809642200837466 0.9302260675411667 0.9302260675411667 0.9302260675411667
13-59632930-G-A 0.00010809642200837466 0.9302260675411667 0.9302260675411667 0.9302260675411667 0.9302260675411667 0.9302260675411667 0.9302260675411667 0.9302260675411667 0.9302260675411667 0.9302260675411667 0.9302260675411667 0.9302260675411667 0.00010809642200837466 0.9302260675411667 0.9302260675411667 0.9302260675411667 0.9302260675411667 0.9302260675411667 0.9302260675411667 0.9302260675411667 0.9302260675411667 0.9302260675411667 0.9302260675411667 0.9302260675411667
11-70940116-T-G 0.9302260675411667 0.00010809642200837466 0.9302260675411667 0.9302260675411667 0.9302260675411667 0.9302260675411667 0.00010809642200837466 0.9302260675411667 0.9302260675411667 0.9302260675411667 0.9302260675411667 0.9302260675411667 0.9302260675411667 0.9302260675411667 0.9302260675411667 0.9302260675411667 0.9302260675411667 0.9302260675411667 0.9302260675411667 0.9302260675411667 0.9302260675411667 0.9302260675411667 0.9302260675411667 0.9302260675411667
7-16213083-G-C 0.00010809642200837466 0.9302260675411667 0.9302260675411667 0.9302260675411667 0.9302260675411667 0.00010809642200837466 0.9302260675411667 0.9302260675411667 0.9302260675411667 0.9302260675411667 0.9302260675411667 0.9302260675411667 0.00010809642200837466 0.9302260675411667 0.00010809642200837466 0.9302260675411667 0.9302260675411667 0.9302260675411667 0.9302260675411667 0.9302260675411667 0.9302260675411667 0.9302260675411667 0.9302260675411667 0.9302260675411667
13-8837043-A-T 0.00010809642200837466 0.00010809642200837466 0.00010809642200837466 0.00010809642200837466 0.00010809642200837466 0.00010809642200837466 0.00010809642200837466 0.00010809642200837466 0.00010809642200837466 0.00010809642200837466 0.00010809642200837466 0.00010809642200837466 0.00010809642200837466 0.00010809642200837466 0.00010809642200837466 0.00010809642200837466 0.00010809642200837466 0.00010809642200837466 0.00010809642200837466 0.00010809642200837466 0.00010809642200837466 0.00010809642200837466 0.00010809642200837466 0.9302260675411667
18-6210989-A-C 0.9302260675411667 0.9302260675411667 0.9302260675411667 0.9302260675411667 0.9302260675411667 0.9302260675411667 0.9302260675411667 0.9302260675411667 0.00010809642200837466 0.9302260675411667 0.00010809642200837466 0.9302260675411667 0.9302260675411667 0.9302260675411667 0.9302260675411667 0.9302260675411667 0.9302260675411667 0.9302260675411667 0.9302260675411667 0.9302260675411667 0.9302260675411667 0.9302260675411667 0.9302260675411667 0.9302260675411667
9-74148789-T-C 0.9302260675411667 0.9302260675411667 0.9302260675411667 0.9302260675411667 0.9302260675411667 0.9302260675411667 0.9302260675411667 0.9302260675411667 0.00010809642200837466 0.9302260675411667 0.00010809642200837466 0.9302260675411667 0.9302260675411667 0.9302260675411667 0.9302260675411667 0.9302260675411667 0.9302260675411667 0.9302260675411667 0.9302260675411667 0.9302260675411667 0.9302260675411667 0.9302260675411667 0.9302260675411667 0.9302260675411667
6-55132820-G-A 0.9302260675411667 0.00010809642200837466 0.00010809642200837466 0.00010809642200837466 0.00010809642200837466 0.9302260675411667 0.00010809642200837466 0.00010809642200837466 0.00010809642200837466 0.00010809642200837466 0.00010809642200837466 0.00010809642200837466 0.9302260675411667 0.00010809642200837466 0.9302260675411667 0.00010809642200837466 0.00010809642200837466 0.00010809642200837466 0.00010809642200837466 0.00010809642200837466 0.00010809642200837466 0.00010809642200837466 0.00010809642200837466 0.00010809642200837466
1-133657278-C-T 0.9302260675411667 0.00010809642200837466 0.9302260675411667 0.9302260675411667 0.00010809642200837466 0.9302260675411667 0.00010809642200837466 0.00010809642200837466 0.9302260675411667 0.00010809642200837466 0.9302260675411667 0.9302260675411667 0.9302260675411667 0.9302260675411667 0.9302260675411667 0.9302260675411667 0.9302260675411667 0.9302260675411667 0.9302260675411667 0.9302260675411667 0.9302260675411667 0.9302260675411667 0.9302260675411667 0.9302260675411667
14-66968757-G-C 0.9302260675411667 0.9302260675411667 0.9302260675411667 0.9302260675411667 0.9302260675411667 0.9302260675411667 0.9302260675411667 0.9302260675411667 0.9302260675411667 0.9302260675411667 0.9302260675411667 0.9302260675411667 0.9302260675411667 0.00010809642200837466 0.9302260675411667 0.9302260675411667 0.9302260675411667 0.9302260675411667 0.9302260675411667 0.9302260675411667 0.9302260675411667 0.9302260675411667 0.9302260675411667 0.00010809642200837466
9-53498860-T-C 0.9302260675411667 0.00010809642200837466 0.9302260675411667 0.9302260675411667 0.9302260675411667 0.9302260675411667 0.00010809642200837466 0.9302260675411667 0.9302260675411667 0.9302260675411667 0.9302260675411667 0.9302260675411667 0.9302260675411667 0.9302260675411667 0.9302260675411667 0.9302260675411667 0.9302260675411667 0.9302260675411667 0.9302260675411667 0.9302260675411667 0.9302260675411667 0.9302260675411667 0.9302260675411667 0.9302260675411667
3-32718703-T-G 0.9302260675411667 0.9302260675411667 0.9302260675411667 0.9302260675411667 0.9302260675411667 0.9302260675411667 0.9302260675411667 0.9302260675411667 0.00010809642200837466 0.9302260675411667 0.00010809642200837466 0.9302260675411667 0.9302260675411667 0.9302260675411667 0.9302260675411667 0.9302260675411667 0.9302260675411667 0.9302260675411667 0.9302260675411667 0.9302260675411667 0.9302260675411667 0.9302260675411667 0.9302260675411667 0.9302260675411667
13-20290522-T-C 0.00010809642200837466 0.00010809642200837466 0.00010809642200837466 0.00010809642200837466 0.00010809642200837466 0.00010809642200837466 0.00010809642200837466 0.00010809642200837466 0.00010809642200837466 0.00010809642200837466 0.00010809642200837466 0.00010809642200837466 0.00010809642200837466 0.00010809642200837466 0.00010809642200837466 0.00010809642200837466 0.00010809642200837466 0.9302260675411667 0.00010809642200837466 0.00010809642200837466 0.00010809642200837466 0.00010809642200837466 0.00010809642200837466 0.00010809642200837466
1-171515719-C-G 0.9302260675411667 0.9302260675411667 0.9302260675411667 0.9302260675411667 0.9302260675411667 0.9302260675411667 0.9302260675411667 0.9302260675411667 0.00010809642200837466 0.9302260675411667 0.00010809642200837466 0.9302260675411667 0.9302260675411667 0.9302260675411667 0.9302260675411667 0.9302260675411667 0.9302260675411667 0.9302260675411667 0.9302260675411667 0.9302260675411667 0.9302260675411667 0.9302260675411667 0.9302260675411667 0.9302260675411667
8-85540536-T-G 0.9302260675411667 0.9302260675411667 0.9302260675411667 0.9302260675411667 0.9302260675411667 0.9302260675411667 0.9302260675411667 0.9302260675411667 0.00010809642200837466 0.9302260675411667 0.00010809642200837466 0.9302260675411667 0.9302260675411667 0.9302260675411667 0.9302260675411667 0.9302260675411667 0.9302260675411667 0.9302260675411667 0.9302260675411667 0.9302260675411667 0.9302260675411667 0.9302260675411667 0.9302260675411667 0.9302260675411667
14-5019585-G-C 0.00010809642200837466 0.00010809642200837466 0.00010809642200837466 0.00010809642200837466 0.9302260675411667 0.00010809642200837466 0.00010809642200837466 0.00010809642200837466 0.00010809642200837466 0.00010809642200837466 0.00010809642200837466 0.9302260675411667 0.00010809642200837466 0.00010809642200837466 0.00010809642200837466 0.00010809642200837466 0.00010809642200837466 0.00010809642200837466 0.00010809642200837466 0.00010809642200837466 0.00010809642200837466 0.00010809642200837466 0.00010809642200837466 0.00010809642200837466
13-50646708-A-G 0.9302260675411667 0.9302260675411667 0.9302260675411667 0.00010809642200837466 0.9302260675411667 0.9302260675411667 0.9302260675411667 0.9302260675411667 0.9302260675411667 0.9302260675411667 0.9302260675411667 0.9302260675411667 0.9302260675411667 0.9302260675411667 0.9302260675411667 0.9302260675411667 0.00010809642200837466 0.9302260675411667 0.9302260675411667 0.00010809642200837466 0.9302260675411667 0.9302260675411667 0.9302260675411667 0.9302260675411667
19-39438458-T-C 0.9302260675411667 0.9302260675411667 0.9302260675411667 0.9302260675411667 0.9302260675411667 0.9302260675411667 0.9302260675411667 0.9302260675411667 0.9302260675411667 0.9302260675411667 0.9302260675411667 0.00010809642200837466 0.9302260675411667 0.9302260675411667 0.9302260675411667 0.9302260675411667 0.9302260675411667 0.9302260675411667 0.9302260675411667 0.9302260675411667 0.00010809642200837466 0.9302260675411667 0.9302260675411667 0.9302260675411667
10-127295215-T-C 0.9302260675411667 0.9302260675411667 0.9302260675411667 0.9302260675411667 0.9302260675411667 0.9302260675411667 0.9302260675411667 0.9302260675411667 0.00010809642200837466 0.9302260675411667 0.00010809642200837466 0.9302260675411667 0.9302260675411667 0.9302260675411667 0.9302260675411667 0.9302260675411667 0.9302260675411667 0.9302260675411667 0.9302260675411667 0.9302260675411667 0.9302260675411667 0.9302260675411667 0.9302260675411667 0.9302260675411667
13-66543323-C-T 0.00010809642200837466 0.00010809642200837466 0.00010809642200837466 0.00010809642200837466 0.00010809642200837466 0.00010809642200837466 0.00010809642200837466 0.00010809642200837466 0.00010809642200837466 0.00010809642200837466 0.00010809642200837466 0.00010809642200837466 0.00010809642200837466 0.00010809642200837466 0.00010809642200837466 0.00010809642200837466 0.00010809642200837466 0.00010809642200837466 0.00010809642200837466 0.00010809642200837466 0.00010809642200837466 0.00010809642200837466 0.00010809642200837466 0.9302260675411667
9-22567879-A-G 0.9302260675411667 0.9302260675411667 0.9302260675411667 0.9302260675411667 0.9302260675411667 0.9302260675411667 0.9302260675411667 0.9302260675411667 0.9302260675411667 0.9302260675411667 0.9302260675411667 0.00010809642200837466 0.9302260675411667 0.9302260675411667 0.9302260675411667 0.9302260675411667 0.9302260675411667 0.9302260675411667 0.9302260675411667 0.9302260675411667 0.00010809642200837466 0.9302260675411667 0.9302260675411667 0.9302260675411667
13-43550991-T-C 0.00010809642200837466 0.00010809642200837466 0.00010809642200837466 0.00010809642200837466 0.00010809642200837466 0.00010809642200837466 0.00010809642200837466 0.00010809642200837466 0.00010809642200837466 0.00010809642200837466 0.00010809642200837466 0.00010809642200837466 0.00010809642200837466 0.00010809642200837466 0.00010809642200837466 0.00010809642200837466 0.00010809642200837466 0.00010809642200837466 0.00010809642200837466 0.00010809642200837466 0.00010809642200837466 0.00010809642200837466 0.00010809642200837466 0.9302260675411667
9-49505360-A-G 0.9302260675411667 0.9302260675411667 0.9302260675411667 0.9302260675411667 0.9302260675411667 0.9302260675411667 0.9302260675411667 0.9302260675411667 0.00010809642200837466 0.00010809642200837466 0.00010809642200837466 0.9302260675411667 0.9302260675411667 0.9302260675411667 0.9302260675411667 0.9302260675411667 0.9302260675411667 0.9302260675411667 0.9302260675411667 0.9302260675411667 0.9302260675411667 0.9302260675411667 0.9302260675411667 0.9302260675411667
18-49951353-A-T 0.9302260675411667 0.9302260675411667 0.9302260675411667 0.9302260675411667 0.9302260675411667 0.9302260675411667 0.9302260675411667 0.9302260675411667 0.9302260675411667 0.9302260675411667 0.9302260675411667 0.00010809642200837466 0.9302260675411667 0.9302260675411667 0.9302260675411667 0.9302260675411667 0.9302260675411667 0.9302260675411667 0.00010809642200837466 0.9302260675411667 0.00010809642200837466 0.00010809642200837466 0.9302260675411667 0.9302260675411667
5-147383501-A-G 0.00010809642200837466 0.9302260675411667 0.9302260675411667 0.9302260675411667 0.9302260675411667 0.00010809642200837466 0.9302260675411667 0.9302260675411667 0.9302260675411667 0.9302260675411667 0.9302260675411667 0.9302260675411667 0.00010809642200837466 0.9302260675411667 0.00010809642200837466 0.9302260675411667 0.9302260675411667 0.9302260675411667 0.9302260675411667 0.9302260675411667 0.9302260675411667 0.9302260675411667 0.9302260675411667 0.9302260675411667
13-23543276-T-C 0.9302260675411667 0.9302260675411667 0.9302260675411667 0.00010809642200837466 0.9302260675411667 0.9302260675411667 0.9302260675411667 0.9302260675411667 0.9302260675411667 0.9302260675411667 0.9302260675411667 0.9302260675411667 0.9302260675411667 0.9302260675411667 0.9302260675411667 0.9302260675411667 0.00010809642200837466 0.9302260675411667 0.9302260675411667 0.00010809642200837466 0.9302260675411667 0.9302260675411667 0.9302260675411667 0.9302260675411667
8-13090886-T-G 0.9302260675411667 0.9302260675411667 0.9302260675411667 0.00010809642200837466 0.9302260675411667 0.9302260675411667 0.9302260675411667 0.9302260675411667 0.9302260675411667 0.9302260675411667 0.9302260675411667 0.9302260675411667 0.9302260675411667 0.9302260675411667 0.9302260675411667 0.9302260675411667 0.00010809642200837466 0.9302260675411667 0.9302260675411667 0.00010809642200837466 0.9302260675411667 0.9302260675411667 0.9302260675411667 0.9302260675411667
10-59896419-G-C 0.9302260675411667 0.00010809642200837466 0.9302260675411667 0.9302260675411667 0.9302260675411667 0.9302260675411667 0.00010809642200837466 0.9302260675411667 0.9302260675411667 0.9302260675411667 0.9302260675411667 0.9302260675411667 0.9302260675411667 0.9302260675411667 0.9302260675411667 0.9302260675411667 0.9302260675411667 0.9302260675411667 0.9302260675411667 0.9302260675411667 0.9302260675411667 0.9302260675411667 0.9302260675411667 0.9302260675411667
9-107978470-C-A 0.00010809642200837466 0.9302260675411667 0.9302260675411667 0.9302260675411667 0.9302260675411667 0.00010809642200837466 0.9302260675411667 0.9302260675411667 0.9302260675411667 0.9302260675411667 0.9302260675411667 0.9302260675411667 0.00010809642200837466 0.9302260675411667 0.9302260675411667 0.9302260675411667 0.9302260675411667 0.9302260675411667 0.9302260675411667 0.9302260675411667 0.9302260675411667 0.9302260675411667 0.9302260675411667 0.9302260675411667
16-49238985-T-C 0.00010809642200837466 0.00010809642200837466 0.9302260675411667 0.9302260675411667 0.00010809642200837466 0.00010809642200837466 0.00010809642200837466 0.00010809642200837466 0.00010809642200837466 0.00010809642200837466 0.00010809642200837466 0.9302260675411667 0.00010809642200837466 0.9302260675411667 0.00010809642200837466 0.9302260675411667 0.9302260675411667 0.00010809642200837466 0.9302260675411667 0.9302260675411667 0.9302260675411667 0.9302260675411667 0.00010809642200837466 0.9302260675411667
6-124405053-A-G 0.9302260675411667 0.9302260675411667 0.9302260675411667 0.9302260675411667 0.9302260675411667 0.9302260675411667 0.9302260675411667 0.9302260675411667 0.00010809642200837466 0.9302260675411667 0.00010809642200837466 0.9302260675411667 0.9302260675411667 0.9302260675411667 0.9302260675411667 0.9302260675411667 0.9302260675411667 0.9302260675411667 0.9302260675411667 0.9302260675411667 0.9302260675411667 0.9302260675411667 0.9302260675411667 0.9302260675411667
1-101019793-C-G 0.9302260675411667 0.9302260675411667 0.9302260675411667 0.9302260675411667 0.9302260675411667 0.9302260675411667 0.9302260675411667 0.9302260675411667 0.00010809642200837466 0.9302260675411667 0.00010809642200837466 0.9302260675411667 0.9302260675411667 0.9302260675411667 0.9302260675411667 0.9302260675411667 0.9302260675411667 0.9302260675411667 0.9302260675411667 0.9302260675411667 0.9302260675411667 0.9302260675411667 0.9302260675411667 0.9302260675411667
15-80390895-A-T 0.9302260675411667 0.9302260675411667 0.9302260675411667 0.9302260675411667 0.9302260675411667 0.9302260675411667 0.9302260675411667 0.9302260675411667 0.00010809642200837466 0.9302260675411667 0.00010809642200837466 0.9302260675411667 0.9302260675411667 0.9302260675411667 0.9302260675411667 0.9302260675411667 0.9302260675411667 0.9302260675411667 0.9302260675411667 0.9302260675411667 0.9302260675411667 0.9302260675411667 0.9302260675411667 0.9302260675411667
17-66136193-A-C 0.00010809642200837466 0.9302260675411667 0.9302260675411667 0.9302260675411667 0.9302260675411667 0.00010809642200837466 0.9302260675411667 0.9302260675411667 0.9302260675411667 0.9302260675411667 0.9302260675411667 0.9302260675411667 0.00010809642200837466 0.9302260675411667 0.9302260675411667 0.9302260675411667 0.9302260675411667 0.9302260675411667 0.9302260675411667 0.9302260675411667 0.9302260675411667 0.9302260675411667 0.9302260675411667 0.9302260675411667
17-73522761-A-G 0.9302260675411667 0.9302260675411667 0.9302260675411667 0.9302260675411667 0.9302260675411667 0.9302260675411667 0.9302260675411667 0.9302260675411667 0.00010809642200837466 0.9302260675411667 0.00010809642200837466 0.9302260675411667 0.9302260675411667 0.9302260675411667 0.9302260675411667 0.9302260675411667 0.9302260675411667 0.9302260675411667 0.9302260675411667 0.9302260675411667 0.9302260675411667 0.9302260675411667 0.9302260675411667 0.9302260675411667
6-57926873-T-C 0.9302260675411667 0.9302260675411667 0.9302260675411667 0.9302260675411667 0.9302260675411667 0.9302260675411667 0.9302260675411667 0.9302260675411667 0.00010809642200837466 0.9302260675411667 0.00010809642200837466 0.9302260675411667 0.9302260675411667 0.9302260675411667 0.9302260675411667 0.9302260675411667 0.9302260675411667 0.9302260675411667 0.9302260675411667 0.9302260675411667 0.9302260675411667 0.9302260675411667 0.9302260675411667 0.9302260675411667
9-30427461-A-G 0.9302260675411667 0.9302260675411667 0.9302260675411667 0.9302260675411667 0.9302260675411667 0.9302260675411667 0.9302260675411667 0.9302260675411667 0.9302260675411667 0.9302260675411667 0.9302260675411667 0.00010809642200837466 0.9302260675411667 0.9302260675411667 0.9302260675411667 0.9302260675411667 0.9302260675411667 0.9302260675411667 0.9302260675411667 0.9302260675411667 0.00010809642200837466 0.9302260675411667 0.9302260675411667 0.9302260675411667
10-110945432-A-G 0.9302260675411667 0.9302260675411667 0.9302260675411667 0.9302260675411667 0.9302260675411667 0.9302260675411667 0.9302260675411667 0.9302260675411667 0.9302260675411667 0.9302260675411667 0.9302260675411667 0.00010809642200837466 0.9302260675411667 0.9302260675411667 0.9302260675411667 0.9302260675411667 0.9302260675411667 0.9302260675411667 0.9302260675411667 0.9302260675411667 0.00010809642200837466 0.9302260675411667 0.9302260675411667 0.9302260675411667
1-45906718-T-A 0.9302260675411667 0.9302260675411667 0.9302260675411667 0.9302260675411667 0.9302260675411667 0.9302260675411667 0.9302260675411667 0.9302260675411667 0.9302260675411667 0.9302260675411667 0.9302260675411667 0.00010809642200837466 0.9302260675411667 0.9302260675411667 0.9302260675411667 0.9302260675411667 0.9302260675411667 0.9302260675411667 0.9302260675411667 0.9302260675411667 0.00010809642200837466 0.9302260675411667 0.9302260675411667 0.9302260675411667
5-34485895-T-G 0.9302260675411667 0.9302260675411667 0.9302260675411667 0.9302260675411667 0.9302260675411667 0.9302260675411667 0.9302260675411667 0.9302260675411667 0.9302260675411667 0.9302260675411667 0.9302260675411667 0.00010809642200837466 0.9302260675411667 0.9302260675411667 0.9302260675411667 0.9302260675411667 0.9302260675411667 0.9302260675411667 0.9302260675411667 0.9302260675411667 0.00010809642200837466 0.9302260675411667 0.9302260675411667 0.9302260675411667
1-192505487-A-C 0.9302260675411667 0.9302260675411667 0.9302260675411667 0.9302260675411667 0.9302260675411667 0.9302260675411667 0.9302260675411667 0.9302260675411667 0.00010809642200837466 0.9302260675411667 0.00010809642200837466 0.9302260675411667 0.9302260675411667 0.9302260675411667 0.9302260675411667 0.9302260675411667 0.9302260675411667 0.9302260675411667 0.9302260675411667 0.9302260675411667 0.9302260675411667 0.9302260675411667 0.9302260675411667 0.9302260675411667
6-23072867-T-C 0.9302260675411667 0.9302260675411667 0.9302260675411667 0.9302260675411667 0.9302260675411667 0.9302260675411667 0.9302260675411667 0.9302260675411667 0.9302260675411667 0.9302260675411667 0.9302260675411667 0.00010809642200837466 0.9302260675411667 0.9302260675411667 0.9302260675411667 0.9302260675411667 0.9302260675411667 0.9302260675411667 0.9302260675411667 0.9302260675411667 0.00010809642200837466 0.9302260675411667 0.9302260675411667 0.9302260675411667
2-158831643-C-T 0.00010809642200837466 0.00010809642200837466 0.00010809642200837466 0.00010809642200837466 0.00010809642200837466 0.00010809642200837466 0.00010809642200837466 0.00010809642200837466 0.00010809642200837466 0.00010809642200837466 0.00010809642200837466 0.9302260675411667 0.00010809642200837466 0.00010809642200837466 0.00010809642200837466 0.00010809642200837466 0.00010809642200837466 0.00010809642200837466 0.00010809642200837466 0.00010809642200837466 0.00010809642200837466 0.00010809642200837466 0.00010809642200837466 0.00010809642200837466
7-141611575-T-A 0.9302260675411667 0.9302260675411667 0.9302260675411667 0.9302260675411667 0.9302260675411667 0.9302260675411667 0.9302260675411667 0.9302260675411667 0.00010809642200837466 0.9302260675411667 0.00010809642200837466 0.9302260675411667 0.9302260675411667 0.9302260675411667 0.9302260675411667 0.9302260675411667 0.9302260675411667 0.9302260675411667 0.9302260675411667 0.9302260675411667 0.9302260675411667 0.9302260675411667 0.9302260675411667 0.9302260675411667
14-7008514-G-T 0.00010809642200837466 0.00010809642200837466 0.00010809642200837466 0.00010809642200837466 0.00010809642200837466 0.00010809642200837466 0.00010809642200837466 0.00010809642200837466 0.00010809642200837466 0.00010809642200837466 0.00010809642200837466 0.00010809642200837466 0.00010809642200837466 0.00010809642200837466 0.00010809642200837466 0.00010809642200837466 0.00010809642200837466 0.9302260675411667 0.00010809642200837466 0.00010809642200837466 0.00010809642200837466 0.00010809642200837466 0.00010809642200837466 0.00010809642200837466
2-87737381-A-G 0.9302260675411667 0.00010809642200837466 0.9302260675411667 0.9302260675411667 0.9302260675411667 0.9302260675411667 0.00010809642200837466 0.00010809642200837466 0.9302260675411667 0.00010809642200837466 0.9302260675411667 0.9302260675411667 0.9302260675411667 0.9302260675411667 0.9302260675411667 0.9302260675411667 0.9302260675411667 0.9302260675411667 0.9302260675411667 0.9302260675411667 0.9302260675411667 0.9302260675411667 0.9302260675411667 0.9302260675411667
11-75444372-G-A 0.9302260675411667 0.9302260675411667 0.9302260675411667 0.9302260675411667 0.9302260675411667 0.9302260675411667 0.9302260675411667 0.9302260675411667 0.9302260675411667 0.9302260675411667 0.9302260675411667 0.00010809642200837466 0.9302260675411667 0.9302260675411667 0.9302260675411667 0.9302260675411667 0.9302260675411667 0.9302260675411667 0.9302260675411667 0.9302260675411667 0.00010809642200837466 0.9302260675411667 0.9302260675411667 0.9302260675411667
16-29471997-T-G 0.9302260675411667 0.9302260675411667 0.9302260675411667 0.9302260675411667 0.9302260675411667 0.9302260675411667 0.9302260675411667 0.9302260675411667 0.00010809642200837466 0.9302260675411667 0.00010809642200837466 0.9302260675411667 0.9302260675411667 0.9302260675411667 0.9302260675411667 0.9302260675411667 0.9302260675411667 0.9302260675411667 0.9302260675411667 0.9302260675411667 0.9302260675411667 0.9302260675411667 0.9302260675411667 0.9302260675411667
10-130363910-A-G 0.9302260675411667 0.9302260675411667 0.9302260675411667 0.9302260675411667 0.9302260675411667 0.9302260675411667 0.9302260675411667 0.9302260675411667 0.9302260675411667 0.9302260675411667 0.9302260675411667 0.9302260675411667 0.9302260675411667 0.00010809642200837466 0.9302260675411667 0.9302260675411667 0.9302260675411667 0.9302260675411667 0.9302260675411667 0.9302260675411667 0.9302260675411667 0.9302260675411667 0.9302260675411667 0.00010809642200837466
12-111447919-A-C 0.9302260675411667 0.9302260675411667 0.9302260675411667 0.9302260675411667 0.9302260675411667 0.9302260675411667 0.9302260675411667 0.9302260675411667 0.00010809642200837466 0.9302260675411667 0.00010809642200837466 0.9302260675411667 0.9302260675411667 0.9302260675411667 0.9302260675411667 0.9302260675411667 0.9302260675411667 0.9302260675411667 0.9302260675411667 0.9302260675411667 0.9302260675411667 0.9302260675411667 0.9302260675411667 0.9302260675411667
4-136675586-G-T 0.9302260675411667 0.9302260675411667 0.9302260675411667 0.9302260675411667 0.9302260675411667 0.9302260675411667 0.9302260675411667 0.9302260675411667 0.00010809642200837466 0.9302260675411667 0.00010809642200837466 0.9302260675411667 0.9302260675411667 0.9302260675411667 0.9302260675411667 0.9302260675411667 0.9302260675411667 0.9302260675411667 0.9302260675411667 0.9302260675411667 0.9302260675411667 0.9302260675411667 0.9302260675411667 0.9302260675411667
5-124376385-T-A 0.00010809642200837466 0.9302260675411667 0.9302260675411667 0.9302260675411667 0.9302260675411667 0.9302260675411667 0.9302260675411667 0.9302260675411667 0.9302260675411667 0.9302260675411667 0.9302260675411667 0.9302260675411667 0.00010809642200837466 0.9302260675411667 0.9302260675411667 0.9302260675411667 0.9302260675411667 0.9302260675411667 0.9302260675411667 0.9302260675411667 0.9302260675411667 0.9302260675411667 0.9302260675411667 0.9302260675411667
4-152313845-T-G 0.9302260675411667 0.00010809642200837466 0.9302260675411667 0.9302260675411667 0.9302260675411667 0.9302260675411667 0.00010809642200837466 0.9302260675411667 0.9302260675411667 0.9302260675411667 0.9302260675411667 0.9302260675411667 0.9302260675411667 0.9302260675411667 0.9302260675411667 0.9302260675411667 0.9302260675411667 0.9302260675411667 0.9302260675411667 0.9302260675411667 0.9302260675411667 0.9302260675411667 0.9302260675411667 0.9302260675411667
4-145512844-C-A 0.00010809642200837466 0.00010809642200837466 0.00010809642200837466 0.00010809642200837466 0.00010809642200837466 0.00010809642200837466 0.00010809642200837466 0.00010809642200837466 0.00010809642200837466 0.00010809642200837466 0.00010809642200837466 0.00010809642200837466 0.9302260675411667 0.00010809642200837466 0.00010809642200837466 0.00010809642200837466 0.00010809642200837466 0.00010809642200837466 0.9302260675411667 0.00010809642200837466 0.9302260675411667 0.00010809642200837466 0.00010809642200837466 0.9302260675411667
15-82179575-C-T 0.00010809642200837466 0.9302260675411667 0.9302260675411667 0.9302260675411667 0.9302260675411667 0.00010809642200837466 0.9302260675411667 0.9302260675411667 0.9302260675411667 0.9302260675411667 0.9302260675411667 0.9302260675411667 0.00010809642200837466 0.9302260675411667 0.00010809642200837466 0.9302260675411667 0.9302260675411667 0.9302260675411667 0.9302260675411667 0.9302260675411667 0.9302260675411667 0.9302260675411667 0.9302260675411667 0.9302260675411667
13-69345839-A-G 0.9302260675411667 0.9302260675411667 0.9302260675411667 0.9302260675411667 0.9302260675411667 0.9302260675411667 0.9302260675411667 0.9302260675411667 0.00010809642200837466 0.9302260675411667 0.00010809642200837466 0.9302260675411667 0.9302260675411667 0.9302260675411667 0.9302260675411667 0.9302260675411667 0.9302260675411667 0.9302260675411667 0.9302260675411667 0.9302260675411667 0.9302260675411667 0.9302260675411667 0.9302260675411667 0.9302260675411667
14-37089246-C-A 0.9302260675411667 0.9302260675411667 0.9302260675411667 0.9302260675411667 0.9302260675411667 0.9302260675411667 0.9302260675411667 0.9302260675411667 0.9302260675411667 0.9302260675411667 0.9302260675411667 0.00010809642200837466 0.9302260675411667 0.9302260675411667 0.9302260675411667 0.9302260675411667 0.9302260675411667 0.9302260675411667 0.00010809642200837466 0.9302260675411667 0.00010809642200837466 0.00010809642200837466 0.9302260675411667 0.9302260675411667
2-22630146-C-A 0.9302260675411667 0.00010809642200837466 0.9302260675411667 0.9302260675411667 0.9302260675411667 0.9302260675411667 0.00010809642200837466 0.9302260675411667 0.9302260675411667 0.9302260675411667 0.9302260675411667 0.9302260675411667 0.9302260675411667 0.9302260675411667 0.9302260675411667 0.9302260675411667 0.9302260675411667 0.9302260675411667 0.9302260675411667 0.9302260675411667 0.9302260675411667 0.9302260675411667 0.9302260675411667 0.9302260675411667
2-91591849-T-G 0.00010809642200837466 0.00010809642200837466 0.00010809642200837466 0.00010809642200837466 0.00010809642200837466 0.00010809642200837466 0.00010809642200837466 0.00010809642200837466 0.00010809642200837466 0.00010809642200837466 0.00010809642200837466 0.9302260675411667 0.00010809642200837466 0.00010809642200837466 0.00010809642200837466 0.00010809642200837466 0.00010809642200837466 0.00010809642200837466 0.00010809642200837466 0.00010809642200837466 0.00010809642200837466 0.00010809642200837466 0.00010809642200837466 0.00010809642200837466
11-106784828-T-C 0.9302260675411667 0.9302260675411667 0.9302260675411667 0.9302260675411667 0.9302260675411667 0.9302260675411667 0.9302260675411667 0.9302260675411667 0.00010809642200837466 0.9302260675411667 0.00010809642200837466 0.9302260675411667 0.9302260675411667 0.9302260675411667 0.9302260675411667 0.9302260675411667 0.9302260675411667 0.9302260675411667 0.9302260675411667 0.9302260675411667 0.9302260675411667 0.9302260675411667 0.9302260675411667 0.9302260675411667
1-45906718-T-A 0.9302260675411667 0.9302260675411667 0.9302260675411667 0.9302260675411667 0.9302260675411667 0.9302260675411667 0.9302260675411667 0.9302260675411667 0.9302260675411667 0.9302260675411667 0.9302260675411667 0.00010809642200837466 0.9302260675411667 0.9302260675411667 0.9302260675411667 0.9302260675411667 0.9302260675411667 0.9302260675411667 0.9302260675411667 0.9302260675411667 0.00010809642200837466 0.9302260675411667 0.9302260675411667 0.9302260675411667
16-28564720-A-C 0.9302260675411667 0.9302260675411667 0.9302260675411667 0.9302260675411667 0.9302260675411667 0.9302260675411667 0.9302260675411667 0.9302260675411667 0.00010809642200837466 0.9302260675411667 0.00010809642200837466 0.9302260675411667 0.9302260675411667 0.9302260675411667 0.9302260675411667 0.9302260675411667 0.9302260675411667 0.9302260675411667 0.9302260675411667 0.9302260675411667 0.9302260675411667 0.9302260675411667 0.9302260675411667 0.9302260675411667
6-114921086-C-T 0.9302260675411667 0.9302260675411667 0.9302260675411667 0.9302260675411667 0.9302260675411667 0.9302260675411667 0.9302260675411667 0.9302260675411667 0.9302260675411667 0.9302260675411667 0.9302260675411667 0.9302260675411667 0.9302260675411667 0.00010809642200837466 0.9302260675411667 0.9302260675411667 0.9302260675411667 0.9302260675411667 0.9302260675411667 0.9302260675411667 0.9302260675411667 0.9302260675411667 0.9302260675411667 0.00010809642200837466
17-26198770-G-A 0.9302260675411667 0.9302260675411667 0.9302260675411667 0.9302260675411667 0.9302260675411667 0.9302260675411667 0.9302260675411667 0.9302260675411667 0.00010809642200837466 0.9302260675411667 0.00010809642200837466 0.9302260675411667 0.9302260675411667 0.9302260675411667 0.9302260675411667 0.9302260675411667 0.9302260675411667 0.9302260675411667 0.9302260675411667 0.9302260675411667 0.9302260675411667 0.9302260675411667 0.9302260675411667 0.9302260675411667
6-121657605-A-C 0.9302260675411667 0.9302260675411667 0.9302260675411667 0.9302260675411667 0.9302260675411667 0.9302260675411667 0.9302260675411667 0.00010809642200837466 0.9302260675411667 0.9302260675411667 0.9302260675411667 0.9302260675411667 0.9302260675411667 0.9302260675411667 0.9302260675411667 0.9302260675411667 0.9302260675411667 0.9302260675411667 0.9302260675411667 0.9302260675411667 0.9302260675411667 0.9302260675411667 0.00010809642200837466 0.9302260675411667
17-34860884-G-T 0.9302260675411667 0.9302260675411667 0.9302260675411667 0.9302260675411667 0.9302260675411667 0.9302260675411667 0.9302260675411667 0.9302260675411667 0.00010809642200837466 0.9302260675411667 0.00010809642200837466 0.9302260675411667 0.9302260675411667 0.9302260675411667 0.9302260675411667 0.9302260675411667 0.9302260675411667 0.9302260675411667 0.9302260675411667 0.9302260675411667 0.9302260675411667 0.9302260675411667 0.9302260675411667 0.9302260675411667
7-14768396-T-A 0.9302260675411667 0.9302260675411667 0.9302260675411667 0.00010809642200837466 0.9302260675411667 0.9302260675411667 0.9302260675411667 0.9302260675411667 0.9302260675411667 0.9302260675411667 0.9302260675411667 0.9302260675411667 0.9302260675411667 0.9302260675411667 0.9302260675411667 0.9302260675411667 0.00010809642200837466 0.9302260675411667 0.9302260675411667 0.00010809642200837466 0.9302260675411667 0.9302260675411667 0.9302260675411667 0.9302260675411667
2-155636127-T-C 0.9302260675411667 0.9302260675411667 0.9302260675411667 0.9302260675411667 0.9302260675411667 0.9302260675411667 0.9302260675411667 0.9302260675411667 0.00010809642200837466 0.9302260675411667 0.00010809642200837466 0.9302260675411667 0.9302260675411667 0.9302260675411667 0.9302260675411667 0.9302260675411667 0.9302260675411667 0.9302260675411667 0.9302260675411667 0.9302260675411667 0.9302260675411667 0.9302260675411667 0.9302260675411667 0.9302260675411667
17-33199842-C-T 0.9302260675411667 0.9302260675411667 0.9302260675411667 0.9302260675411667 0.9302260675411667 0.9302260675411667 0.9302260675411667 0.9302260675411667 0.00010809642200837466 0.9302260675411667 0.00010809642200837466 0.9302260675411667 0.9302260675411667 0.9302260675411667 0.9302260675411667 0.9302260675411667 0.9302260675411667 0.9302260675411667 0.9302260675411667 0.9302260675411667 0.9302260675411667 0.9302260675411667 0.9302260675411667 0.9302260675411667
16-5212725-T-C 0.00010809642200837466 0.00010809642200837466 0.9302260675411667 0.00010809642200837466 0.9302260675411667 0.00010809642200837466 0.00010809642200837466 0.00010809642200837466 0.00010809642200837466 0.00010809642200837466 0.00010809642200837466 0.00010809642200837466 0.00010809642200837466 0.00010809642200837466 0.9302260675411667 0.00010809642200837466 0.00010809642200837466 0.00010809642200837466 0.00010809642200837466 0.00010809642200837466 0.00010809642200837466 0.00010809642200837466 0.00010809642200837466 0.00010809642200837466
16-57133075-A-T 0.9302260675411667 0.9302260675411667 0.9302260675411667 0.00010809642200837466 0.9302260675411667 0.9302260675411667 0.9302260675411667 0.9302260675411667 0.9302260675411667 0.9302260675411667 0.9302260675411667 0.9302260675411667 0.9302260675411667 0.9302260675411667 0.9302260675411667 0.9302260675411667 0.00010809642200837466 0.9302260675411667 0.9302260675411667 0.00010809642200837466 0.9302260675411667 0.9302260675411667 0.9302260675411667 0.9302260675411667
3-60037216-T-A 0.9302260675411667 0.00010809642200837466 0.00010809642200837466 0.00010809642200837466 0.00010809642200837466 0.9302260675411667 0.00010809642200837466 0.00010809642200837466 0.00010809642200837466 0.00010809642200837466 0.00010809642200837466 0.00010809642200837466 0.9302260675411667 0.9302260675411667 0.9302260675411667 0.00010809642200837466 0.00010809642200837466 0.00010809642200837466 0.9302260675411667 0.00010809642200837466 0.00010809642200837466 0.00010809642200837466 0.9302260675411667 0.9302260675411667
11-75444372-G-A 0.9302260675411667 0.9302260675411667 0.9302260675411667 0.9302260675411667 0.9302260675411667 0.9302260675411667 0.9302260675411667 0.9302260675411667 0.9302260675411667 0.9302260675411667 0.9302260675411667 0.00010809642200837466 0.9302260675411667 0.9302260675411667 0.9302260675411667 0.9302260675411667 0.9302260675411667 0.9302260675411667 0.9302260675411667 0.9302260675411667 0.00010809642200837466 0.9302260675411667 0.9302260675411667 0.9302260675411667
15-81981109-T-G 0.9302260675411667 0.9302260675411667 0.9302260675411667 0.00010809642200837466 0.9302260675411667 0.9302260675411667 0.9302260675411667 0.9302260675411667 0.9302260675411667 0.9302260675411667 0.9302260675411667 0.9302260675411667 0.9302260675411667 0.9302260675411667 0.9302260675411667 0.9302260675411667 0.00010809642200837466 0.9302260675411667 0.9302260675411667 0.00010809642200837466 0.9302260675411667 0.9302260675411667 0.9302260675411667 0.9302260675411667
6-30241527-A-C 0.00010809642200837466 0.9302260675411667 0.9302260675411667 0.9302260675411667 0.9302260675411667 0.9302260675411667 0.9302260675411667 0.9302260675411667 0.9302260675411667 0.9302260675411667 0.9302260675411667 0.9302260675411667 0.00010809642200837466 0.9302260675411667 0.9302260675411667 0.9302260675411667 0.9302260675411667 0.9302260675411667 0.9302260675411667 0.9302260675411667 0.9302260675411667 0.9302260675411667 0.9302260675411667 0.9302260675411667
1-75415625-A-C 0.9302260675411667 0.9302260675411667 0.9302260675411667 0.9302260675411667 0.9302260675411667 0.9302260675411667 0.9302260675411667 0.9302260675411667 0.00010809642200837466 0.9302260675411667 0.00010809642200837466 0.9302260675411667 0.9302260675411667 0.9302260675411667 0.9302260675411667 0.9302260675411667 0.9302260675411667 0.9302260675411667 0.9302260675411667 0.9302260675411667 0.9302260675411667 0.9302260675411667 0.9302260675411667 0.9302260675411667
2-158831643-C-T 0.00010809642200837466 0.00010809642200837466 0.00010809642200837466 0.00010809642200837466 0.00010809642200837466 0.00010809642200837466 0.00010809642200837466 0.00010809642200837466 0.00010809642200837466 0.00010809642200837466 0.00010809642200837466 0.9302260675411667 0.00010809642200837466 0.00010809642200837466 0.00010809642200837466 0.00010809642200837466 0.00010809642200837466 0.00010809642200837466 0.00010809642200837466 0.00010809642200837466 0.00010809642200837466 0.00010809642200837466 0.00010809642200837466 0.00010809642200837466
11-112831539-T-C 0.9302260675411667 0.00010809642200837466 0.9302260675411667 0.9302260675411667 0.9302260675411667 0.9302260675411667 0.00010809642200837466 0.9302260675411667 0.9302260675411667 0.9302260675411667 0.9302260675411667 0.9302260675411667 0.9302260675411667 0.9302260675411667 0.9302260675411667 0.9302260675411667 0.9302260675411667 0.9302260675411667 0.9302260675411667 0.9302260675411667 0.9302260675411667 0.9302260675411667 0.9302260675411667 0.9302260675411667
4-76059848-C-A 0.9302260675411667 0.00010809642200837466 0.9302260675411667 0.9302260675411667 0.9302260675411667 0.9302260675411667 0.00010809642200837466 0.9302260675411667 0.9302260675411667 0.00010809642200837466 0.9302260675411667 0.9302260675411667 0.9302260675411667 0.9302260675411667 0.9302260675411667 0.9302260675411667 0.9302260675411667 0.9302260675411667 0.9302260675411667 0.9302260675411667 0.9302260675411667 0.9302260675411667 0.9302260675411667 0.9302260675411667
7-121673032-A-C 0.9302260675411667 0.9302260675411667 0.9302260675411667 0.9302260675411667 0.9302260675411667 0.9302260675411667 0.9302260675411667 0.9302260675411667 0.9302260675411667 0.9302260675411667 0.9302260675411667 0.9302260675411667 0.9302260675411667 0.00010809642200837466 0.9302260675411667 0.9302260675411667 0.9302260675411667 0.9302260675411667 0.9302260675411667 0.9302260675411667 0.9302260675411667 0.9302260675411667 0.9302260675411667 0.00010809642200837466
15-90993774-C-A 0.9302260675411667 0.9302260675411667 0.9302260675411667 0.00010809642200837466 0.9302260675411667 0.9302260675411667 0.9302260675411667 0.9302260675411667 0.9302260675411667 0.9302260675411667 0.9302260675411667 0.9302260675411667 0.9302260675411667 0.9302260675411667 0.9302260675411667 0.9302260675411667 0.00010809642200837466 0.9302260675411667 0.9302260675411667 0.00010809642200837466 0.9302260675411667 0.9302260675411667 0.9302260675411667 0.9302260675411667
4-70249096-A-G 0.9302260675411667 0.9302260675411667 0.9302260675411667 0.9302260675411667 0.9302260675411667 0.9302260675411667 0.9302260675411667 0.9302260675411667 0.9302260675411667 0.9302260675411667 0.9302260675411667 0.00010809642200837466 0.9302260675411667 0.9302260675411667 0.9302260675411667 0.9302260675411667 0.9302260675411667 0.9302260675411667 0.9302260675411667 0.9302260675411667 0.00010809642200837466 0.9302260675411667 0.9302260675411667 0.9302260675411667
15-94341073-G-C 0.00010809642200837466 0.9302260675411667 0.00010809642200837466 0.00010809642200837466 0.00010809642200837466 0.00010809642200837466 0.00010809642200837466 0.9302260675411667 0.00010809642200837466 0.9302260675411667 0.00010809642200837466 0.00010809642200837466 0.00010809642200837466 0.00010809642200837466 0.00010809642200837466 0.00010809642200837466 0.00010809642200837466 0.00010809642200837466 0.00010809642200837466 0.00010809642200837466 0.00010809642200837466 0.00010809642200837466 0.00010809642200837466 0.00010809642200837466
7-16675732-G-A 0.00010809642200837466 0.9302260675411667 0.9302260675411667 0.9302260675411667 0.9302260675411667 0.00010809642200837466 0.9302260675411667 0.9302260675411667 0.00010809642200837466 0.9302260675411667 0.00010809642200837466 0.9302260675411667 0.00010809642200837466 0.9302260675411667 0.00010809642200837466 0.9302260675411667 0.9302260675411667 0.00010809642200837466 0.9302260675411667 0.9302260675411667 0.9302260675411667 0.9302260675411667 0.00010809642200837466 0.9302260675411667
11-87874948-G-C 0.00010809642200837466 0.9302260675411667 0.9302260675411667 0.9302260675411667 0.9302260675411667 0.9302260675411667 0.9302260675411667 0.9302260675411667 0.9302260675411667 0.9302260675411667 0.9302260675411667 0.9302260675411667 0.00010809642200837466 0.9302260675411667 0.9302260675411667 0.9302260675411667 0.9302260675411667 0.9302260675411667 0.9302260675411667 0.9302260675411667 0.9302260675411667 0.9302260675411667 0.9302260675411667 0.9302260675411667
2-30345202-T-A 0.9302260675411667 0.9302260675411667 0.9302260675411667 0.00010809642200837466 0.9302260675411667 0.9302260675411667 0.9302260675411667 0.9302260675411667 0.9302260675411667 0.9302260675411667 0.9302260675411667 0.9302260675411667 0.9302260675411667 0.9302260675411667 0.9302260675411667 0.9302260675411667 0.00010809642200837466 0.9302260675411667 0.9302260675411667 0.00010809642200837466 0.9302260675411667 0.9302260675411667 0.9302260675411667 0.9302260675411667
5-114341272-A-C 0.00010809642200837466 0.00010809642200837466 0.00010809642200837466 0.9302260675411667 0.00010809642200837466 0.00010809642200837466 0.00010809642200837466 0.00010809642200837466 0.00010809642200837466 0.00010809642200837466 0.00010809642200837466 0.9302260675411667 0.00010809642200837466 0.00010809642200837466 0.00010809642200837466 0.00010809642200837466 0.00010809642200837466 0.00010809642200837466 0.00010809642200837466 0.00010809642200837466 0.00010809642200837466 0.00010809642200837466 0.00010809642200837466 0.00010809642200837466
17-12216875-T-C 0.9302260675411667 0.00010809642200837466 0.9302260675411667 0.9302260675411667 0.9302260675411667 0.9302260675411667 0.00010809642200837466 0.00010809642200837466 0.9302260675411667 0.00010809642200837466 0.9302260675411667 0.9302260675411667 0.9302260675411667 0.9302260675411667 0.9302260675411667 0.9302260675411667 0.9302260675411667 0.9302260675411667 0.9302260675411667 0.9302260675411667 0.9302260675411667 0.9302260675411667 0.9302260675411667 0.9302260675411667
5-117446745-C-T 0.00010809642200837466 0.00010809642200837466 0.00010809642200837466 0.9302260675411667 0.00010809642200837466 0.00010809642200837466 0.9302260675411667 0.00010809642200837466 0.00010809642200837466 0.00010809642200837466 0.00010809642200837466 0.00010809642200837466 0.00010809642200837466 0.00010809642200837466 0.00010809642200837466 0.00010809642200837466 0.9302260675411667 0.00010809642200837466 0.00010809642200837466 0.00010809642200837466 0.00010809642200837466 0.9302260675411667 0.00010809642200837466 0.9302260675411667
19-45233822-G-C 0.00010809642200837466 0.9302260675411667 0.9302260675411667 0.9302260675411667 0.9302260675411667 0.00010809642200837466 0.9302260675411667 0.9302260675411667 0.9302260675411667 0.9302260675411667 0.9302260675411667 0.9302260675411667 0.00010809642200837466 0.9302260675411667 0.9302260675411667 0.9302260675411667 0.9302260675411667 0.9302260675411667 0.9302260675411667 0.9302260675411667 0.9302260675411667 0.9302260675411667 0.9302260675411667 0.9302260675411667
8-66473700-A-T 0.00010809642200837466 0.9302260675411667 0.9302260675411667 0.9302260675411667 0.9302260675411667 0.00010809642200837466 0.9302260675411667 0.9302260675411667 0.00010809642200837466 0.9302260675411667 0.00010809642200837466 0.9302260675411667 0.00010809642200837466 0.9302260675411667 0.00010809642200837466 0.9302260675411667 0.9302260675411667 0.9302260675411667 0.9302260675411667 0.9302260675411667 0.9302260675411667 0.9302260675411667 0.00010809642200837466 0.9302260675411667
10-130447043-T-C 0.9302260675411667 0.00010809642200837466 0.9302260675411667 0.9302260675411667 0.9302260675411667 0.9302260675411667 0.00010809642200837466 0.9302260675411667 0.9302260675411667 0.9302260675411667 0.9302260675411667 0.9302260675411667 0.9302260675411667 0.9302260675411667 0.9302260675411667 0.9302260675411667 0.9302260675411667 0.9302260675411667 0.9302260675411667 0.9302260675411667 0.9302260675411667 0.9302260675411667 0.9302260675411667 0.9302260675411667
9-124030987-A-G 0.00010809642200837466 0.9302260675411667 0.9302260675411667 0.9302260675411667 0.9302260675411667 0.00010809642200837466 0.9302260675411667 0.9302260675411667 0.9302260675411667 0.9302260675411667 0.9302260675411667 0.9302260675411667 0.00010809642200837466 0.9302260675411667 0.00010809642200837466 0.9302260675411667 0.9302260675411667 0.9302260675411667 0.9302260675411667 0.9302260675411667 0.9302260675411667 0.9302260675411667 0.9302260675411667 0.9302260675411667
2-85950961-G-A 0.00010809642200837466 0.00010809642200837466 0.00010809642200837466 0.00010809642200837466 0.00010809642200837466 0.00010809642200837466 0.00010809642200837466 0.00010809642200837466 0.00010809642200837466 0.00010809642200837466 0.00010809642200837466 0.9302260675411667 0.00010809642200837466 0.00010809642200837466 0.00010809642200837466 0.00010809642200837466 0.00010809642200837466 0.00010809642200837466 0.00010809642200837466 0.00010809642200837466 0.00010809642200837466 0.00010809642200837466 0.00010809642200837466 0.00010809642200837466
2-178030602-T-C 0.00010809642200837466 0.00010809642200837466 0.00010809642200837466 0.00010809642200837466 0.00010809642200837466 0.00010809642200837466 0.00010809642200837466 0.00010809642200837466 0.00010809642200837466 0.00010809642200837466 0.00010809642200837466 0.9302260675411667 0.00010809642200837466 0.00010809642200837466 0.00010809642200837466 0.00010809642200837466 0.00010809642200837466 0.00010809642200837466 0.00010809642200837466 0.00010809642200837466 0.00010809642200837466 0.00010809642200837466 0.00010809642200837466 0.00010809642200837466
13-40719289-T-C 0.00010809642200837466 0.00010809642200837466 0.00010809642200837466 0.00010809642200837466 0.00010809642200837466 0.00010809642200837466 0.00010809642200837466 0.00010809642200837466 0.00010809642200837466 0.00010809642200837466 0.00010809642200837466 0.00010809642200837466 0.00010809642200837466 0.00010809642200837466 0.00010809642200837466 0.00010809642200837466 0.00010809642200837466 0.00010809642200837466 0.00010809642200837466 0.00010809642200837466 0.00010809642200837466 0.00010809642200837466 0.00010809642200837466 0.9302260675411667
4-46170541-T-C 0.9302260675411667 0.00010809642200837466 0.9302260675411667 0.9302260675411667 0.9302260675411667 0.9302260675411667 0.00010809642200837466 0.9302260675411667 0.9302260675411667 0.9302260675411667 0.9302260675411667 0.9302260675411667 0.9302260675411667 0.9302260675411667 0.9302260675411667 0.9302260675411667 0.9302260675411667 0.9302260675411667 0.9302260675411667 0.9302260675411667 0.9302260675411667 0.9302260675411667 0.9302260675411667 0.9302260675411667
6-66535580-A-C 0.00010809642200837466 0.9302260675411667 0.9302260675411667 0.9302260675411667 0.9302260675411667 0.00010809642200837466 0.9302260675411667 0.9302260675411667 0.00010809642200837466 0.9302260675411667 0.00010809642200837466 0.9302260675411667 0.00010809642200837466 0.9302260675411667 0.00010809642200837466 0.9302260675411667 0.9302260675411667 0.00010809642200837466 0.9302260675411667 0.9302260675411667 0.9302260675411667 0.9302260675411667 0.00010809642200837466 0.9302260675411667
7-143713454-T-C 0.9302260675411667 0.9302260675411667 0.9302260675411667 0.9302260675411667 0.9302260675411667 0.9302260675411667 0.9302260675411667 0.9302260675411667 0.9302260675411667 0.9302260675411667 0.9302260675411667 0.00010809642200837466 0.9302260675411667 0.9302260675411667 0.9302260675411667 0.9302260675411667 0.9302260675411667 0.9302260675411667 0.9302260675411667 0.9302260675411667 0.00010809642200837466 0.9302260675411667 0.9302260675411667 0.9302260675411667
2-85062962-G-A 0.00010809642200837466 0.00010809642200837466 0.00010809642200837466 0.00010809642200837466 0.00010809642200837466 0.00010809642200837466 0.00010809642200837466 0.00010809642200837466 0.00010809642200837466 0.00010809642200837466 0.00010809642200837466 0.9302260675411667 0.00010809642200837466 0.00010809642200837466 0.00010809642200837466 0.00010809642200837466 0.00010809642200837466 0.00010809642200837466 0.00010809642200837466 0.00010809642200837466 0.00010809642200837466 0.00010809642200837466 0.00010809642200837466 0.00010809642200837466
13-46687230-A-G 0.9302260675411667 0.00010809642200837466 0.9302260675411667 0.9302260675411667 0.9302260675411667 0.9302260675411667 0.00010809642200837466 0.9302260675411667 0.9302260675411667 0.9302260675411667 0.9302260675411667 0.9302260675411667 0.9302260675411667 0.9302260675411667 0.9302260675411667 0.9302260675411667 0.9302260675411667 0.9302260675411667 0.9302260675411667 0.9302260675411667 0.9302260675411667 0.9302260675411667 0.9302260675411667 0.9302260675411667
12-31304842-A-T 0.00010809642200837466 0.9302260675411667 0.9302260675411667 0.9302260675411667 0.9302260675411667 0.00010809642200837466 0.9302260675411667 0.9302260675411667 0.00010809642200837466 0.9302260675411667 0.00010809642200837466 0.9302260675411667 0.00010809642200837466 0.9302260675411667 0.00010809642200837466 0.9302260675411667 0.9302260675411667 0.00010809642200837466 0.9302260675411667 0.9302260675411667 0.9302260675411667 0.9302260675411667 0.00010809642200837466 0.9302260675411667
5-67780886-A-T 0.9302260675411667 0.9302260675411667 0.9302260675411667 0.9302260675411667 0.9302260675411667 0.9302260675411667 0.9302260675411667 0.9302260675411667 0.00010809642200837466 0.9302260675411667 0.00010809642200837466 0.9302260675411667 0.9302260675411667 0.9302260675411667 0.9302260675411667 0.9302260675411667 0.9302260675411667 0.9302260675411667 0.9302260675411667 0.9302260675411667 0.9302260675411667 0.9302260675411667 0.9302260675411667 0.9302260675411667
16-81578607-G-A 0.00010809642200837466 0.00010809642200837466 0.9302260675411667 0.00010809642200837466 0.9302260675411667 0.00010809642200837466 0.00010809642200837466 0.00010809642200837466 0.00010809642200837466 0.00010809642200837466 0.00010809642200837466 0.00010809642200837466 0.00010809642200837466 0.00010809642200837466 0.9302260675411667 0.00010809642200837466 0.00010809642200837466 0.00010809642200837466 0.00010809642200837466 0.00010809642200837466 0.00010809642200837466 0.00010809642200837466 0.00010809642200837466 0.00010809642200837466
1-21229667-T-A 0.9302260675411667 0.9302260675411667 0.9302260675411667 0.00010809642200837466 0.9302260675411667 0.9302260675411667 0.9302260675411667 0.9302260675411667 0.9302260675411667 0.9302260675411667 0.9302260675411667 0.9302260675411667 0.9302260675411667 0.9302260675411667 0.9302260675411667 0.9302260675411667 0.00010809642200837466 0.9302260675411667 0.9302260675411667 0.00010809642200837466 0.9302260675411667 0.9302260675411667 0.9302260675411667 0.9302260675411667
2-122111902-A-C 0.9302260675411667 0.9302260675411667 0.9302260675411667 0.00010809642200837466 0.9302260675411667 0.9302260675411667 0.9302260675411667 0.9302260675411667 0.9302260675411667 0.9302260675411667 0.9302260675411667 0.9302260675411667 0.9302260675411667 0.9302260675411667 0.9302260675411667 0.9302260675411667 0.00010809642200837466 0.9302260675411667 0.9302260675411667 0.00010809642200837466 0.9302260675411667 0.9302260675411667 0.9302260675411667 0.9302260675411667
16-4628196-T-G 0.9302260675411667 0.9302260675411667 0.9302260675411667 0.9302260675411667 0.9302260675411667 0.9302260675411667 0.9302260675411667 0.9302260675411667 0.9302260675411667 0.9302260675411667 0.9302260675411667 0.9302260675411667 0.9302260675411667 0.00010809642200837466 0.9302260675411667 0.9302260675411667 0.9302260675411667 0.9302260675411667 0.9302260675411667 0.9302260675411667 0.9302260675411667 0.9302260675411667 0.9302260675411667 0.00010809642200837466
2-76946636-A-G 0.9302260675411667 0.9302260675411667 0.9302260675411667 0.9302260675411667 0.9302260675411667 0.9302260675411667 0.9302260675411667 0.9302260675411667 0.00010809642200837466 0.9302260675411667 0.00010809642200837466 0.9302260675411667 0.9302260675411667 0.9302260675411667 0.9302260675411667 0.9302260675411667 0.9302260675411667 0.9302260675411667 0.9302260675411667 0.9302260675411667 0.9302260675411667 0.9302260675411667 0.9302260675411667 0.9302260675411667
1-92589267-G-A 0.9302260675411667 0.00010809642200837466 0.9302260675411667 0.9302260675411667 0.9302260675411667 0.9302260675411667 0.00010809642200837466 0.00010809642200837466 0.9302260675411667 0.00010809642200837466 0.9302260675411667 0.9302260675411667 0.9302260675411667 0.9302260675411667 0.9302260675411667 0.9302260675411667 0.9302260675411667 0.9302260675411667 0.9302260675411667 0.9302260675411667 0.9302260675411667 0.9302260675411667 0.9302260675411667 0.9302260675411667
8-124550286-G-C 0.00010809642200837466 0.9302260675411667 0.9302260675411667 0.9302260675411667 0.9302260675411667 0.00010809642200837466 0.9302260675411667 0.9302260675411667 0.00010809642200837466 0.9302260675411667 0.00010809642200837466 0.9302260675411667 0.00010809642200837466 0.9302260675411667 0.00010809642200837466 0.9302260675411667 0.9302260675411667 0.00010809642200837466 0.9302260675411667 0.9302260675411667 0.9302260675411667 0.9302260675411667 0.00010809642200837466 0.9302260675411667
15-82558263-T-G 0.9302260675411667 0.9302260675411667 0.9302260675411667 0.9302260675411667 0.9302260675411667 0.9302260675411667 0.9302260675411667 0.9302260675411667 0.00010809642200837466 0.9302260675411667 0.00010809642200837466 0.9302260675411667 0.9302260675411667 0.9302260675411667 0.9302260675411667 0.9302260675411667 0.9302260675411667 0.9302260675411667 0.9302260675411667 0.9302260675411667 0.9302260675411667 0.9302260675411667 0.9302260675411667 0.9302260675411667
5-44094374-C-A 0.9302260675411667 0.9302260675411667 0.9302260675411667 0.9302260675411667 0.9302260675411667 0.9302260675411667 0.9302260675411667 0.9302260675411667 0.9302260675411667 0.9302260675411667 0.9302260675411667 0.00010809642200837466 0.9302260675411667 0.9302260675411667 0.9302260675411667 0.9302260675411667 0.9302260675411667 0.9302260675411667 0.9302260675411667 0.9302260675411667 0.00010809642200837466 0.9302260675411667 0.9302260675411667 0.9302260675411667
16-17652201-C-T 0.9302260675411667 0.00010809642200837466 0.9302260675411667 0.9302260675411667 0.9302260675411667 0.9302260675411667 0.00010809642200837466 0.00010809642200837466 0.9302260675411667 0.00010809642200837466 0.9302260675411667 0.9302260675411667 0.9302260675411667 0.9302260675411667 0.9302260675411667 0.9302260675411667 0.9302260675411667 0.9302260675411667 0.9302260675411667 0.9302260675411667 0.9302260675411667 0.9302260675411667 0.9302260675411667 0.9302260675411667
1-171283245-C-T 0.9302260675411667 0.9302260675411667 0.9302260675411667 0.9302260675411667 0.9302260675411667 0.9302260675411667 0.9302260675411667 0.9302260675411667 0.00010809642200837466 0.9302260675411667 0.00010809642200837466 0.9302260675411667 0.9302260675411667 0.9302260675411667 0.9302260675411667 0.9302260675411667 0.9302260675411667 0.9302260675411667 0.9302260675411667 0.9302260675411667 0.9302260675411667 0.9302260675411667 0.9302260675411667 0.9302260675411667
6-23072867-T-C 0.9302260675411667 0.9302260675411667 0.9302260675411667 0.9302260675411667 0.9302260675411667 0.9302260675411667 0.9302260675411667 0.9302260675411667 0.9302260675411667 0.9302260675411667 0.9302260675411667 0.00010809642200837466 0.9302260675411667 0.9302260675411667 0.9302260675411667 0.9302260675411667 0.9302260675411667 0.9302260675411667 0.9302260675411667 0.9302260675411667 0.00010809642200837466 0.9302260675411667 0.9302260675411667 0.9302260675411667
2-120773881-A-G 0.9302260675411667 0.00010809642200837466 0.9302260675411667 0.9302260675411667 0.9302260675411667 0.9302260675411667 0.00010809642200837466 0.9302260675411667 0.9302260675411667 0.9302260675411667 0.9302260675411667 0.9302260675411667 0.9302260675411667 0.9302260675411667 0.9302260675411667 0.9302260675411667 0.9302260675411667 0.9302260675411667 0.9302260675411667 0.9302260675411667 0.9302260675411667 0.9302260675411667 0.9302260675411667 0.9302260675411667
11-33297430-G-A 0.00010809642200837466 0.9302260675411667 0.9302260675411667 0.9302260675411667 0.9302260675411667 0.9302260675411667 0.9302260675411667 0.9302260675411667 0.9302260675411667 0.9302260675411667 0.9302260675411667 0.9302260675411667 0.00010809642200837466 0.9302260675411667 0.9302260675411667 0.9302260675411667 0.9302260675411667 0.9302260675411667 0.9302260675411667 0.9302260675411667 0.9302260675411667 0.9302260675411667 0.9302260675411667 0.9302260675411667
2-76790114-G-C 0.9302260675411667 0.00010809642200837466 0.9302260675411667 0.9302260675411667 0.9302260675411667 0.9302260675411667 0.00010809642200837466 0.00010809642200837466 0.9302260675411667 0.00010809642200837466 0.9302260675411667 0.9302260675411667 0.9302260675411667 0.9302260675411667 0.9302260675411667 0.9302260675411667 0.9302260675411667 0.9302260675411667 0.9302260675411667 0.9302260675411667 0.9302260675411667 0.9302260675411667 0.9302260675411667 0.9302260675411667
11-16910033-C-G 0.9302260675411667 0.9302260675411667 0.9302260675411667 0.9302260675411667 0.9302260675411667 0.9302260675411667 0.9302260675411667 0.9302260675411667 0.9302260675411667 0.9302260675411667 0.9302260675411667 0.9302260675411667 0.9302260675411667 0.00010809642200837466 0.9302260675411667 0.9302260675411667 0.9302260675411667 0.9302260675411667 0.9302260675411667 0.9302260675411667 0.9302260675411667 0.9302260675411667 0.9302260675411667 0.00010809642200837466
8-102650933-A-G 0.9302260675411667 0.9302260675411667 0.9302260675411667 0.9302260675411667 0.9302260675411667 0.9302260675411667 0.9302260675411667 0.9302260675411667 0.00010809642200837466 0.9302260675411667 0.00010809642200837466 0.9302260675411667 0.9302260675411667 0.9302260675411667 0.9302260675411667 0.9302260675411667 0.9302260675411667 0.9302260675411667 0.9302260675411667 0.9302260675411667 0.9302260675411667 0.9302260675411667 0.9302260675411667 0.9302260675411667
18-77133113-T-A 0.9302260675411667 0.00010809642200837466 0.9302260675411667 0.9302260675411667 0.00010809642200837466 0.9302260675411667 0.00010809642200837466 0.00010809642200837466 0.9302260675411667 0.00010809642200837466 0.9302260675411667 0.9302260675411667 0.9302260675411667 0.9302260675411667 0.9302260675411667 0.9302260675411667 0.9302260675411667 0.9302260675411667 0.9302260675411667 0.9302260675411667 0.9302260675411667 0.9302260675411667 0.9302260675411667 0.9302260675411667
17-66136193-A-C 0.00010809642200837466 0.9302260675411667 0.9302260675411667 0.9302260675411667 0.9302260675411667 0.00010809642200837466 0.9302260675411667 0.9302260675411667 0.9302260675411667 0.9302260675411667 0.9302260675411667 0.9302260675411667 0.00010809642200837466 0.9302260675411667 0.9302260675411667 0.9302260675411667 0.9302260675411667 0.9302260675411667 0.9302260675411667 0.9302260675411667 0.9302260675411667 0.9302260675411667 0.9302260675411667 0.9302260675411667
7-93178968-T-G 0.9302260675411667 0.9302260675411667 0.9302260675411667 0.00010809642200837466 0.9302260675411667 0.9302260675411667 0.9302260675411667 0.9302260675411667 0.9302260675411667 0.9302260675411667 0.9302260675411667 0.9302260675411667 0.9302260675411667 0.9302260675411667 0.9302260675411667 0.9302260675411667 0.00010809642200837466 0.9302260675411667 0.9302260675411667 0.00010809642200837466 0.9302260675411667 0.9302260675411667 0.9302260675411667 0.9302260675411667
4-30702483-T-C 0.9302260675411667 0.9302260675411667 0.9302260675411667 0.9302260675411667 0.9302260675411667 0.9302260675411667 0.9302260675411667 0.9302260675411667 0.9302260675411667 0.9302260675411667 0.9302260675411667 0.9302260675411667 0.9302260675411667 0.00010809642200837466 0.9302260675411667 0.9302260675411667 0.9302260675411667 0.9302260675411667 0.9302260675411667 0.9302260675411667 0.9302260675411667 0.9302260675411667 0.9302260675411667 0.00010809642200837466
16-37826661-G-A 0.00010809642200837466 0.00010809642200837466 0.9302260675411667 0.00010809642200837466 0.9302260675411667 0.00010809642200837466 0.00010809642200837466 0.00010809642200837466 0.00010809642200837466 0.00010809642200837466 0.00010809642200837466 0.00010809642200837466 0.00010809642200837466 0.00010809642200837466 0.9302260675411667 0.00010809642200837466 0.00010809642200837466 0.00010809642200837466 0.00010809642200837466 0.00010809642200837466 0.00010809642200837466 0.00010809642200837466 0.00010809642200837466 0.00010809642200837466
9-58660362-G-A 0.9302260675411667 0.9302260675411667 0.9302260675411667 0.9302260675411667 0.9302260675411667 0.9302260675411667 0.9302260675411667 0.9302260675411667 0.00010809642200837466 0.9302260675411667 0.00010809642200837466 0.9302260675411667 0.9302260675411667 0.9302260675411667 0.9302260675411667 0.9302260675411667 0.9302260675411667 0.9302260675411667 0.9302260675411667 0.9302260675411667 0.9302260675411667 0.9302260675411667 0.9302260675411667 0.9302260675411667
19-23994815-G-C 0.00010809642200837466 0.9302260675411667 0.9302260675411667 0.9302260675411667 0.9302260675411667 0.9302260675411667 0.9302260675411667 0.9302260675411667 0.9302260675411667 0.9302260675411667 0.9302260675411667 0.9302260675411667 0.00010809642200837466 0.9302260675411667 0.9302260675411667 0.9302260675411667 0.9302260675411667 0.9302260675411667 0.9302260675411667 0.9302260675411667 0.9302260675411667 0.9302260675411667 0.9302260675411667 0.9302260675411667
18-23621504-G-C 0.9302260675411667 0.00010809642200837466 0.9302260675411667 0.9302260675411667 0.9302260675411667 0.9302260675411667 0.00010809642200837466 0.9302260675411667 0.9302260675411667 0.9302260675411667 0.9302260675411667 0.9302260675411667 0.9302260675411667 0.9302260675411667 0.9302260675411667 0.9302260675411667 0.9302260675411667 0.9302260675411667 0.9302260675411667 0.9302260675411667 0.9302260675411667 0.9302260675411667 0.9302260675411667 0.9302260675411667
17-38498167-T-A 0.9302260675411667 0.9302260675411667 0.9302260675411667 0.9302260675411667 0.9302260675411667 0.9302260675411667 0.9302260675411667 0.9302260675411667 0.00010809642200837466 0.9302260675411667 0.00010809642200837466 0.9302260675411667 0.9302260675411667 0.9302260675411667 0.9302260675411667 0.9302260675411667 0.9302260675411667 0.9302260675411667 0.9302260675411667 0.9302260675411667 0.9302260675411667 0.9302260675411667 0.9302260675411667 0.9302260675411667
16-22971890-C-T 0.00010809642200837466 0.00010809642200837466 0.9302260675411667 0.9302260675411667 0.00010809642200837466 0.00010809642200837466 0.00010809642200837466 0.00010809642200837466 0.00010809642200837466 0.00010809642200837466 0.00010809642200837466 0.00010809642200837466 0.9302260675411667 0.00010809642200837466 0.00010809642200837466 0.00010809642200837466 0.00010809642200837466 0.00010809642200837466 0.00010809642200837466 0.00010809642200837466 0.00010809642200837466 0.00010809642200837466 0.00010809642200837466 0.00010809642200837466
7-9090561-A-C 0.9302260675411667 0.9302260675411667 0.00010809642200837466 0.9302260675411667 0.9302260675411667 0.9302260675411667 0.00010809642200837466 0.9302260675411667 0.9302260675411667 0.9302260675411667 0.9302260675411667 0.00010809642200837466 0.9302260675411667 0.9302260675411667 0.9302260675411667 0.00010809642200837466 0.9302260675411667 0.9302260675411667 0.00010809642200837466 0.9302260675411667 0.00010809642200837466 0.00010809642200837466 0.9302260675411667 0.9302260675411667
10-86872489-A-T 0.9302260675411667 0.9302260675411667 0.9302260675411667 0.9302260675411667 0.9302260675411667 0.9302260675411667 0.9302260675411667 0.9302260675411667 0.00010809642200837466 0.9302260675411667 0.00010809642200837466 0.9302260675411667 0.9302260675411667 0.9302260675411667 0.9302260675411667 0.9302260675411667 0.9302260675411667 0.9302260675411667 0.9302260675411667 0.9302260675411667 0.9302260675411667 0.9302260675411667 0.9302260675411667 0.9302260675411667
13-56627880-C-G 0.9302260675411667 0.9302260675411667 0.9302260675411667 0.9302260675411667 0.9302260675411667 0.9302260675411667 0.9302260675411667 0.9302260675411667 0.00010809642200837466 0.9302260675411667 0.00010809642200837466 0.9302260675411667 0.9302260675411667 0.9302260675411667 0.9302260675411667 0.9302260675411667 0.9302260675411667 0.9302260675411667 0.9302260675411667 0.9302260675411667 0.9302260675411667 0.9302260675411667 0.9302260675411667 0.9302260675411667
8-22421525-T-C 0.9302260675411667 0.9302260675411667 0.9302260675411667 0.9302260675411667 0.9302260675411667 0.9302260675411667 0.9302260675411667 0.9302260675411667 0.9302260675411667 0.9302260675411667 0.9302260675411667 0.00010809642200837466 0.9302260675411667 0.9302260675411667 0.9302260675411667 0.9302260675411667 0.9302260675411667 0.9302260675411667 0.9302260675411667 0.9302260675411667 0.00010809642200837466 0.9302260675411667 0.9302260675411667 0.9302260675411667
9-105392833-G-A 0.9302260675411667 0.9302260675411667 0.9302260675411667 0.9302260675411667 0.9302260675411667 0.9302260675411667 0.9302260675411667 0.9302260675411667 0.9302260675411667 0.9302260675411667 0.9302260675411667 0.9302260675411667 0.9302260675411667 0.00010809642200837466 0.9302260675411667 0.9302260675411667 0.9302260675411667 0.9302260675411667 0.9302260675411667 0.9302260675411667 0.9302260675411667 0.9302260675411667 0.9302260675411667 0.00010809642200837466
5-118680745-T-C 0.9302260675411667 0.9302260675411667 0.9302260675411667 0.9302260675411667 0.9302260675411667 0.9302260675411667 0.9302260675411667 0.9302260675411667 0.9302260675411667 0.9302260675411667 0.9302260675411667 0.9302260675411667 0.9302260675411667 0.9302260675411667 0.9302260675411667 0.9302260675411667 0.9302260675411667 0.9302260675411667 0.00010809642200837466 0.9302260675411667 0.9302260675411667 0.00010809642200837466 0.9302260675411667 0.9302260675411667
2-105389114-G-C 0.9302260675411667 0.00010809642200837466 0.9302260675411667 0.9302260675411667 0.9302260675411667 0.9302260675411667 0.00010809642200837466 0.9302260675411667 0.9302260675411667 0.9302260675411667 0.9302260675411667 0.9302260675411667 0.9302260675411667 0.9302260675411667 0.9302260675411667 0.9302260675411667 0.9302260675411667 0.9302260675411667 0.9302260675411667 0.9302260675411667 0.9302260675411667 0.9302260675411667 0.9302260675411667 0.9302260675411667
15-82179575-C-T 0.00010809642200837466 0.9302260675411667 0.9302260675411667 0.9302260675411667 0.9302260675411667 0.00010809642200837466 0.9302260675411667 0.9302260675411667 0.9302260675411667 0.9302260675411667 0.9302260675411667 0.9302260675411667 0.00010809642200837466 0.9302260675411667 0.00010809642200837466 0.9302260675411667 0.9302260675411667 0.9302260675411667 0.9302260675411667 0.9302260675411667 0.9302260675411667 0.9302260675411667 0.9302260675411667 0.9302260675411667
2-23511423-A-G 0.9302260675411667 0.00010809642200837466 0.9302260675411667 0.9302260675411667 0.9302260675411667 0.9302260675411667 0.00010809642200837466 0.00010809642200837466 0.9302260675411667 0.00010809642200837466 0.9302260675411667 0.9302260675411667 0.9302260675411667 0.9302260675411667 0.9302260675411667 0.9302260675411667 0.9302260675411667 0.9302260675411667 0.9302260675411667 0.9302260675411667 0.9302260675411667 0.9302260675411667 0.9302260675411667 0.9302260675411667
18-64612239-T-A 0.9302260675411667 0.9302260675411667 0.9302260675411667 0.9302260675411667 0.9302260675411667 0.9302260675411667 0.9302260675411667 0.9302260675411667 0.9302260675411667 0.9302260675411667 0.9302260675411667 0.9302260675411667 0.9302260675411667 0.00010809642200837466 0.9302260675411667 0.9302260675411667 0.9302260675411667 0.9302260675411667 0.9302260675411667 0.9302260675411667 0.9302260675411667 0.9302260675411667 0.9302260675411667 0.00010809642200837466
2-178030602-T-C 0.00010809642200837466 0.00010809642200837466 0.00010809642200837466 0.00010809642200837466 0.00010809642200837466 0.00010809642200837466 0.00010809642200837466 0.00010809642200837466 0.00010809642200837466 0.00010809642200837466 0.00010809642200837466 0.9302260675411667 0.00010809642200837466 0.00010809642200837466 0.00010809642200837466 0.00010809642200837466 0.00010809642200837466 0.00010809642200837466 0.00010809642200837466 0.00010809642200837466 0.00010809642200837466 0.00010809642200837466 0.00010809642200837466 0.00010809642200837466
8-82068942-T-A 0.00010809642200837466 0.9302260675411667 0.9302260675411667 0.9302260675411667 0.9302260675411667 0.00010809642200837466 0.9302260675411667 0.9302260675411667 0.9302260675411667 0.9302260675411667 0.9302260675411667 0.9302260675411667 0.00010809642200837466 0.9302260675411667 0.00010809642200837466 0.9302260675411667 0.9302260675411667 0.9302260675411667 0.9302260675411667 0.9302260675411667 0.9302260675411667 0.9302260675411667 0.9302260675411667 0.9302260675411667
1-45820102-T-G 0.9302260675411667 0.9302260675411667 0.9302260675411667 0.9302260675411667 0.9302260675411667 0.9302260675411667 0.9302260675411667 0.9302260675411667 0.00010809642200837466 0.9302260675411667 0.00010809642200837466 0.9302260675411667 0.9302260675411667 0.9302260675411667 0.9302260675411667 0.9302260675411667 0.9302260675411667 0.9302260675411667 0.9302260675411667 0.9302260675411667 0.9302260675411667 0.9302260675411667 0.9302260675411667 0.9302260675411667
9-35034760-A-T 0.9302260675411667 0.9302260675411667 0.9302260675411667 0.00010809642200837466 0.9302260675411667 0.9302260675411667 0.9302260675411667 0.9302260675411667 0.9302260675411667 0.9302260675411667 0.9302260675411667 0.9302260675411667 0.9302260675411667 0.9302260675411667 0.9302260675411667 0.9302260675411667 0.00010809642200837466 0.9302260675411667 0.9302260675411667 0.00010809642200837466 0.9302260675411667 0.9302260675411667 0.9302260675411667 0.9302260675411667
2-181995507-T-C 0.00010809642200837466 0.00010809642200837466 0.00010809642200837466 0.00010809642200837466 0.00010809642200837466 0.00010809642200837466 0.00010809642200837466 0.00010809642200837466 0.00010809642200837466 0.00010809642200837466 0.00010809642200837466 0.9302260675411667 0.00010809642200837466 0.00010809642200837466 0.00010809642200837466 0.00010809642200837466 0.00010809642200837466 0.00010809642200837466 0.00010809642200837466 0.00010809642200837466 0.00010809642200837466 0.00010809642200837466 0.00010809642200837466 0.00010809642200837466
17-24385868-C-T 0.00010809642200837466 0.00010809642200837466 0.9302260675411667 0.9302260675411667 0.00010809642200837466 0.00010809642200837466 0.00010809642200837466 0.00010809642200837466 0.00010809642200837466 0.00010809642200837466 0.00010809642200837466 0.9302260675411667 0.00010809642200837466 0.9302260675411667 0.00010809642200837466 0.9302260675411667 0.9302260675411667 0.00010809642200837466 0.9302260675411667 0.9302260675411667 0.9302260675411667 0.9302260675411667 0.00010809642200837466 0.9302260675411667
11-99049108-C-G 0.00010809642200837466 0.9302260675411667 0.9302260675411667 0.9302260675411667 0.9302260675411667 0.00010809642200837466 0.9302260675411667 0.9302260675411667 0.9302260675411667 0.9302260675411667 0.9302260675411667 0.9302260675411667 0.00010809642200837466 0.9302260675411667 0.9302260675411667 0.9302260675411667 0.9302260675411667 0.9302260675411667 0.9302260675411667 0.9302260675411667 0.9302260675411667 0.9302260675411667 0.9302260675411667 0.9302260675411667
3-95231917-C-A 0.9302260675411667 0.9302260675411667 0.9302260675411667 0.9302260675411667 0.9302260675411667 0.9302260675411667 0.9302260675411667 0.9302260675411667 0.00010809642200837466 0.9302260675411667 0.00010809642200837466 0.9302260675411667 0.9302260675411667 0.9302260675411667 0.9302260675411667 0.9302260675411667 0.9302260675411667 0.9302260675411667 0.9302260675411667 0.9302260675411667 0.9302260675411667 0.9302260675411667 0.9302260675411667 0.9302260675411667
8-69882367-C-T 0.00010809642200837466 0.9302260675411667 0.9302260675411667 0.9302260675411667 0.9302260675411667 0.00010809642200837466 0.9302260675411667 0.9302260675411667 0.9302260675411667 0.9302260675411667 0.9302260675411667 0.9302260675411667 0.00010809642200837466 0.9302260675411667 0.9302260675411667 0.9302260675411667 0.9302260675411667 0.9302260675411667 0.9302260675411667 0.9302260675411667 0.9302260675411667 0.9302260675411667 0.9302260675411667 0.9302260675411667
2-147026260-T-C 0.00010809642200837466 0.9302260675411667 0.9302260675411667 0.9302260675411667 0.9302260675411667 0.00010809642200837466 0.9302260675411667 0.9302260675411667 0.9302260675411667 0.9302260675411667 0.9302260675411667 0.9302260675411667 0.00010809642200837466 0.9302260675411667 0.9302260675411667 0.9302260675411667 0.9302260675411667 0.9302260675411667 0.9302260675411667 0.9302260675411667 0.9302260675411667 0.9302260675411667 0.9302260675411667 0.9302260675411667
12-104361733-A-T 0.9302260675411667 0.9302260675411667 0.00010809642200837466 0.9302260675411667 0.9302260675411667 0.9302260675411667 0.00010809642200837466 0.9302260675411667 0.9302260675411667 0.9302260675411667 0.9302260675411667 0.00010809642200837466 0.9302260675411667 0.9302260675411667 0.9302260675411667 0.00010809642200837466 0.9302260675411667 0.9302260675411667 0.00010809642200837466 0.9302260675411667 0.00010809642200837466 0.00010809642200837466 0.9302260675411667 0.9302260675411667
1-106011636-A-G 0.9302260675411667 0.00010809642200837466 0.9302260675411667 0.9302260675411667 0.9302260675411667 0.9302260675411667 0.00010809642200837466 0.00010809642200837466 0.9302260675411667 0.00010809642200837466 0.9302260675411667 0.9302260675411667 0.9302260675411667 0.9302260675411667 0.9302260675411667 0.9302260675411667 0.9302260675411667 0.9302260675411667 0.9302260675411667 0.9302260675411667 0.9302260675411667 0.9302260675411667 0.9302260675411667 0.9302260675411667
9-49505360-A-G 0.9302260675411667 0.9302260675411667 0.9302260675411667 0.9302260675411667 0.9302260675411667 0.9302260675411667 0.9302260675411667 0.9302260675411667 0.00010809642200837466 0.00010809642200837466 0.00010809642200837466 0.9302260675411667 0.9302260675411667 0.9302260675411667 0.9302260675411667 0.9302260675411667 0.9302260675411667 0.9302260675411667 0.9302260675411667 0.9302260675411667 0.9302260675411667 0.9302260675411667 0.9302260675411667 0.9302260675411667
6-115642527-A-G 0.00010809642200837466 0.9302260675411667 0.9302260675411667 0.00010809642200837466 0.00010809642200837466 0.00010809642200837466 0.00010809642200837466 0.00010809642200837466 0.9302260675411667 0.00010809642200837466 0.00010809642200837466 0.00010809642200837466 0.00010809642200837466 0.00010809642200837466 0.9302260675411667 0.00010809642200837466 0.00010809642200837466 0.00010809642200837466 0.00010809642200837466 0.00010809642200837466 0.00010809642200837466 0.00010809642200837466 0.00010809642200837466 0.00010809642200837466
15-82103132-G-T 0.00010809642200837466 0.9302260675411667 0.9302260675411667 0.9302260675411667 0.9302260675411667 0.00010809642200837466 0.9302260675411667 0.9302260675411667 0.9302260675411667 0.9302260675411667 0.9302260675411667 0.9302260675411667 0.00010809642200837466 0.9302260675411667 0.00010809642200837466 0.9302260675411667 0.9302260675411667 0.9302260675411667 0.9302260675411667 0.9302260675411667 0.9302260675411667 0.9302260675411667 0.00010809642200837466 0.9302260675411667
2-177768443-T-G 0.9302260675411667 0.9302260675411667 0.9302260675411667 0.9302260675411667 0.9302260675411667 0.9302260675411667 0.9302260675411667 0.9302260675411667 0.00010809642200837466 0.9302260675411667 0.00010809642200837466 0.9302260675411667 0.9302260675411667 0.9302260675411667 0.9302260675411667 0.9302260675411667 0.9302260675411667 0.9302260675411667 0.9302260675411667 0.9302260675411667 0.9302260675411667 0.9302260675411667 0.9302260675411667 0.9302260675411667
2-80132584-A-T 0.00010809642200837466 0.00010809642200837466 0.00010809642200837466 0.00010809642200837466 0.00010809642200837466 0.00010809642200837466 0.00010809642200837466 0.00010809642200837466 0.00010809642200837466 0.00010809642200837466 0.00010809642200837466 0.9302260675411667 0.00010809642200837466 0.00010809642200837466 0.00010809642200837466 0.00010809642200837466 0.00010809642200837466 0.00010809642200837466 0.00010809642200837466 0.00010809642200837466 0.00010809642200837466 0.00010809642200837466 0.00010809642200837466 0.00010809642200837466
17-71517494-A-C 0.00010809642200837466 0.9302260675411667 0.9302260675411667 0.9302260675411667 0.9302260675411667 0.00010809642200837466 0.9302260675411667 0.9302260675411667 0.9302260675411667 0.9302260675411667 0.9302260675411667 0.9302260675411667 0.00010809642200837466 0.9302260675411667 0.9302260675411667 0.9302260675411667 0.9302260675411667 0.9302260675411667 0.9302260675411667 0.9302260675411667 0.9302260675411667 0.9302260675411667 0.9302260675411667 0.9302260675411667
8-66473700-A-T 0.00010809642200837466 0.9302260675411667 0.9302260675411667 0.9302260675411667 0.9302260675411667 0.00010809642200837466 0.9302260675411667 0.9302260675411667 0.00010809642200837466 0.9302260675411667 0.00010809642200837466 0.9302260675411667 0.00010809642200837466 0.9302260675411667 0.00010809642200837466 0.9302260675411667 0.9302260675411667 0.9302260675411667 0.9302260675411667 0.9302260675411667 0.9302260675411667 0.9302260675411667 0.00010809642200837466 0.9302260675411667
13-94531978-T-G 0.00010809642200837466 0.00010809642200837466 0.00010809642200837466 0.00010809642200837466 0.00010809642200837466 0.00010809642200837466 0.00010809642200837466 0.00010809642200837466 0.00010809642200837466 0.00010809642200837466 0.00010809642200837466 0.00010809642200837466 0.00010809642200837466 0.00010809642200837466 0.00010809642200837466 0.00010809642200837466 0.00010809642200837466 0.00010809642200837466 0.00010809642200837466 0.00010809642200837466 0.00010809642200837466 0.00010809642200837466 0.00010809642200837466 0.9302260675411667
17-24385868-C-T 0.00010809642200837466 0.00010809642200837466 0.9302260675411667 0.9302260675411667 0.00010809642200837466 0.00010809642200837466 0.00010809642200837466 0.00010809642200837466 0.00010809642200837466 0.00010809642200837466 0.00010809642200837466 0.9302260675411667 0.00010809642200837466 0.9302260675411667 0.00010809642200837466 0.9302260675411667 0.9302260675411667 0.00010809642200837466 0.9302260675411667 0.9302260675411667 0.9302260675411667 0.9302260675411667 0.00010809642200837466 0.9302260675411667
9-32254058-A-C 0.9302260675411667 0.00010809642200837466 0.9302260675411667 0.9302260675411667 0.9302260675411667 0.9302260675411667 0.00010809642200837466 0.00010809642200837466 0.9302260675411667 0.00010809642200837466 0.9302260675411667 0.9302260675411667 0.9302260675411667 0.9302260675411667 0.9302260675411667 0.9302260675411667 0.9302260675411667 0.9302260675411667 0.9302260675411667 0.9302260675411667 0.9302260675411667 0.9302260675411667 0.9302260675411667 0.9302260675411667
15-66792161-T-C 0.9302260675411667 0.9302260675411667 0.9302260675411667 0.00010809642200837466 0.9302260675411667 0.9302260675411667 0.9302260675411667 0.9302260675411667 0.9302260675411667 0.9302260675411667 0.9302260675411667 0.9302260675411667 0.9302260675411667 0.9302260675411667 0.9302260675411667 0.9302260675411667 0.00010809642200837466 0.9302260675411667 0.9302260675411667 0.00010809642200837466 0.9302260675411667 0.9302260675411667 0.9302260675411667 0.9302260675411667
14-14176070-T-C 0.00010809642200837466 0.9302260675411667 0.9302260675411667 0.9302260675411667 0.9302260675411667 0.00010809642200837466 0.9302260675411667 0.9302260675411667 0.9302260675411667 0.9302260675411667 0.9302260675411667 0.9302260675411667 0.00010809642200837466 0.9302260675411667 0.00010809642200837466 0.9302260675411667 0.9302260675411667 0.9302260675411667 0.9302260675411667 0.9302260675411667 0.9302260675411667 0.9302260675411667 0.9302260675411667 0.9302260675411667
18-36962271-C-T 0.9302260675411667 0.9302260675411667 0.9302260675411667 0.9302260675411667 0.9302260675411667 0.9302260675411667 0.9302260675411667 0.9302260675411667 0.9302260675411667 0.9302260675411667 0.9302260675411667 0.00010809642200837466 0.9302260675411667 0.9302260675411667 0.9302260675411667 0.9302260675411667 0.9302260675411667 0.9302260675411667 0.9302260675411667 0.9302260675411667 0.00010809642200837466 0.9302260675411667 0.9302260675411667 0.9302260675411667
8-62023278-A-G 0.9302260675411667 0.9302260675411667 0.9302260675411667 0.9302260675411667 0.9302260675411667 0.9302260675411667 0.9302260675411667 0.9302260675411667 0.9302260675411667 0.9302260675411667 0.9302260675411667 0.00010809642200837466 0.9302260675411667 0.9302260675411667 0.9302260675411667 0.9302260675411667 0.9302260675411667 0.9302260675411667 0.9302260675411667 0.9302260675411667 0.00010809642200837466 0.9302260675411667 0.9302260675411667 0.9302260675411667
9-9833400-T-A 0.9302260675411667 0.9302260675411667 0.9302260675411667 0.9302260675411667 0.9302260675411667 0.9302260675411667 0.9302260675411667 0.9302260675411667 0.9302260675411667 0.9302260675411667 0.9302260675411667 0.00010809642200837466 0.9302260675411667 0.9302260675411667 0.9302260675411667 0.9302260675411667 0.9302260675411667 0.9302260675411667 0.9302260675411667 0.9302260675411667 0.00010809642200837466 0.9302260675411667 0.9302260675411667 0.9302260675411667
7-31290661-T-A 0.00010809642200837466 0.9302260675411667 0.9302260675411667 0.9302260675411667 0.9302260675411667 0.00010809642200837466 0.9302260675411667 0.9302260675411667 0.9302260675411667 0.9302260675411667 0.9302260675411667 0.9302260675411667 0.00010809642200837466 0.9302260675411667 0.9302260675411667 0.9302260675411667 0.9302260675411667 0.9302260675411667 0.9302260675411667 0.9302260675411667 0.9302260675411667 0.9302260675411667 0.9302260675411667 0.9302260675411667
1-153134717-A-G 0.9302260675411667 0.9302260675411667 0.9302260675411667 0.9302260675411667 0.9302260675411667 0.9302260675411667 0.9302260675411667 0.9302260675411667 0.00010809642200837466 0.9302260675411667 0.00010809642200837466 0.9302260675411667 0.9302260675411667 0.9302260675411667 0.9302260675411667 0.9302260675411667 0.9302260675411667 0.9302260675411667 0.9302260675411667 0.9302260675411667 0.9302260675411667 0.9302260675411667 0.9302260675411667 0.9302260675411667
2-74713952-C-T 0.9302260675411667 0.9302260675411667 0.9302260675411667 0.00010809642200837466 0.9302260675411667 0.9302260675411667 0.9302260675411667 0.9302260675411667 0.9302260675411667 0.9302260675411667 0.9302260675411667 0.9302260675411667 0.9302260675411667 0.9302260675411667 0.9302260675411667 0.9302260675411667 0.00010809642200837466 0.9302260675411667 0.9302260675411667 0.00010809642200837466 0.9302260675411667 0.9302260675411667 0.9302260675411667 0.9302260675411667
15-71311088-G-A 0.9302260675411667 0.9302260675411667 0.9302260675411667 0.9302260675411667 0.9302260675411667 0.9302260675411667 0.9302260675411667 0.9302260675411667 0.00010809642200837466 0.9302260675411667 0.00010809642200837466 0.9302260675411667 0.9302260675411667 0.9302260675411667 0.9302260675411667 0.9302260675411667 0.9302260675411667 0.9302260675411667 0.9302260675411667 0.9302260675411667 0.9302260675411667 0.9302260675411667 0.9302260675411667 0.9302260675411667
14-14767026-T-C 0.9302260675411667 0.00010809642200837466 0.9302260675411667 0.9302260675411667 0.9302260675411667 0.9302260675411667 0.00010809642200837466 0.9302260675411667 0.9302260675411667 0.9302260675411667 0.9302260675411667 0.9302260675411667 0.9302260675411667 0.9302260675411667 0.9302260675411667 0.9302260675411667 0.9302260675411667 0.9302260675411667 0.9302260675411667 0.9302260675411667 0.9302260675411667 0.9302260675411667 0.9302260675411667 0.9302260675411667
6-88100660-A-T 0.00010809642200837466 0.9302260675411667 0.9302260675411667 0.9302260675411667 0.9302260675411667 0.00010809642200837466 0.9302260675411667 0.9302260675411667 0.9302260675411667 0.9302260675411667 0.9302260675411667 0.9302260675411667 0.00010809642200837466 0.9302260675411667 0.9302260675411667 0.9302260675411667 0.9302260675411667 0.9302260675411667 0.9302260675411667 0.9302260675411667 0.9302260675411667 0.9302260675411667 0.9302260675411667 0.9302260675411667
2-87213980-G-A 0.00010809642200837466 0.00010809642200837466 0.00010809642200837466 0.00010809642200837466 0.00010809642200837466 0.00010809642200837466 0.00010809642200837466 0.00010809642200837466 0.00010809642200837466 0.00010809642200837466 0.00010809642200837466 0.9302260675411667 0.00010809642200837466 0.00010809642200837466 0.00010809642200837466 0.00010809642200837466 0.00010809642200837466 0.00010809642200837466 0.00010809642200837466 0.00010809642200837466 0.00010809642200837466 0.00010809642200837466 0.00010809642200837466 0.00010809642200837466
2-76840198-G-A 0.00010809642200837466 0.00010809642200837466 0.00010809642200837466 0.00010809642200837466 0.00010809642200837466 0.00010809642200837466 0.00010809642200837466 0.00010809642200837466 0.00010809642200837466 0.00010809642200837466 0.00010809642200837466 0.9302260675411667 0.00010809642200837466 0.00010809642200837466 0.00010809642200837466 0.00010809642200837466 0.00010809642200837466 0.00010809642200837466 0.00010809642200837466 0.00010809642200837466 0.00010809642200837466 0.00010809642200837466 0.00010809642200837466 0.00010809642200837466
18-52639586-T-A 0.9302260675411667 0.9302260675411667 0.9302260675411667 0.9302260675411667 0.9302260675411667 0.9302260675411667 0.9302260675411667 0.9302260675411667 0.00010809642200837466 0.9302260675411667 0.00010809642200837466 0.9302260675411667 0.9302260675411667 0.9302260675411667 0.9302260675411667 0.9302260675411667 0.9302260675411667 0.9302260675411667 0.9302260675411667 0.9302260675411667 0.9302260675411667 0.9302260675411667 0.9302260675411667 0.9302260675411667
4-115582295-A-G 0.9302260675411667 0.00010809642200837466 0.9302260675411667 0.9302260675411667 0.9302260675411667 0.9302260675411667 0.00010809642200837466 0.9302260675411667 0.9302260675411667 0.9302260675411667 0.9302260675411667 0.9302260675411667 0.9302260675411667 0.9302260675411667 0.9302260675411667 0.9302260675411667 0.9302260675411667 0.9302260675411667 0.9302260675411667 0.9302260675411667 0.9302260675411667 0.9302260675411667 0.9302260675411667 0.9302260675411667
18-7920349-G-A 0.00010809642200837466 0.9302260675411667 0.9302260675411667 0.9302260675411667 0.9302260675411667 0.00010809642200837466 0.9302260675411667 0.9302260675411667 0.00010809642200837466 0.9302260675411667 0.00010809642200837466 0.9302260675411667 0.00010809642200837466 0.9302260675411667 0.00010809642200837466 0.9302260675411667 0.9302260675411667 0.9302260675411667 0.9302260675411667 0.9302260675411667 0.9302260675411667 0.9302260675411667 0.00010809642200837466 0.9302260675411667
6-29451472-G-A 0.9302260675411667 0.9302260675411667 0.9302260675411667 0.9302260675411667 0.9302260675411667 0.9302260675411667 0.9302260675411667 0.9302260675411667 0.9302260675411667 0.9302260675411667 0.9302260675411667 0.9302260675411667 0.9302260675411667 0.9302260675411667 0.9302260675411667 0.9302260675411667 0.9302260675411667 0.9302260675411667 0.00010809642200837466 0.9302260675411667 0.9302260675411667 0.00010809642200837466 0.9302260675411667 0.9302260675411667
9-31434592-T-C 0.9302260675411667 0.00010809642200837466 0.9302260675411667 0.9302260675411667 0.9302260675411667 0.9302260675411667 0.00010809642200837466 0.9302260675411667 0.9302260675411667 0.9302260675411667 0.9302260675411667 0.9302260675411667 0.9302260675411667 0.9302260675411667 0.9302260675411667 0.9302260675411667 0.9302260675411667 0.9302260675411667 0.9302260675411667 0.9302260675411667 0.9302260675411667 0.9302260675411667 0.9302260675411667 0.9302260675411667
14-54439495-A-G 0.00010809642200837466 0.00010809642200837466 0.00010809642200837466 0.00010809642200837466 0.00010809642200837466 0.00010809642200837466 0.00010809642200837466 0.00010809642200837466 0.00010809642200837466 0.00010809642200837466 0.9302260675411667 0.00010809642200837466 0.00010809642200837466 0.00010809642200837466 0.00010809642200837466 0.00010809642200837466 0.00010809642200837466 0.9302260675411667 0.00010809642200837466 0.00010809642200837466 0.00010809642200837466 0.00010809642200837466 0.00010809642200837466 0.00010809642200837466
14-4323156-G-A 0.9302260675411667 0.9302260675411667 0.9302260675411667 0.9302260675411667 0.9302260675411667 0.9302260675411667 0.9302260675411667 0.9302260675411667 0.9302260675411667 0.9302260675411667 0.9302260675411667 0.9302260675411667 0.9302260675411667 0.00010809642200837466 0.9302260675411667 0.9302260675411667 0.9302260675411667 0.9302260675411667 0.9302260675411667 0.9302260675411667 0.9302260675411667 0.9302260675411667 0.9302260675411667 0.00010809642200837466
10-126323252-T-C 0.9302260675411667 0.9302260675411667 0.9302260675411667 0.00010809642200837466 0.9302260675411667 0.9302260675411667 0.9302260675411667 0.9302260675411667 0.9302260675411667 0.9302260675411667 0.9302260675411667 0.9302260675411667 0.9302260675411667 0.9302260675411667 0.9302260675411667 0.9302260675411667 0.00010809642200837466 0.9302260675411667 0.9302260675411667 0.00010809642200837466 0.9302260675411667 0.9302260675411667 0.9302260675411667 0.9302260675411667
9-75964419-C-T 0.9302260675411667 0.9302260675411667 0.9302260675411667 0.9302260675411667 0.9302260675411667 0.9302260675411667 0.9302260675411667 0.9302260675411667 0.9302260675411667 0.9302260675411667 0.9302260675411667 0.00010809642200837466 0.9302260675411667 0.9302260675411667 0.9302260675411667 0.9302260675411667 0.9302260675411667 0.9302260675411667 0.9302260675411667 0.9302260675411667 0.00010809642200837466 0.9302260675411667 0.9302260675411667 0.9302260675411667
8-102650933-A-G 0.9302260675411667 0.9302260675411667 0.9302260675411667 0.9302260675411667 0.9302260675411667 0.9302260675411667 0.9302260675411667 0.9302260675411667 0.00010809642200837466 0.9302260675411667 0.00010809642200837466 0.9302260675411667 0.9302260675411667 0.9302260675411667 0.9302260675411667 0.9302260675411667 0.9302260675411667 0.9302260675411667 0.9302260675411667 0.9302260675411667 0.9302260675411667 0.9302260675411667 0.9302260675411667 0.9302260675411667
8-84021465-G-C 0.9302260675411667 0.9302260675411667 0.9302260675411667 0.9302260675411667 0.9302260675411667 0.9302260675411667 0.9302260675411667 0.9302260675411667 0.9302260675411667 0.9302260675411667 0.9302260675411667 0.9302260675411667 0.9302260675411667 0.00010809642200837466 0.9302260675411667 0.9302260675411667 0.9302260675411667 0.9302260675411667 0.9302260675411667 0.9302260675411667 0.9302260675411667 0.9302260675411667 0.9302260675411667 0.00010809642200837466
3-79604987-A-G 0.9302260675411667 0.00010809642200837466 0.00010809642200837466 0.00010809642200837466 0.00010809642200837466 0.9302260675411667 0.00010809642200837466 0.00010809642200837466 0.00010809642200837466 0.00010809642200837466 0.00010809642200837466 0.00010809642200837466 0.9302260675411667 0.9302260675411667 0.9302260675411667 0.00010809642200837466 0.00010809642200837466 0.00010809642200837466 0.9302260675411667 0.00010809642200837466 0.00010809642200837466 0.00010809642200837466 0.9302260675411667 0.9302260675411667
9-105948472-G-T 0.9302260675411667 0.9302260675411667 0.9302260675411667 0.9302260675411667 0.9302260675411667 0.9302260675411667 0.9302260675411667 0.9302260675411667 0.00010809642200837466 0.9302260675411667 0.00010809642200837466 0.9302260675411667 0.9302260675411667 0.9302260675411667 0.9302260675411667 0.9302260675411667 0.9302260675411667 0.9302260675411667 0.9302260675411667 0.9302260675411667 0.9302260675411667 0.9302260675411667 0.9302260675411667 0.9302260675411667
10-92165089-G-A 0.9302260675411667 0.9302260675411667 0.9302260675411667 0.9302260675411667 0.9302260675411667 0.9302260675411667 0.9302260675411667 0.9302260675411667 0.9302260675411667 0.9302260675411667 0.9302260675411667 0.00010809642200837466 0.9302260675411667 0.9302260675411667 0.9302260675411667 0.9302260675411667 0.9302260675411667 0.9302260675411667 0.9302260675411667 0.9302260675411667 0.00010809642200837466 0.9302260675411667 0.9302260675411667 0.9302260675411667
13-66812623-A-G 0.00010809642200837466 0.00010809642200837466 0.00010809642200837466 0.00010809642200837466 0.00010809642200837466 0.00010809642200837466 0.00010809642200837466 0.00010809642200837466 0.00010809642200837466 0.00010809642200837466 0.00010809642200837466 0.00010809642200837466 0.00010809642200837466 0.00010809642200837466 0.00010809642200837466 0.00010809642200837466 0.00010809642200837466 0.00010809642200837466 0.00010809642200837466 0.00010809642200837466 0.00010809642200837466 0.00010809642200837466 0.00010809642200837466 0.9302260675411667
4-63345869-T-C 0.00010809642200837466 0.9302260675411667 0.9302260675411667 0.9302260675411667 0.9302260675411667 0.00010809642200837466 0.9302260675411667 0.9302260675411667 0.9302260675411667 0.9302260675411667 0.9302260675411667 0.9302260675411667 0.00010809642200837466 0.9302260675411667 0.00010809642200837466 0.9302260675411667 0.9302260675411667 0.9302260675411667 0.9302260675411667 0.9302260675411667 0.9302260675411667 0.9302260675411667 0.00010809642200837466 0.9302260675411667
16-45427871-C-G 0.9302260675411667 0.9302260675411667 0.9302260675411667 0.9302260675411667 0.9302260675411667 0.9302260675411667 0.9302260675411667 0.9302260675411667 0.00010809642200837466 0.9302260675411667 0.00010809642200837466 0.9302260675411667 0.9302260675411667 0.9302260675411667 0.9302260675411667 0.9302260675411667 0.9302260675411667 0.9302260675411667 0.9302260675411667 0.9302260675411667 0.9302260675411667 0.9302260675411667 0.9302260675411667 0.9302260675411667
16-57133075-A-T 0.9302260675411667 0.9302260675411667 0.9302260675411667 0.00010809642200837466 0.9302260675411667 0.9302260675411667 0.9302260675411667 0.9302260675411667 0.9302260675411667 0.9302260675411667 0.9302260675411667 0.9302260675411667 0.9302260675411667 0.9302260675411667 0.9302260675411667 0.9302260675411667 0.00010809642200837466 0.9302260675411667 0.9302260675411667 0.00010809642200837466 0.9302260675411667 0.9302260675411667 0.9302260675411667 0.9302260675411667
1-23763276-A-G 0.00010809642200837466 0.00010809642200837466 0.00010809642200837466 0.00010809642200837466 0.00010809642200837466 0.00010809642200837466 0.00010809642200837466 0.00010809642200837466 0.9302260675411667 0.00010809642200837466 0.00010809642200837466 0.00010809642200837466 0.00010809642200837466 0.00010809642200837466 0.00010809642200837466 0.00010809642200837466 0.00010809642200837466 0.00010809642200837466 0.00010809642200837466 0.00010809642200837466 0.00010809642200837466 0.00010809642200837466 0.00010809642200837466 0.00010809642200837466
3-92620349-C-T 0.9302260675411667 0.00010809642200837466 0.00010809642200837466 0.00010809642200837466 0.00010809642200837466 0.9302260675411667 0.00010809642200837466 0.00010809642200837466 0.00010809642200837466 0.00010809642200837466 0.00010809642200837466 0.00010809642200837466 0.9302260675411667 0.9302260675411667 0.9302260675411667 0.00010809642200837466 0.00010809642200837466 0.00010809642200837466 0.9302260675411667 0.00010809642200837466 0.00010809642200837466 0.00010809642200837466 0.9302260675411667 0.9302260675411667
2-114051917-G-A 0.00010809642200837466 0.00010809642200837466 0.00010809642200837466 0.00010809642200837466 0.00010809642200837466 0.00010809642200837466 0.00010809642200837466 0.00010809642200837466 0.00010809642200837466 0.00010809642200837466 0.00010809642200837466 0.9302260675411667 0.00010809642200837466 0.00010809642200837466 0.00010809642200837466 0.00010809642200837466 0.00010809642200837466 0.00010809642200837466 0.00010809642200837466 0.00010809642200837466 0.00010809642200837466 0.00010809642200837466 0.00010809642200837466 0.00010809642200837466
1-75415625-A-C 0.9302260675411667 0.9302260675411667 0.9302260675411667 0.9302260675411667 0.9302260675411667 0.9302260675411667 0.9302260675411667 0.9302260675411667 0.00010809642200837466 0.9302260675411667 0.00010809642200837466 0.9302260675411667 0.9302260675411667 0.9302260675411667 0.9302260675411667 0.9302260675411667 0.9302260675411667 0.9302260675411667 0.9302260675411667 0.9302260675411667 0.9302260675411667 0.9302260675411667 0.9302260675411667 0.9302260675411667
2-177389638-A-T 0.9302260675411667 0.9302260675411667 0.00010809642200837466 0.9302260675411667 0.9302260675411667 0.9302260675411667 0.00010809642200837466 0.9302260675411667 0.9302260675411667 0.9302260675411667 0.9302260675411667 0.00010809642200837466 0.9302260675411667 0.9302260675411667 0.9302260675411667 0.00010809642200837466 0.9302260675411667 0.9302260675411667 0.00010809642200837466 0.9302260675411667 0.00010809642200837466 0.00010809642200837466 0.9302260675411667 0.9302260675411667
14-66828757-T-C 0.9302260675411667 0.00010809642200837466 0.9302260675411667 0.9302260675411667 0.9302260675411667 0.9302260675411667 0.00010809642200837466 0.9302260675411667 0.9302260675411667 0.9302260675411667 0.9302260675411667 0.9302260675411667 0.9302260675411667 0.9302260675411667 0.9302260675411667 0.9302260675411667 0.9302260675411667 0.9302260675411667 0.9302260675411667 0.9302260675411667 0.9302260675411667 0.9302260675411667 0.9302260675411667 0.9302260675411667
11-99049108-C-G 0.00010809642200837466 0.9302260675411667 0.9302260675411667 0.9302260675411667 0.9302260675411667 0.00010809642200837466 0.9302260675411667 0.9302260675411667 0.9302260675411667 0.9302260675411667 0.9302260675411667 0.9302260675411667 0.00010809642200837466 0.9302260675411667 0.9302260675411667 0.9302260675411667 0.9302260675411667 0.9302260675411667 0.9302260675411667 0.9302260675411667 0.9302260675411667 0.9302260675411667 0.9302260675411667 0.9302260675411667
9-104015319-T-A 0.00010809642200837466 0.00010809642200837466 0.00010809642200837466 0.9302260675411667 0.00010809642200837466 0.00010809642200837466 0.00010809642200837466 0.00010809642200837466 0.00010809642200837466 0.00010809642200837466 0.00010809642200837466 0.00010809642200837466 0.00010809642200837466 0.00010809642200837466 0.00010809642200837466 0.00010809642200837466 0.00010809642200837466 0.00010809642200837466 0.00010809642200837466 0.00010809642200837466 0.00010809642200837466 0.00010809642200837466 0.9302260675411667 0.00010809642200837466
10-79542328-C-A 0.9302260675411667 0.9302260675411667 0.9302260675411667 0.9302260675411667 0.9302260675411667 0.9302260675411667 0.9302260675411667 0.9302260675411667 0.00010809642200837466 0.9302260675411667 0.00010809642200837466 0.9302260675411667 0.9302260675411667 0.9302260675411667 0.9302260675411667 0.9302260675411667 0.9302260675411667 0.9302260675411667 0.9302260675411667 0.9302260675411667 0.9302260675411667 0.9302260675411667 0.9302260675411667 0.9302260675411667
12-82496095-G-C 0.00010809642200837466 0.9302260675411667 0.9302260675411667 0.9302260675411667 0.9302260675411667 0.9302260675411667 0.9302260675411667 0.9302260675411667 0.9302260675411667 0.9302260675411667 0.9302260675411667 0.9302260675411667 0.00010809642200837466 0.9302260675411667 0.9302260675411667 0.9302260675411667 0.9302260675411667 0.9302260675411667 0.9302260675411667 0.9302260675411667 0.9302260675411667 0.9302260675411667 0.9302260675411667 0.9302260675411667
13-46681174-A-C 0.9302260675411667 0.00010809642200837466 0.9302260675411667 0.9302260675411667 0.9302260675411667 0.9302260675411667 0.00010809642200837466 0.9302260675411667 0.9302260675411667 0.9302260675411667 0.9302260675411667 0.9302260675411667 0.9302260675411667 0.9302260675411667 0.9302260675411667 0.9302260675411667 0.9302260675411667 0.9302260675411667 0.9302260675411667 0.9302260675411667 0.9302260675411667 0.9302260675411667 0.9302260675411667 0.9302260675411667
6-87845723-G-C 0.9302260675411667 0.9302260675411667 0.9302260675411667 0.00010809642200837466 0.9302260675411667 0.9302260675411667 0.9302260675411667 0.9302260675411667 0.9302260675411667 0.9302260675411667 0.9302260675411667 0.9302260675411667 0.9302260675411667 0.9302260675411667 0.9302260675411667 0.9302260675411667 0.00010809642200837466 0.9302260675411667 0.9302260675411667 0.00010809642200837466 0.9302260675411667 0.9302260675411667 0.9302260675411667 0.9302260675411667
10-109816465-A-G 0.00010809642200837466 0.00010809642200837466 0.9302260675411667 0.9302260675411667 0.00010809642200837466 0.00010809642200837466 0.00010809642200837466 0.00010809642200837466 0.00010809642200837466 0.00010809642200837466 0.00010809642200837466 0.9302260675411667 0.00010809642200837466 0.9302260675411667 0.00010809642200837466 0.9302260675411667 0.9302260675411667 0.00010809642200837466 0.9302260675411667 0.9302260675411667 0.9302260675411667 0.9302260675411667 0.00010809642200837466 0.9302260675411667
14-16452186-C-T 0.00010809642200837466 0.9302260675411667 0.9302260675411667 0.9302260675411667 0.9302260675411667 0.00010809642200837466 0.9302260675411667 0.9302260675411667 0.9302260675411667 0.9302260675411667 0.9302260675411667 0.9302260675411667 0.00010809642200837466 0.9302260675411667 0.00010809642200837466 0.9302260675411667 0.9302260675411667 0.9302260675411667 0.9302260675411667 0.9302260675411667 0.9302260675411667 0.9302260675411667 0.00010809642200837466 0.9302260675411667
17-71517494-A-C 0.00010809642200837466 0.9302260675411667 0.9302260675411667 0.9302260675411667 0.9302260675411667 0.00010809642200837466 0.9302260675411667 0.9302260675411667 0.9302260675411667 0.9302260675411667 0.9302260675411667 0.9302260675411667 0.00010809642200837466 0.9302260675411667 0.9302260675411667 0.9302260675411667 0.9302260675411667 0.9302260675411667 0.9302260675411667 0.9302260675411667 0.9302260675411667 0.9302260675411667 0.9302260675411667 0.9302260675411667
2-120041465-C-G 0.9302260675411667 0.9302260675411667 0.9302260675411667 0.9302260675411667 0.9302260675411667 0.9302260675411667 0.9302260675411667 0.9302260675411667 0.9302260675411667 0.9302260675411667 0.9302260675411667 0.9302260675411667 0.9302260675411667 0.00010809642200837466 0.9302260675411667 0.9302260675411667 0.9302260675411667 0.9302260675411667 0.9302260675411667 0.9302260675411667 0.9302260675411667 0.9302260675411667 0.9302260675411667 0.00010809642200837466
4-40260770-T-C 0.9302260675411667 0.9302260675411667 0.9302260675411667 0.9302260675411667 0.9302260675411667 0.9302260675411667 0.9302260675411667 0.9302260675411667 0.9302260675411667 0.9302260675411667 0.9302260675411667 0.00010809642200837466 0.9302260675411667 0.9302260675411667 0.9302260675411667 0.9302260675411667 0.9302260675411667 0.9302260675411667 0.9302260675411667 0.9302260675411667 0.00010809642200837466 0.9302260675411667 0.9302260675411667 0.9302260675411667
2-60233973-T-G 0.00010809642200837466 0.00010809642200837466 0.00010809642200837466 0.00010809642200837466 0.00010809642200837466 0.00010809642200837466 0.00010809642200837466 0.00010809642200837466 0.00010809642200837466 0.00010809642200837466 0.00010809642200837466 0.9302260675411667 0.00010809642200837466 0.00010809642200837466 0.00010809642200837466 0.00010809642200837466 0.00010809642200837466 0.00010809642200837466 0.00010809642200837466 0.00010809642200837466 0.00010809642200837466 0.00010809642200837466 0.00010809642200837466 0.00010809642200837466
4-113184743-A-C 0.9302260675411667 0.9302260675411667 0.9302260675411667 0.00010809642200837466 0.9302260675411667 0.9302260675411667 0.9302260675411667 0.9302260675411667 0.9302260675411667 0.9302260675411667 0.9302260675411667 0.9302260675411667 0.9302260675411667 0.9302260675411667 0.9302260675411667 0.9302260675411667 0.00010809642200837466 0.9302260675411667 0.9302260675411667 0.00010809642200837466 0.9302260675411667 0.9302260675411667 0.9302260675411667 0.9302260675411667
8-62023278-A-G 0.9302260675411667 0.9302260675411667 0.9302260675411667 0.9302260675411667 0.9302260675411667 0.9302260675411667 0.9302260675411667 0.9302260675411667 0.9302260675411667 0.9302260675411667 0.9302260675411667 0.00010809642200837466 0.9302260675411667 0.9302260675411667 0.9302260675411667 0.9302260675411667 0.9302260675411667 0.9302260675411667 0.9302260675411667 0.9302260675411667 0.00010809642200837466 0.9302260675411667 0.9302260675411667 0.9302260675411667
12-84678742-T-A 0.00010809642200837466 0.9302260675411667 0.9302260675411667 0.9302260675411667 0.9302260675411667 0.00010809642200837466 0.9302260675411667 0.9302260675411667 0.00010809642200837466 0.9302260675411667 0.00010809642200837466 0.9302260675411667 0.00010809642200837466 0.9302260675411667 0.00010809642200837466 0.9302260675411667 0.9302260675411667 0.00010809642200837466 0.9302260675411667 0.9302260675411667 0.9302260675411667 0.9302260675411667 0.00010809642200837466 0.9302260675411667
8-71695920-T-C 0.9302260675411667 0.9302260675411667 0.9302260675411667 0.9302260675411667 0.9302260675411667 0.9302260675411667 0.9302260675411667 0.9302260675411667 0.00010809642200837466 0.9302260675411667 0.00010809642200837466 0.9302260675411667 0.9302260675411667 0.9302260675411667 0.9302260675411667 0.9302260675411667 0.9302260675411667 0.9302260675411667 0.9302260675411667 0.9302260675411667 0.9302260675411667 0.9302260675411667 0.9302260675411667 0.9302260675411667
17-38146840-A-G 0.9302260675411667 0.00010809642200837466 0.9302260675411667 0.9302260675411667 0.9302260675411667 0.9302260675411667 0.00010809642200837466 0.9302260675411667 0.9302260675411667 0.9302260675411667 0.9302260675411667 0.9302260675411667 0.9302260675411667 0.9302260675411667 0.9302260675411667 0.9302260675411667 0.9302260675411667 0.9302260675411667 0.9302260675411667 0.9302260675411667 0.9302260675411667 0.9302260675411667 0.9302260675411667 0.9302260675411667
4-43570159-A-G 0.9302260675411667 0.00010809642200837466 0.9302260675411667 0.9302260675411667 0.9302260675411667 0.9302260675411667 0.00010809642200837466 0.9302260675411667 0.9302260675411667 0.9302260675411667 0.9302260675411667 0.9302260675411667 0.9302260675411667 0.9302260675411667 0.9302260675411667 0.9302260675411667 0.9302260675411667 0.9302260675411667 0.9302260675411667 0.9302260675411667 0.9302260675411667 0.9302260675411667 0.9302260675411667 0.9302260675411667
12-84450972-T-A 0.9302260675411667 0.9302260675411667 0.9302260675411667 0.9302260675411667 0.9302260675411667 0.9302260675411667 0.9302260675411667 0.9302260675411667 0.00010809642200837466 0.9302260675411667 0.00010809642200837466 0.9302260675411667 0.9302260675411667 0.9302260675411667 0.9302260675411667 0.9302260675411667 0.9302260675411667 0.9302260675411667 0.9302260675411667 0.9302260675411667 0.9302260675411667 0.9302260675411667 0.9302260675411667 0.9302260675411667
4-96215295-T-G 0.9302260675411667 0.9302260675411667 0.9302260675411667 0.9302260675411667 0.9302260675411667 0.9302260675411667 0.9302260675411667 0.9302260675411667 0.00010809642200837466 0.9302260675411667 0.00010809642200837466 0.9302260675411667 0.9302260675411667 0.9302260675411667 0.9302260675411667 0.9302260675411667 0.9302260675411667 0.9302260675411667 0.9302260675411667 0.9302260675411667 0.9302260675411667 0.9302260675411667 0.9302260675411667 0.9302260675411667
4-76059848-C-A 0.9302260675411667 0.00010809642200837466 0.9302260675411667 0.9302260675411667 0.9302260675411667 0.9302260675411667 0.00010809642200837466 0.9302260675411667 0.9302260675411667 0.00010809642200837466 0.9302260675411667 0.9302260675411667 0.9302260675411667 0.9302260675411667 0.9302260675411667 0.9302260675411667 0.9302260675411667 0.9302260675411667 0.9302260675411667 0.9302260675411667 0.9302260675411667 0.9302260675411667 0.9302260675411667 0.9302260675411667
10-5792249-G-C 0.9302260675411667 0.00010809642200837466 0.9302260675411667 0.9302260675411667 0.9302260675411667 0.9302260675411667 0.00010809642200837466 0.9302260675411667 0.9302260675411667 0.9302260675411667 0.9302260675411667 0.9302260675411667 0.9302260675411667 0.9302260675411667 0.9302260675411667 0.9302260675411667 0.9302260675411667 0.9302260675411667 0.9302260675411667 0.9302260675411667 0.9302260675411667 0.9302260675411667 0.9302260675411667 0.9302260675411667
2-139547207-A-C 0.9302260675411667 0.9302260675411667 0.9302260675411667 0.9302260675411667 0.9302260675411667 0.9302260675411667 0.9302260675411667 0.9302260675411667 0.00010809642200837466 0.9302260675411667 0.00010809642200837466 0.9302260675411667 0.9302260675411667 0.9302260675411667 0.9302260675411667 0.9302260675411667 0.9302260675411667 0.9302260675411667 0.9302260675411667 0.9302260675411667 0.9302260675411667 0.9302260675411667 0.9302260675411667 0.9302260675411667
13-83600206-C-T 0.9302260675411667 0.9302260675411667 0.9302260675411667 0.9302260675411667 0.9302260675411667 0.9302260675411667 0.9302260675411667 0.9302260675411667 0.9302260675411667 0.9302260675411667 0.9302260675411667 0.00010809642200837466 0.9302260675411667 0.9302260675411667 0.9302260675411667 0.9302260675411667 0.9302260675411667 0.9302260675411667 0.9302260675411667 0.9302260675411667 0.00010809642200837466 0.9302260675411667 0.9302260675411667 0.9302260675411667
17-49713925-A-G 0.9302260675411667 0.9302260675411667 0.9302260675411667 0.9302260675411667 0.9302260675411667 0.9302260675411667 0.9302260675411667 0.9302260675411667 0.00010809642200837466 0.9302260675411667 0.00010809642200837466 0.9302260675411667 0.9302260675411667 0.9302260675411667 0.9302260675411667 0.9302260675411667 0.9302260675411667 0.9302260675411667 0.9302260675411667 0.9302260675411667 0.9302260675411667 0.9302260675411667 0.9302260675411667 0.9302260675411667
8-124559611-C-T 0.9302260675411667 0.00010809642200837466 0.9302260675411667 0.9302260675411667 0.9302260675411667 0.9302260675411667 0.00010809642200837466 0.00010809642200837466 0.9302260675411667 0.00010809642200837466 0.9302260675411667 0.9302260675411667 0.9302260675411667 0.9302260675411667 0.9302260675411667 0.9302260675411667 0.9302260675411667 0.9302260675411667 0.9302260675411667 0.9302260675411667 0.9302260675411667 0.9302260675411667 0.9302260675411667 0.9302260675411667
7-44830344-A-G 0.9302260675411667 0.9302260675411667 0.9302260675411667 0.00010809642200837466 0.9302260675411667 0.9302260675411667 0.9302260675411667 0.9302260675411667 0.9302260675411667 0.9302260675411667 0.9302260675411667 0.9302260675411667 0.9302260675411667 0.9302260675411667 0.9302260675411667 0.9302260675411667 0.00010809642200837466 0.9302260675411667 0.9302260675411667 0.00010809642200837466 0.9302260675411667 0.9302260675411667 0.9302260675411667 0.9302260675411667
18-67724384-G-C 0.00010809642200837466 0.9302260675411667 0.9302260675411667 0.9302260675411667 0.9302260675411667 0.9302260675411667 0.9302260675411667 0.9302260675411667 0.9302260675411667 0.9302260675411667 0.9302260675411667 0.9302260675411667 0.00010809642200837466 0.9302260675411667 0.9302260675411667 0.9302260675411667 0.9302260675411667 0.9302260675411667 0.9302260675411667 0.9302260675411667 0.9302260675411667 0.9302260675411667 0.9302260675411667 0.9302260675411667
18-60590152-G-A 0.9302260675411667 0.9302260675411667 0.9302260675411667 0.9302260675411667 0.9302260675411667 0.9302260675411667 0.9302260675411667 0.9302260675411667 0.9302260675411667 0.9302260675411667 0.9302260675411667 0.00010809642200837466 0.9302260675411667 0.9302260675411667 0.9302260675411667 0.9302260675411667 0.9302260675411667 0.9302260675411667 0.9302260675411667 0.9302260675411667 0.00010809642200837466 0.9302260675411667 0.9302260675411667 0.9302260675411667
7-118780019-C-T 0.9302260675411667 0.00010809642200837466 0.9302260675411667 0.9302260675411667 0.9302260675411667 0.9302260675411667 0.00010809642200837466 0.00010809642200837466 0.9302260675411667 0.00010809642200837466 0.9302260675411667 0.9302260675411667 0.9302260675411667 0.9302260675411667 0.9302260675411667 0.9302260675411667 0.9302260675411667 0.9302260675411667 0.9302260675411667 0.9302260675411667 0.9302260675411667 0.9302260675411667 0.9302260675411667 0.9302260675411667
6-117213743-C-T 0.9302260675411667 0.00010809642200837466 0.00010809642200837466 0.00010809642200837466 0.00010809642200837466 0.9302260675411667 0.00010809642200837466 0.00010809642200837466 0.00010809642200837466 0.00010809642200837466 0.00010809642200837466 0.00010809642200837466 0.9302260675411667 0.00010809642200837466 0.9302260675411667 0.00010809642200837466 0.00010809642200837466 0.00010809642200837466 0.00010809642200837466 0.00010809642200837466 0.00010809642200837466 0.00010809642200837466 0.00010809642200837466 0.00010809642200837466
7-39179671-A-G 0.9302260675411667 0.9302260675411667 0.9302260675411667 0.9302260675411667 0.9302260675411667 0.9302260675411667 0.9302260675411667 0.9302260675411667 0.00010809642200837466 0.9302260675411667 0.00010809642200837466 0.9302260675411667 0.9302260675411667 0.9302260675411667 0.9302260675411667 0.9302260675411667 0.9302260675411667 0.9302260675411667 0.9302260675411667 0.9302260675411667 0.9302260675411667 0.9302260675411667 0.9302260675411667 0.9302260675411667
16-7224225-T-A 0.00010809642200837466 0.9302260675411667 0.9302260675411667 0.9302260675411667 0.9302260675411667 0.9302260675411667 0.9302260675411667 0.9302260675411667 0.9302260675411667 0.9302260675411667 0.9302260675411667 0.9302260675411667 0.00010809642200837466 0.9302260675411667 0.9302260675411667 0.9302260675411667 0.9302260675411667 0.9302260675411667 0.9302260675411667 0.9302260675411667 0.9302260675411667 0.9302260675411667 0.9302260675411667 0.9302260675411667
1-18128703-T-A 0.9302260675411667 0.9302260675411667 0.9302260675411667 0.9302260675411667 0.9302260675411667 0.9302260675411667 0.9302260675411667 0.9302260675411667 0.00010809642200837466 0.9302260675411667 0.00010809642200837466 0.9302260675411667 0.9302260675411667 0.9302260675411667 0.9302260675411667 0.9302260675411667 0.9302260675411667 0.9302260675411667 0.9302260675411667 0.9302260675411667 0.9302260675411667 0.9302260675411667 0.9302260675411667 0.9302260675411667
3-90477399-T-G 0.00010809642200837466 0.9302260675411667 0.9302260675411667 0.9302260675411667 0.9302260675411667 0.00010809642200837466 0.9302260675411667 0.9302260675411667 0.9302260675411667 0.9302260675411667 0.9302260675411667 0.9302260675411667 0.00010809642200837466 0.9302260675411667 0.9302260675411667 0.9302260675411667 0.9302260675411667 0.9302260675411667 0.9302260675411667 0.9302260675411667 0.9302260675411667 0.9302260675411667 0.9302260675411667 0.9302260675411667
3-29514110-G-A 0.9302260675411667 0.9302260675411667 0.9302260675411667 0.9302260675411667 0.9302260675411667 0.9302260675411667 0.9302260675411667 0.9302260675411667 0.9302260675411667 0.9302260675411667 0.9302260675411667 0.9302260675411667 0.9302260675411667 0.00010809642200837466 0.9302260675411667 0.9302260675411667 0.9302260675411667 0.9302260675411667 0.9302260675411667 0.9302260675411667 0.9302260675411667 0.9302260675411667 0.9302260675411667 0.00010809642200837466
7-17211606-T-A 0.9302260675411667 0.00010809642200837466 0.9302260675411667 0.9302260675411667 0.00010809642200837466 0.9302260675411667 0.00010809642200837466 0.00010809642200837466 0.9302260675411667 0.00010809642200837466 0.9302260675411667 0.9302260675411667 0.9302260675411667 0.9302260675411667 0.9302260675411667 0.9302260675411667 0.9302260675411667 0.9302260675411667 0.9302260675411667 0.9302260675411667 0.9302260675411667 0.9302260675411667 0.9302260675411667 0.9302260675411667
18-25753494-G-A 0.00010809642200837466 0.9302260675411667 0.9302260675411667 0.9302260675411667 0.9302260675411667 0.00010809642200837466 0.9302260675411667 0.9302260675411667 0.9302260675411667 0.9302260675411667 0.9302260675411667 0.9302260675411667 0.00010809642200837466 0.9302260675411667 0.9302260675411667 0.9302260675411667 0.9302260675411667 0.9302260675411667 0.9302260675411667 0.9302260675411667 0.9302260675411667 0.9302260675411667 0.9302260675411667 0.9302260675411667
5-134194925-A-G 0.9302260675411667 0.9302260675411667 0.9302260675411667 0.00010809642200837466 0.9302260675411667 0.9302260675411667 0.9302260675411667 0.9302260675411667 0.9302260675411667 0.9302260675411667 0.9302260675411667 0.9302260675411667 0.9302260675411667 0.9302260675411667 0.9302260675411667 0.9302260675411667 0.00010809642200837466 0.9302260675411667 0.9302260675411667 0.00010809642200837466 0.9302260675411667 0.9302260675411667 0.9302260675411667 0.9302260675411667
12-55060931-G-C 0.9302260675411667 0.00010809642200837466 0.9302260675411667 0.9302260675411667 0.00010809642200837466 0.9302260675411667 0.9302260675411667 0.00010809642200837466 0.9302260675411667 0.00010809642200837466 0.9302260675411667 0.9302260675411667 0.9302260675411667 0.9302260675411667 0.9302260675411667 0.9302260675411667 0.9302260675411667 0.9302260675411667 0.9302260675411667 0.9302260675411667 0.9302260675411667 0.9302260675411667 0.9302260675411667 0.9302260675411667
11-36024605-T-C 0.9302260675411667 0.9302260675411667 0.9302260675411667 0.9302260675411667 0.9302260675411667 0.9302260675411667 0.9302260675411667 0.9302260675411667 0.9302260675411667 0.9302260675411667 0.9302260675411667 0.00010809642200837466 0.9302260675411667 0.9302260675411667 0.9302260675411667 0.9302260675411667 0.9302260675411667 0.9302260675411667 0.9302260675411667 0.9302260675411667 0.00010809642200837466 0.9302260675411667 0.9302260675411667 0.9302260675411667
2-111983077-C-T 0.9302260675411667 0.9302260675411667 0.9302260675411667 0.9302260675411667 0.9302260675411667 0.9302260675411667 0.9302260675411667 0.9302260675411667 0.00010809642200837466 0.9302260675411667 0.00010809642200837466 0.9302260675411667 0.9302260675411667 0.9302260675411667 0.9302260675411667 0.9302260675411667 0.9302260675411667 0.9302260675411667 0.9302260675411667 0.9302260675411667 0.9302260675411667 0.9302260675411667 0.9302260675411667 0.9302260675411667
13-113346668-T-G 0.00010809642200837466 0.00010809642200837466 0.00010809642200837466 0.00010809642200837466 0.00010809642200837466 0.00010809642200837466 0.00010809642200837466 0.00010809642200837466 0.00010809642200837466 0.00010809642200837466 0.00010809642200837466 0.00010809642200837466 0.00010809642200837466 0.00010809642200837466 0.00010809642200837466 0.00010809642200837466 0.00010809642200837466 0.00010809642200837466 0.00010809642200837466 0.00010809642200837466 0.00010809642200837466 0.00010809642200837466 0.00010809642200837466 0.9302260675411667
5-65418415-A-G 0.9302260675411667 0.9302260675411667 0.9302260675411667 0.9302260675411667 0.9302260675411667 0.9302260675411667 0.9302260675411667 0.9302260675411667 0.00010809642200837466 0.9302260675411667 0.00010809642200837466 0.9302260675411667 0.9302260675411667 0.9302260675411667 0.9302260675411667 0.9302260675411667 0.9302260675411667 0.9302260675411667 0.9302260675411667 0.9302260675411667 0.9302260675411667 0.9302260675411667 0.9302260675411667 0.9302260675411667
13-68562274-G-A 0.9302260675411667 0.9302260675411667 0.9302260675411667 0.9302260675411667 0.9302260675411667 0.9302260675411667 0.9302260675411667 0.9302260675411667 0.00010809642200837466 0.9302260675411667 0.00010809642200837466 0.9302260675411667 0.9302260675411667 0.9302260675411667 0.9302260675411667 0.9302260675411667 0.9302260675411667 0.9302260675411667 0.9302260675411667 0.9302260675411667 0.9302260675411667 0.9302260675411667 0.9302260675411667 0.9302260675411667
3-95991510-C-A 0.00010809642200837466 0.9302260675411667 0.00010809642200837466 0.00010809642200837466 0.00010809642200837466 0.00010809642200837466 0.00010809642200837466 0.9302260675411667 0.00010809642200837466 0.9302260675411667 0.00010809642200837466 0.00010809642200837466 0.00010809642200837466 0.00010809642200837466 0.00010809642200837466 0.9302260675411667 0.00010809642200837466 0.9302260675411667 0.00010809642200837466 0.00010809642200837466 0.00010809642200837466 0.9302260675411667 0.00010809642200837466 0.00010809642200837466
6-68807804-G-A 0.9302260675411667 0.00010809642200837466 0.00010809642200837466 0.00010809642200837466 0.00010809642200837466 0.9302260675411667 0.00010809642200837466 0.00010809642200837466 0.00010809642200837466 0.00010809642200837466 0.00010809642200837466 0.00010809642200837466 0.9302260675411667 0.00010809642200837466 0.9302260675411667 0.00010809642200837466 0.00010809642200837466 0.00010809642200837466 0.00010809642200837466 0.00010809642200837466 0.00010809642200837466 0.00010809642200837466 0.00010809642200837466 0.00010809642200837466
13-56627880-C-G 0.9302260675411667 0.9302260675411667 0.9302260675411667 0.9302260675411667 0.9302260675411667 0.9302260675411667 0.9302260675411667 0.9302260675411667 0.00010809642200837466 0.9302260675411667 0.00010809642200837466 0.9302260675411667 0.9302260675411667 0.9302260675411667 0.9302260675411667 0.9302260675411667 0.9302260675411667 0.9302260675411667 0.9302260675411667 0.9302260675411667 0.9302260675411667 0.9302260675411667 0.9302260675411667 0.9302260675411667
7-84601951-A-G 0.9302260675411667 0.9302260675411667 0.9302260675411667 0.9302260675411667 0.9302260675411667 0.9302260675411667 0.9302260675411667 0.9302260675411667 0.00010809642200837466 0.9302260675411667 0.00010809642200837466 0.9302260675411667 0.9302260675411667 0.9302260675411667 0.9302260675411667 0.9302260675411667 0.9302260675411667 0.9302260675411667 0.9302260675411667 0.9302260675411667 0.9302260675411667 0.9302260675411667 0.9302260675411667 0.9302260675411667
9-107978337-G-A 0.00010809642200837466 0.9302260675411667 0.9302260675411667 0.9302260675411667 0.9302260675411667 0.00010809642200837466 0.9302260675411667 0.9302260675411667 0.9302260675411667 0.9302260675411667 0.9302260675411667 0.9302260675411667 0.00010809642200837466 0.9302260675411667 0.9302260675411667 0.9302260675411667 0.9302260675411667 0.9302260675411667 0.9302260675411667 0.9302260675411667 0.9302260675411667 0.9302260675411667 0.9302260675411667 0.9302260675411667
14-55240309-C-G 0.00010809642200837466 0.9302260675411667 0.9302260675411667 0.9302260675411667 0.9302260675411667 0.9302260675411667 0.9302260675411667 0.9302260675411667 0.9302260675411667 0.9302260675411667 0.9302260675411667 0.9302260675411667 0.00010809642200837466 0.9302260675411667 0.9302260675411667 0.9302260675411667 0.9302260675411667 0.9302260675411667 0.9302260675411667 0.9302260675411667 0.9302260675411667 0.9302260675411667 0.9302260675411667 0.9302260675411667
4-120778984-T-C 0.9302260675411667 0.9302260675411667 0.9302260675411667 0.9302260675411667 0.9302260675411667 0.9302260675411667 0.9302260675411667 0.9302260675411667 0.00010809642200837466 0.9302260675411667 0.00010809642200837466 0.9302260675411667 0.9302260675411667 0.9302260675411667 0.9302260675411667 0.9302260675411667 0.9302260675411667 0.9302260675411667 0.9302260675411667 0.9302260675411667 0.9302260675411667 0.9302260675411667 0.9302260675411667 0.9302260675411667
15-46625414-G-C 0.9302260675411667 0.9302260675411667 0.9302260675411667 0.9302260675411667 0.9302260675411667 0.9302260675411667 0.9302260675411667 0.9302260675411667 0.00010809642200837466 0.9302260675411667 0.00010809642200837466 0.9302260675411667 0.9302260675411667 0.9302260675411667 0.9302260675411667 0.9302260675411667 0.9302260675411667 0.9302260675411667 0.9302260675411667 0.9302260675411667 0.9302260675411667 0.9302260675411667 0.9302260675411667 0.9302260675411667
8-124604241-C-A 0.9302260675411667 0.9302260675411667 0.9302260675411667 0.00010809642200837466 0.9302260675411667 0.9302260675411667 0.9302260675411667 0.9302260675411667 0.9302260675411667 0.9302260675411667 0.9302260675411667 0.9302260675411667 0.9302260675411667 0.9302260675411667 0.9302260675411667 0.9302260675411667 0.00010809642200837466 0.9302260675411667 0.9302260675411667 0.00010809642200837466 0.9302260675411667 0.9302260675411667 0.9302260675411667 0.9302260675411667
5-77349163-T-C 0.00010809642200837466 0.9302260675411667 0.9302260675411667 0.9302260675411667 0.9302260675411667 0.00010809642200837466 0.9302260675411667 0.9302260675411667 0.9302260675411667 0.9302260675411667 0.9302260675411667 0.9302260675411667 0.00010809642200837466 0.9302260675411667 0.00010809642200837466 0.9302260675411667 0.9302260675411667 0.9302260675411667 0.9302260675411667 0.9302260675411667 0.9302260675411667 0.9302260675411667 0.9302260675411667 0.9302260675411667
2-157772702-G-T 0.9302260675411667 0.9302260675411667 0.9302260675411667 0.9302260675411667 0.9302260675411667 0.9302260675411667 0.9302260675411667 0.9302260675411667 0.9302260675411667 0.9302260675411667 0.9302260675411667 0.00010809642200837466 0.9302260675411667 0.9302260675411667 0.9302260675411667 0.9302260675411667 0.9302260675411667 0.9302260675411667 0.9302260675411667 0.9302260675411667 0.00010809642200837466 0.9302260675411667 0.9302260675411667 0.9302260675411667
17-12216875-T-C 0.9302260675411667 0.00010809642200837466 0.9302260675411667 0.9302260675411667 0.9302260675411667 0.9302260675411667 0.00010809642200837466 0.00010809642200837466 0.9302260675411667 0.00010809642200837466 0.9302260675411667 0.9302260675411667 0.9302260675411667 0.9302260675411667 0.9302260675411667 0.9302260675411667 0.9302260675411667 0.9302260675411667 0.9302260675411667 0.9302260675411667 0.9302260675411667 0.9302260675411667 0.9302260675411667 0.9302260675411667
1-36177502-A-G 0.9302260675411667 0.9302260675411667 0.9302260675411667 0.9302260675411667 0.9302260675411667 0.9302260675411667 0.9302260675411667 0.9302260675411667 0.9302260675411667 0.9302260675411667 0.9302260675411667 0.9302260675411667 0.9302260675411667 0.9302260675411667 0.9302260675411667 0.9302260675411667 0.9302260675411667 0.9302260675411667 0.00010809642200837466 0.9302260675411667 0.9302260675411667 0.00010809642200837466 0.9302260675411667 0.9302260675411667
14-38509221-A-G 0.9302260675411667 0.00010809642200837466 0.9302260675411667 0.9302260675411667 0.9302260675411667 0.9302260675411667 0.00010809642200837466 0.00010809642200837466 0.9302260675411667 0.00010809642200837466 0.9302260675411667 0.9302260675411667 0.9302260675411667 0.9302260675411667 0.9302260675411667 0.9302260675411667 0.9302260675411667 0.9302260675411667 0.9302260675411667 0.9302260675411667 0.9302260675411667 0.9302260675411667 0.9302260675411667 0.9302260675411667
19-39113995-A-T 0.9302260675411667 0.9302260675411667 0.9302260675411667 0.9302260675411667 0.9302260675411667 0.9302260675411667 0.9302260675411667 0.9302260675411667 0.00010809642200837466 0.9302260675411667 0.00010809642200837466 0.9302260675411667 0.9302260675411667 0.9302260675411667 0.9302260675411667 0.9302260675411667 0.9302260675411667 0.9302260675411667 0.9302260675411667 0.9302260675411667 0.9302260675411667 0.9302260675411667 0.9302260675411667 0.9302260675411667
8-13773280-T-A 0.00010809642200837466 0.9302260675411667 0.9302260675411667 0.9302260675411667 0.9302260675411667 0.9302260675411667 0.9302260675411667 0.9302260675411667 0.9302260675411667 0.9302260675411667 0.9302260675411667 0.9302260675411667 0.00010809642200837466 0.9302260675411667 0.9302260675411667 0.9302260675411667 0.9302260675411667 0.9302260675411667 0.9302260675411667 0.9302260675411667 0.9302260675411667 0.9302260675411667 0.9302260675411667 0.9302260675411667
15-82509297-C-A 0.9302260675411667 0.9302260675411667 0.9302260675411667 0.9302260675411667 0.9302260675411667 0.9302260675411667 0.9302260675411667 0.9302260675411667 0.9302260675411667 0.9302260675411667 0.9302260675411667 0.9302260675411667 0.9302260675411667 0.00010809642200837466 0.9302260675411667 0.9302260675411667 0.9302260675411667 0.9302260675411667 0.9302260675411667 0.9302260675411667 0.9302260675411667 0.9302260675411667 0.9302260675411667 0.00010809642200837466
16-29471997-T-G 0.9302260675411667 0.9302260675411667 0.9302260675411667 0.9302260675411667 0.9302260675411667 0.9302260675411667 0.9302260675411667 0.9302260675411667 0.00010809642200837466 0.9302260675411667 0.00010809642200837466 0.9302260675411667 0.9302260675411667 0.9302260675411667 0.9302260675411667 0.9302260675411667 0.9302260675411667 0.9302260675411667 0.9302260675411667 0.9302260675411667 0.9302260675411667 0.9302260675411667 0.9302260675411667 0.9302260675411667
16-62928255-A-G 0.9302260675411667 0.9302260675411667 0.9302260675411667 0.9302260675411667 0.9302260675411667 0.9302260675411667 0.9302260675411667 0.9302260675411667 0.9302260675411667 0.9302260675411667 0.9302260675411667 0.00010809642200837466 0.9302260675411667 0.9302260675411667 0.9302260675411667 0.9302260675411667 0.9302260675411667 0.9302260675411667 0.00010809642200837466 0.9302260675411667 0.9302260675411667 0.00010809642200837466 0.9302260675411667 0.9302260675411667
15-73753656-G-T 0.9302260675411667 0.00010809642200837466 0.00010809642200837466 0.00010809642200837466 0.00010809642200837466 0.9302260675411667 0.00010809642200837466 0.00010809642200837466 0.00010809642200837466 0.00010809642200837466 0.00010809642200837466 0.00010809642200837466 0.9302260675411667 0.9302260675411667 0.9302260675411667 0.9302260675411667 0.00010809642200837466 0.9302260675411667 0.9302260675411667 0.00010809642200837466 0.00010809642200837466 0.9302260675411667 0.9302260675411667 0.9302260675411667
14-40820898-C-T 0.00010809642200837466 0.00010809642200837466 0.00010809642200837466 0.00010809642200837466 0.00010809642200837466 0.00010809642200837466 0.00010809642200837466 0.00010809642200837466 0.00010809642200837466 0.00010809642200837466 0.9302260675411667 0.00010809642200837466 0.00010809642200837466 0.00010809642200837466 0.00010809642200837466 0.00010809642200837466 0.00010809642200837466 0.9302260675411667 0.00010809642200837466 0.00010809642200837466 0.00010809642200837466 0.00010809642200837466 0.00010809642200837466 0.00010809642200837466
4-57856233-A-T 0.9302260675411667 0.00010809642200837466 0.9302260675411667 0.9302260675411667 0.9302260675411667 0.9302260675411667 0.00010809642200837466 0.9302260675411667 0.9302260675411667 0.9302260675411667 0.9302260675411667 0.9302260675411667 0.9302260675411667 0.9302260675411667 0.9302260675411667 0.9302260675411667 0.9302260675411667 0.9302260675411667 0.9302260675411667 0.9302260675411667 0.9302260675411667 0.9302260675411667 0.9302260675411667 0.9302260675411667
2-87754036-A-G 0.00010809642200837466 0.9302260675411667 0.9302260675411667 0.9302260675411667 0.9302260675411667 0.9302260675411667 0.9302260675411667 0.9302260675411667 0.9302260675411667 0.9302260675411667 0.9302260675411667 0.9302260675411667 0.00010809642200837466 0.9302260675411667 0.9302260675411667 0.9302260675411667 0.9302260675411667 0.9302260675411667 0.9302260675411667 0.9302260675411667 0.9302260675411667 0.9302260675411667 0.9302260675411667 0.9302260675411667
3-98877241-G-A 0.9302260675411667 0.9302260675411667 0.9302260675411667 0.9302260675411667 0.9302260675411667 0.9302260675411667 0.9302260675411667 0.9302260675411667 0.00010809642200837466 0.9302260675411667 0.00010809642200837466 0.9302260675411667 0.9302260675411667 0.9302260675411667 0.9302260675411667 0.9302260675411667 0.9302260675411667 0.9302260675411667 0.9302260675411667 0.9302260675411667 0.9302260675411667 0.9302260675411667 0.9302260675411667 0.9302260675411667
1-74287097-T-G 0.9302260675411667 0.9302260675411667 0.9302260675411667 0.00010809642200837466 0.9302260675411667 0.9302260675411667 0.9302260675411667 0.9302260675411667 0.9302260675411667 0.9302260675411667 0.9302260675411667 0.9302260675411667 0.9302260675411667 0.9302260675411667 0.9302260675411667 0.9302260675411667 0.00010809642200837466 0.9302260675411667 0.9302260675411667 0.00010809642200837466 0.9302260675411667 0.9302260675411667 0.9302260675411667 0.9302260675411667
8-72757323-C-G 0.00010809642200837466 0.9302260675411667 0.9302260675411667 0.9302260675411667 0.9302260675411667 0.9302260675411667 0.9302260675411667 0.9302260675411667 0.9302260675411667 0.9302260675411667 0.9302260675411667 0.9302260675411667 0.00010809642200837466 0.9302260675411667 0.9302260675411667 0.9302260675411667 0.9302260675411667 0.9302260675411667 0.9302260675411667 0.9302260675411667 0.9302260675411667 0.9302260675411667 0.9302260675411667 0.9302260675411667
6-57209914-T-C 0.9302260675411667 0.9302260675411667 0.9302260675411667 0.9302260675411667 0.9302260675411667 0.9302260675411667 0.9302260675411667 0.9302260675411667 0.00010809642200837466 0.9302260675411667 0.00010809642200837466 0.9302260675411667 0.9302260675411667 0.9302260675411667 0.9302260675411667 0.9302260675411667 0.9302260675411667 0.9302260675411667 0.9302260675411667 0.9302260675411667 0.9302260675411667 0.9302260675411667 0.00010809642200837466 0.9302260675411667
6-135106271-A-G 0.9302260675411667 0.00010809642200837466 0.00010809642200837466 0.00010809642200837466 0.00010809642200837466 0.9302260675411667 0.00010809642200837466 0.00010809642200837466 0.00010809642200837466 0.00010809642200837466 0.00010809642200837466 0.00010809642200837466 0.9302260675411667 0.00010809642200837466 0.9302260675411667 0.00010809642200837466 0.00010809642200837466 0.00010809642200837466 0.00010809642200837466 0.00010809642200837466 0.00010809642200837466 0.00010809642200837466 0.00010809642200837466 0.00010809642200837466
8-49500623-G-T 0.9302260675411667 0.9302260675411667 0.9302260675411667 0.9302260675411667 0.9302260675411667 0.9302260675411667 0.9302260675411667 0.9302260675411667 0.9302260675411667 0.9302260675411667 0.9302260675411667 0.9302260675411667 0.9302260675411667 0.9302260675411667 0.9302260675411667 0.9302260675411667 0.9302260675411667 0.9302260675411667 0.00010809642200837466 0.9302260675411667 0.9302260675411667 0.00010809642200837466 0.9302260675411667 0.9302260675411667
10-82150511-T-A 0.00010809642200837466 0.9302260675411667 0.9302260675411667 0.9302260675411667 0.9302260675411667 0.9302260675411667 0.9302260675411667 0.9302260675411667 0.9302260675411667 0.9302260675411667 0.9302260675411667 0.9302260675411667 0.00010809642200837466 0.9302260675411667 0.9302260675411667 0.9302260675411667 0.9302260675411667 0.9302260675411667 0.9302260675411667 0.9302260675411667 0.9302260675411667 0.9302260675411667 0.9302260675411667 0.9302260675411667
15-82234445-T-C 0.9302260675411667 0.9302260675411667 0.9302260675411667 0.9302260675411667 0.9302260675411667 0.9302260675411667 0.9302260675411667 0.9302260675411667 0.00010809642200837466 0.9302260675411667 0.00010809642200837466 0.9302260675411667 0.9302260675411667 0.9302260675411667 0.9302260675411667 0.9302260675411667 0.9302260675411667 0.9302260675411667 0.9302260675411667 0.9302260675411667 0.9302260675411667 0.9302260675411667 0.9302260675411667 0.9302260675411667
12-38427620-A-G 0.9302260675411667 0.9302260675411667 0.9302260675411667 0.9302260675411667 0.9302260675411667 0.9302260675411667 0.9302260675411667 0.9302260675411667 0.9302260675411667 0.9302260675411667 0.9302260675411667 0.9302260675411667 0.9302260675411667 0.00010809642200837466 0.9302260675411667 0.9302260675411667 0.9302260675411667 0.9302260675411667 0.9302260675411667 0.9302260675411667 0.9302260675411667 0.9302260675411667 0.9302260675411667 0.00010809642200837466
15-44630115-A-C 0.9302260675411667 0.00010809642200837466 0.9302260675411667 0.9302260675411667 0.9302260675411667 0.9302260675411667 0.00010809642200837466 0.9302260675411667 0.9302260675411667 0.9302260675411667 0.9302260675411667 0.9302260675411667 0.9302260675411667 0.9302260675411667 0.9302260675411667 0.9302260675411667 0.9302260675411667 0.9302260675411667 0.9302260675411667 0.9302260675411667 0.9302260675411667 0.9302260675411667 0.9302260675411667 0.9302260675411667
5-147190258-T-A 0.9302260675411667 0.00010809642200837466 0.9302260675411667 0.9302260675411667 0.00010809642200837466 0.9302260675411667 0.00010809642200837466 0.00010809642200837466 0.9302260675411667 0.00010809642200837466 0.9302260675411667 0.9302260675411667 0.9302260675411667 0.9302260675411667 0.9302260675411667 0.9302260675411667 0.9302260675411667 0.9302260675411667 0.9302260675411667 0.9302260675411667 0.9302260675411667 0.9302260675411667 0.9302260675411667 0.9302260675411667
6-32692782-G-A 0.9302260675411667 0.00010809642200837466 0.00010809642200837466 0.00010809642200837466 0.00010809642200837466 0.9302260675411667 0.00010809642200837466 0.00010809642200837466 0.00010809642200837466 0.00010809642200837466 0.00010809642200837466 0.00010809642200837466 0.9302260675411667 0.00010809642200837466 0.9302260675411667 0.00010809642200837466 0.00010809642200837466 0.00010809642200837466 0.00010809642200837466 0.00010809642200837466 0.00010809642200837466 0.00010809642200837466 0.00010809642200837466 0.00010809642200837466
8-24680751-T-C 0.9302260675411667 0.9302260675411667 0.9302260675411667 0.9302260675411667 0.9302260675411667 0.9302260675411667 0.9302260675411667 0.9302260675411667 0.00010809642200837466 0.9302260675411667 0.00010809642200837466 0.9302260675411667 0.9302260675411667 0.9302260675411667 0.9302260675411667 0.9302260675411667 0.9302260675411667 0.9302260675411667 0.9302260675411667 0.9302260675411667 0.9302260675411667 0.9302260675411667 0.9302260675411667 0.9302260675411667
9-70631213-A-G 0.00010809642200837466 0.9302260675411667 0.9302260675411667 0.9302260675411667 0.9302260675411667 0.00010809642200837466 0.9302260675411667 0.9302260675411667 0.00010809642200837466 0.9302260675411667 0.00010809642200837466 0.9302260675411667 0.00010809642200837466 0.9302260675411667 0.00010809642200837466 0.9302260675411667 0.9302260675411667 0.00010809642200837466 0.9302260675411667 0.9302260675411667 0.9302260675411667 0.9302260675411667 0.00010809642200837466 0.9302260675411667
2-23181034-C-T 0.00010809642200837466 0.9302260675411667 0.9302260675411667 0.9302260675411667 0.9302260675411667 0.00010809642200837466 0.9302260675411667 0.9302260675411667 0.9302260675411667 0.9302260675411667 0.9302260675411667 0.9302260675411667 0.00010809642200837466 0.9302260675411667 0.00010809642200837466 0.9302260675411667 0.9302260675411667 0.9302260675411667 0.9302260675411667 0.9302260675411667 0.9302260675411667 0.9302260675411667 0.9302260675411667 0.9302260675411667
11-69855881-A-C 0.9302260675411667 0.9302260675411667 0.9302260675411667 0.9302260675411667 0.9302260675411667 0.9302260675411667 0.9302260675411667 0.9302260675411667 0.9302260675411667 0.9302260675411667 0.9302260675411667 0.00010809642200837466 0.9302260675411667 0.9302260675411667 0.9302260675411667 0.9302260675411667 0.9302260675411667 0.9302260675411667 0.9302260675411667 0.9302260675411667 0.00010809642200837466 0.9302260675411667 0.9302260675411667 0.9302260675411667
17-65811257-T-C 0.9302260675411667 0.9302260675411667 0.9302260675411667 0.00010809642200837466 0.9302260675411667 0.9302260675411667 0.9302260675411667 0.9302260675411667 0.9302260675411667 0.9302260675411667 0.9302260675411667 0.9302260675411667 0.9302260675411667 0.9302260675411667 0.9302260675411667 0.9302260675411667 0.00010809642200837466 0.9302260675411667 0.9302260675411667 0.00010809642200837466 0.9302260675411667 0.9302260675411667 0.9302260675411667 0.9302260675411667
7-12554724-G-T 0.9302260675411667 0.9302260675411667 0.9302260675411667 0.9302260675411667 0.9302260675411667 0.9302260675411667 0.9302260675411667 0.9302260675411667 0.00010809642200837466 0.9302260675411667 0.00010809642200837466 0.9302260675411667 0.9302260675411667 0.9302260675411667 0.9302260675411667 0.9302260675411667 0.9302260675411667 0.9302260675411667 0.9302260675411667 0.9302260675411667 0.9302260675411667 0.9302260675411667 0.9302260675411667 0.9302260675411667
9-58490398-T-G 0.9302260675411667 0.00010809642200837466 0.9302260675411667 0.9302260675411667 0.9302260675411667 0.9302260675411667 0.00010809642200837466 0.9302260675411667 0.9302260675411667 0.9302260675411667 0.9302260675411667 0.9302260675411667 0.9302260675411667 0.9302260675411667 0.9302260675411667 0.9302260675411667 0.9302260675411667 0.9302260675411667 0.9302260675411667 0.9302260675411667 0.9302260675411667 0.9302260675411667 0.9302260675411667 0.9302260675411667
1-157601212-C-G 0.9302260675411667 0.9302260675411667 0.9302260675411667 0.00010809642200837466 0.9302260675411667 0.9302260675411667 0.9302260675411667 0.9302260675411667 0.9302260675411667 0.9302260675411667 0.9302260675411667 0.9302260675411667 0.9302260675411667 0.9302260675411667 0.9302260675411667 0.9302260675411667 0.00010809642200837466 0.9302260675411667 0.9302260675411667 0.00010809642200837466 0.9302260675411667 0.9302260675411667 0.9302260675411667 0.9302260675411667
7-16675732-G-A 0.00010809642200837466 0.9302260675411667 0.9302260675411667 0.9302260675411667 0.9302260675411667 0.00010809642200837466 0.9302260675411667 0.9302260675411667 0.00010809642200837466 0.9302260675411667 0.00010809642200837466 0.9302260675411667 0.00010809642200837466 0.9302260675411667 0.00010809642200837466 0.9302260675411667 0.9302260675411667 0.00010809642200837466 0.9302260675411667 0.9302260675411667 0.9302260675411667 0.9302260675411667 0.00010809642200837466 0.9302260675411667
7-93178968-T-G 0.9302260675411667 0.9302260675411667 0.9302260675411667 0.00010809642200837466 0.9302260675411667 0.9302260675411667 0.9302260675411667 0.9302260675411667 0.9302260675411667 0.9302260675411667 0.9302260675411667 0.9302260675411667 0.9302260675411667 0.9302260675411667 0.9302260675411667 0.9302260675411667 0.00010809642200837466 0.9302260675411667 0.9302260675411667 0.00010809642200837466 0.9302260675411667 0.9302260675411667 0.9302260675411667 0.9302260675411667
9-109651924-A-G 0.9302260675411667 0.9302260675411667 0.9302260675411667 0.9302260675411667 0.9302260675411667 0.9302260675411667 0.9302260675411667 0.9302260675411667 0.9302260675411667 0.9302260675411667 0.9302260675411667 0.00010809642200837466 0.9302260675411667 0.9302260675411667 0.9302260675411667 0.9302260675411667 0.9302260675411667 0.9302260675411667 0.9302260675411667 0.9302260675411667 0.00010809642200837466 0.9302260675411667 0.9302260675411667 0.9302260675411667
14-42069790-A-T 0.00010809642200837466 0.00010809642200837466 0.00010809642200837466 0.00010809642200837466 0.00010809642200837466 0.00010809642200837466 0.00010809642200837466 0.00010809642200837466 0.00010809642200837466 0.00010809642200837466 0.00010809642200837466 0.00010809642200837466 0.00010809642200837466 0.00010809642200837466 0.00010809642200837466 0.00010809642200837466 0.00010809642200837466 0.9302260675411667 0.00010809642200837466 0.00010809642200837466 0.00010809642200837466 0.00010809642200837466 0.00010809642200837466 0.00010809642200837466
8-40474917-T-A 0.00010809642200837466 0.9302260675411667 0.9302260675411667 0.9302260675411667 0.9302260675411667 0.00010809642200837466 0.9302260675411667 0.9302260675411667 0.9302260675411667 0.9302260675411667 0.9302260675411667 0.9302260675411667 0.00010809642200837466 0.9302260675411667 0.00010809642200837466 0.9302260675411667 0.9302260675411667 0.9302260675411667 0.9302260675411667 0.9302260675411667 0.9302260675411667 0.9302260675411667 0.9302260675411667 0.9302260675411667
17-18810857-T-A 0.00010809642200837466 0.00010809642200837466 0.9302260675411667 0.9302260675411667 0.00010809642200837466 0.00010809642200837466 0.00010809642200837466 0.00010809642200837466 0.00010809642200837466 0.00010809642200837466 0.00010809642200837466 0.9302260675411667 0.00010809642200837466 0.9302260675411667 0.00010809642200837466 0.9302260675411667 0.9302260675411667 0.00010809642200837466 0.9302260675411667 0.9302260675411667 0.9302260675411667 0.9302260675411667 0.00010809642200837466 0.9302260675411667
10-3139416-C-T 0.9302260675411667 0.00010809642200837466 0.9302260675411667 0.9302260675411667 0.9302260675411667 0.9302260675411667 0.00010809642200837466 0.9302260675411667 0.9302260675411667 0.9302260675411667 0.9302260675411667 0.9302260675411667 0.9302260675411667 0.9302260675411667 0.9302260675411667 0.9302260675411667 0.9302260675411667 0.9302260675411667 0.9302260675411667 0.9302260675411667 0.9302260675411667 0.9302260675411667 0.9302260675411667 0.9302260675411667
6-23344245-G-T 0.00010809642200837466 0.9302260675411667 0.9302260675411667 0.9302260675411667 0.9302260675411667 0.00010809642200837466 0.9302260675411667 0.9302260675411667 0.9302260675411667 0.9302260675411667 0.9302260675411667 0.9302260675411667 0.00010809642200837466 0.9302260675411667 0.00010809642200837466 0.9302260675411667 0.9302260675411667 0.9302260675411667 0.9302260675411667 0.9302260675411667 0.9302260675411667 0.9302260675411667 0.00010809642200837466 0.9302260675411667
10-81271268-G-C 0.9302260675411667 0.9302260675411667 0.9302260675411667 0.9302260675411667 0.9302260675411667 0.9302260675411667 0.9302260675411667 0.9302260675411667 0.9302260675411667 0.9302260675411667 0.9302260675411667 0.00010809642200837466 0.9302260675411667 0.9302260675411667 0.9302260675411667 0.9302260675411667 0.9302260675411667 0.9302260675411667 0.9302260675411667 0.9302260675411667 0.00010809642200837466 0.9302260675411667 0.9302260675411667 0.9302260675411667
5-72421988-C-T 0.9302260675411667 0.9302260675411667 0.9302260675411667 0.9302260675411667 0.9302260675411667 0.9302260675411667 0.00010809642200837466 0.9302260675411667 0.9302260675411667 0.9302260675411667 0.9302260675411667 0.9302260675411667 0.9302260675411667 0.9302260675411667 0.9302260675411667 0.00010809642200837466 0.9302260675411667 0.9302260675411667 0.9302260675411667 0.9302260675411667 0.9302260675411667 0.9302260675411667 0.9302260675411667 0.9302260675411667
18-38250364-A-G 0.00010809642200837466 0.9302260675411667 0.9302260675411667 0.9302260675411667 0.9302260675411667 0.00010809642200837466 0.9302260675411667 0.9302260675411667 0.00010809642200837466 0.9302260675411667 0.00010809642200837466 0.9302260675411667 0.00010809642200837466 0.9302260675411667 0.00010809642200837466 0.9302260675411667 0.9302260675411667 0.00010809642200837466 0.9302260675411667 0.9302260675411667 0.9302260675411667 0.9302260675411667 0.00010809642200837466 0.9302260675411667
15-93248255-A-G 0.00010809642200837466 0.9302260675411667 0.00010809642200837466 0.00010809642200837466 0.00010809642200837466 0.00010809642200837466 0.00010809642200837466 0.9302260675411667 0.00010809642200837466 0.9302260675411667 0.00010809642200837466 0.00010809642200837466 0.00010809642200837466 0.00010809642200837466 0.00010809642200837466 0.00010809642200837466 0.00010809642200837466 0.00010809642200837466 0.00010809642200837466 0.00010809642200837466 0.00010809642200837466 0.00010809642200837466 0.00010809642200837466 0.00010809642200837466
2-29158949-A-T 0.9302260675411667 0.9302260675411667 0.9302260675411667 0.9302260675411667 0.9302260675411667 0.9302260675411667 0.9302260675411667 0.9302260675411667 0.9302260675411667 0.9302260675411667 0.9302260675411667 0.00010809642200837466 0.9302260675411667 0.9302260675411667 0.9302260675411667 0.9302260675411667 0.9302260675411667 0.9302260675411667 0.9302260675411667 0.9302260675411667 0.00010809642200837466 0.9302260675411667 0.9302260675411667 0.9302260675411667
9-106710335-T-A 0.9302260675411667 0.9302260675411667 0.9302260675411667 0.9302260675411667 0.9302260675411667 0.9302260675411667 0.9302260675411667 0.9302260675411667 0.00010809642200837466 0.9302260675411667 0.00010809642200837466 0.9302260675411667 0.9302260675411667 0.9302260675411667 0.9302260675411667 0.9302260675411667 0.9302260675411667 0.9302260675411667 0.9302260675411667 0.9302260675411667 0.9302260675411667 0.9302260675411667 0.9302260675411667 0.9302260675411667
2-180594444-T-C 0.9302260675411667 0.9302260675411667 0.9302260675411667 0.9302260675411667 0.9302260675411667 0.9302260675411667 0.9302260675411667 0.9302260675411667 0.00010809642200837466 0.9302260675411667 0.00010809642200837466 0.9302260675411667 0.9302260675411667 0.9302260675411667 0.9302260675411667 0.9302260675411667 0.9302260675411667 0.9302260675411667 0.9302260675411667 0.9302260675411667 0.9302260675411667 0.9302260675411667 0.9302260675411667 0.9302260675411667
11-73345984-T-C 0.9302260675411667 0.9302260675411667 0.9302260675411667 0.9302260675411667 0.9302260675411667 0.9302260675411667 0.9302260675411667 0.9302260675411667 0.9302260675411667 0.9302260675411667 0.9302260675411667 0.00010809642200837466 0.9302260675411667 0.9302260675411667 0.9302260675411667 0.9302260675411667 0.9302260675411667 0.9302260675411667 0.9302260675411667 0.9302260675411667 0.00010809642200837466 0.9302260675411667 0.9302260675411667 0.9302260675411667
16-15667879-A-T 0.9302260675411667 0.9302260675411667 0.9302260675411667 0.9302260675411667 0.9302260675411667 0.9302260675411667 0.9302260675411667 0.9302260675411667 0.00010809642200837466 0.9302260675411667 0.00010809642200837466 0.9302260675411667 0.9302260675411667 0.9302260675411667 0.9302260675411667 0.9302260675411667 0.9302260675411667 0.9302260675411667 0.9302260675411667 0.9302260675411667 0.9302260675411667 0.9302260675411667 0.9302260675411667 0.9302260675411667
3-115978866-A-G 0.9302260675411667 0.00010809642200837466 0.9302260675411667 0.00010809642200837466 0.00010809642200837466 0.9302260675411667 0.00010809642200837466 0.00010809642200837466 0.00010809642200837466 0.00010809642200837466 0.00010809642200837466 0.00010809642200837466 0.9302260675411667 0.9302260675411667 0.9302260675411667 0.00010809642200837466 0.00010809642200837466 0.00010809642200837466 0.9302260675411667 0.00010809642200837466 0.00010809642200837466 0.00010809642200837466 0.9302260675411667 0.9302260675411667
18-43540563-G-C 0.00010809642200837466 0.00010809642200837466 0.00010809642200837466 0.00010809642200837466 0.00010809642200837466 0.00010809642200837466 0.00010809642200837466 0.00010809642200837466 0.00010809642200837466 0.9302260675411667 0.00010809642200837466 0.00010809642200837466 0.00010809642200837466 0.00010809642200837466 0.00010809642200837466 0.00010809642200837466 0.00010809642200837466 0.00010809642200837466 0.00010809642200837466 0.00010809642200837466 0.00010809642200837466 0.00010809642200837466 0.00010809642200837466 0.00010809642200837466
7-102742448-T-G 0.9302260675411667 0.00010809642200837466 0.9302260675411667 0.9302260675411667 0.9302260675411667 0.9302260675411667 0.00010809642200837466 0.9302260675411667 0.9302260675411667 0.9302260675411667 0.9302260675411667 0.9302260675411667 0.9302260675411667 0.9302260675411667 0.9302260675411667 0.9302260675411667 0.9302260675411667 0.9302260675411667 0.9302260675411667 0.9302260675411667 0.9302260675411667 0.9302260675411667 0.9302260675411667 0.9302260675411667
5-91140830-A-G 0.9302260675411667 0.9302260675411667 0.9302260675411667 0.00010809642200837466 0.9302260675411667 0.9302260675411667 0.9302260675411667 0.9302260675411667 0.9302260675411667 0.9302260675411667 0.9302260675411667 0.9302260675411667 0.9302260675411667 0.9302260675411667 0.9302260675411667 0.9302260675411667 0.00010809642200837466 0.9302260675411667 0.9302260675411667 0.00010809642200837466 0.9302260675411667 0.9302260675411667 0.9302260675411667 0.9302260675411667
6-23166512-T-G 0.00010809642200837466 0.9302260675411667 0.9302260675411667 0.9302260675411667 0.9302260675411667 0.00010809642200837466 0.9302260675411667 0.9302260675411667 0.00010809642200837466 0.9302260675411667 0.00010809642200837466 0.9302260675411667 0.00010809642200837466 0.9302260675411667 0.00010809642200837466 0.9302260675411667 0.9302260675411667 0.9302260675411667 0.9302260675411667 0.9302260675411667 0.9302260675411667 0.9302260675411667 0.00010809642200837466 0.9302260675411667
19-33824901-T-C 0.9302260675411667 0.9302260675411667 0.9302260675411667 0.9302260675411667 0.9302260675411667 0.9302260675411667 0.9302260675411667 0.9302260675411667 0.9302260675411667 0.9302260675411667 0.9302260675411667 0.9302260675411667 0.9302260675411667 0.00010809642200837466 0.9302260675411667 0.9302260675411667 0.9302260675411667 0.9302260675411667 0.9302260675411667 0.9302260675411667 0.9302260675411667 0.9302260675411667 0.9302260675411667 0.00010809642200837466
17-74702107-G-T 0.00010809642200837466 0.9302260675411667 0.9302260675411667 0.9302260675411667 0.9302260675411667 0.00010809642200837466 0.9302260675411667 0.9302260675411667 0.9302260675411667 0.9302260675411667 0.9302260675411667 0.9302260675411667 0.00010809642200837466 0.9302260675411667 0.9302260675411667 0.9302260675411667 0.9302260675411667 0.9302260675411667 0.9302260675411667 0.9302260675411667 0.9302260675411667 0.9302260675411667 0.9302260675411667 0.9302260675411667
15-82558263-T-G 0.9302260675411667 0.9302260675411667 0.9302260675411667 0.9302260675411667 0.9302260675411667 0.9302260675411667 0.9302260675411667 0.9302260675411667 0.00010809642200837466 0.9302260675411667 0.00010809642200837466 0.9302260675411667 0.9302260675411667 0.9302260675411667 0.9302260675411667 0.9302260675411667 0.9302260675411667 0.9302260675411667 0.9302260675411667 0.9302260675411667 0.9302260675411667 0.9302260675411667 0.9302260675411667 0.9302260675411667
14-19060317-T-C 0.9302260675411667 0.00010809642200837466 0.9302260675411667 0.9302260675411667 0.9302260675411667 0.9302260675411667 0.00010809642200837466 0.9302260675411667 0.9302260675411667 0.9302260675411667 0.9302260675411667 0.9302260675411667 0.9302260675411667 0.9302260675411667 0.9302260675411667 0.9302260675411667 0.9302260675411667 0.9302260675411667 0.9302260675411667 0.9302260675411667 0.9302260675411667 0.9302260675411667 0.9302260675411667 0.9302260675411667
7-84601951-A-G 0.9302260675411667 0.9302260675411667 0.9302260675411667 0.9302260675411667 0.9302260675411667 0.9302260675411667 0.9302260675411667 0.9302260675411667 0.00010809642200837466 0.9302260675411667 0.00010809642200837466 0.9302260675411667 0.9302260675411667 0.9302260675411667 0.9302260675411667 0.9302260675411667 0.9302260675411667 0.9302260675411667 0.9302260675411667 0.9302260675411667 0.9302260675411667 0.9302260675411667 0.9302260675411667 0.9302260675411667
5-31645667-C-G 0.00010809642200837466 0.9302260675411667 0.9302260675411667 0.9302260675411667 0.9302260675411667 0.9302260675411667 0.9302260675411667 0.9302260675411667 0.9302260675411667 0.9302260675411667 0.9302260675411667 0.9302260675411667 0.00010809642200837466 0.9302260675411667 0.9302260675411667 0.9302260675411667 0.9302260675411667 0.9302260675411667 0.9302260675411667 0.9302260675411667 0.9302260675411667 0.9302260675411667 0.9302260675411667 0.9302260675411667
13-22283582-T-C 0.9302260675411667 0.9302260675411667 0.9302260675411667 0.9302260675411667 0.9302260675411667 0.9302260675411667 0.9302260675411667 0.9302260675411667 0.9302260675411667 0.9302260675411667 0.9302260675411667 0.00010809642200837466 0.9302260675411667 0.9302260675411667 0.9302260675411667 0.9302260675411667 0.9302260675411667 0.9302260675411667 0.9302260675411667 0.9302260675411667 0.00010809642200837466 0.9302260675411667 0.9302260675411667 0.9302260675411667
15-39181458-C-T 0.9302260675411667 0.9302260675411667 0.9302260675411667 0.9302260675411667 0.9302260675411667 0.9302260675411667 0.9302260675411667 0.9302260675411667 0.00010809642200837466 0.9302260675411667 0.00010809642200837466 0.9302260675411667 0.9302260675411667 0.9302260675411667 0.9302260675411667 0.9302260675411667 0.9302260675411667 0.9302260675411667 0.9302260675411667 0.9302260675411667 0.9302260675411667 0.9302260675411667 0.9302260675411667 0.9302260675411667
1-133657437-G-A 0.9302260675411667 0.00010809642200837466 0.9302260675411667 0.9302260675411667 0.00010809642200837466 0.9302260675411667 0.00010809642200837466 0.00010809642200837466 0.9302260675411667 0.00010809642200837466 0.9302260675411667 0.9302260675411667 0.9302260675411667 0.9302260675411667 0.9302260675411667 0.9302260675411667 0.9302260675411667 0.9302260675411667 0.9302260675411667 0.9302260675411667 0.9302260675411667 0.9302260675411667 0.9302260675411667 0.9302260675411667
17-74702107-G-T 0.00010809642200837466 0.9302260675411667 0.9302260675411667 0.9302260675411667 0.9302260675411667 0.00010809642200837466 0.9302260675411667 0.9302260675411667 0.9302260675411667 0.9302260675411667 0.9302260675411667 0.9302260675411667 0.00010809642200837466 0.9302260675411667 0.9302260675411667 0.9302260675411667 0.9302260675411667 0.9302260675411667 0.9302260675411667 0.9302260675411667 0.9302260675411667 0.9302260675411667 0.9302260675411667 0.9302260675411667
13-67491585-C-T 0.00010809642200837466 0.00010809642200837466 0.00010809642200837466 0.00010809642200837466 0.00010809642200837466 0.00010809642200837466 0.00010809642200837466 0.00010809642200837466 0.00010809642200837466 0.00010809642200837466 0.00010809642200837466 0.00010809642200837466 0.00010809642200837466 0.00010809642200837466 0.00010809642200837466 0.00010809642200837466 0.00010809642200837466 0.00010809642200837466 0.00010809642200837466 0.00010809642200837466 0.00010809642200837466 0.00010809642200837466 0.00010809642200837466 0.9302260675411667
11-87874948-G-C 0.00010809642200837466 0.9302260675411667 0.9302260675411667 0.9302260675411667 0.9302260675411667 0.9302260675411667 0.9302260675411667 0.9302260675411667 0.9302260675411667 0.9302260675411667 0.9302260675411667 0.9302260675411667 0.00010809642200837466 0.9302260675411667 0.9302260675411667 0.9302260675411667 0.9302260675411667 0.9302260675411667 0.9302260675411667 0.9302260675411667 0.9302260675411667 0.9302260675411667 0.9302260675411667 0.9302260675411667
11-30136920-T-C 0.9302260675411667 0.00010809642200837466 0.9302260675411667 0.9302260675411667 0.9302260675411667 0.9302260675411667 0.00010809642200837466 0.9302260675411667 0.9302260675411667 0.9302260675411667 0.9302260675411667 0.9302260675411667 0.9302260675411667 0.9302260675411667 0.9302260675411667 0.9302260675411667 0.9302260675411667 0.9302260675411667 0.9302260675411667 0.9302260675411667 0.9302260675411667 0.9302260675411667 0.9302260675411667 0.9302260675411667
6-121849890-T-C 0.9302260675411667 0.9302260675411667 0.9302260675411667 0.9302260675411667 0.9302260675411667 0.9302260675411667 0.9302260675411667 0.9302260675411667 0.9302260675411667 0.9302260675411667 0.9302260675411667 0.00010809642200837466 0.9302260675411667 0.9302260675411667 0.9302260675411667 0.9302260675411667 0.9302260675411667 0.9302260675411667 0.9302260675411667 0.9302260675411667 0.00010809642200837466 0.9302260675411667 0.9302260675411667 0.9302260675411667
5-113092540-T-G 0.9302260675411667 0.9302260675411667 0.9302260675411667 0.00010809642200837466 0.9302260675411667 0.9302260675411667 0.9302260675411667 0.9302260675411667 0.9302260675411667 0.9302260675411667 0.9302260675411667 0.9302260675411667 0.9302260675411667 0.9302260675411667 0.9302260675411667 0.9302260675411667 0.00010809642200837466 0.9302260675411667 0.9302260675411667 0.00010809642200837466 0.9302260675411667 0.9302260675411667 0.9302260675411667 0.9302260675411667
6-136401550-G-A 0.9302260675411667 0.00010809642200837466 0.00010809642200837466 0.00010809642200837466 0.00010809642200837466 0.9302260675411667 0.00010809642200837466 0.00010809642200837466 0.00010809642200837466 0.00010809642200837466 0.00010809642200837466 0.00010809642200837466 0.9302260675411667 0.00010809642200837466 0.9302260675411667 0.00010809642200837466 0.00010809642200837466 0.00010809642200837466 0.00010809642200837466 0.00010809642200837466 0.00010809642200837466 0.00010809642200837466 0.00010809642200837466 0.00010809642200837466
1-118651652-T-G 0.00010809642200837466 0.9302260675411667 0.9302260675411667 0.9302260675411667 0.9302260675411667 0.9302260675411667 0.9302260675411667 0.9302260675411667 0.9302260675411667 0.9302260675411667 0.9302260675411667 0.9302260675411667 0.00010809642200837466 0.9302260675411667 0.9302260675411667 0.9302260675411667 0.9302260675411667 0.9302260675411667 0.9302260675411667 0.9302260675411667 0.9302260675411667 0.9302260675411667 0.9302260675411667 0.9302260675411667
19-36970044-T-C 0.9302260675411667 0.00010809642200837466 0.9302260675411667 0.9302260675411667 0.00010809642200837466 0.9302260675411667 0.00010809642200837466 0.00010809642200837466 0.9302260675411667 0.00010809642200837466 0.9302260675411667 0.9302260675411667 0.9302260675411667 0.9302260675411667 0.9302260675411667 0.9302260675411667 0.9302260675411667 0.9302260675411667 0.9302260675411667 0.9302260675411667 0.9302260675411667 0.9302260675411667 0.9302260675411667 0.9302260675411667
1-139960823-T-C 0.9302260675411667 0.9302260675411667 0.9302260675411667 0.9302260675411667 0.9302260675411667 0.9302260675411667 0.9302260675411667 0.9302260675411667 0.9302260675411667 0.9302260675411667 0.9302260675411667 0.00010809642200837466 0.9302260675411667 0.9302260675411667 0.9302260675411667 0.9302260675411667 0.9302260675411667 0.9302260675411667 0.9302260675411667 0.9302260675411667 0.00010809642200837466 0.9302260675411667 0.9302260675411667 0.9302260675411667
10-71706664-T-C 0.9302260675411667 0.9302260675411667 0.9302260675411667 0.9302260675411667 0.9302260675411667 0.9302260675411667 0.9302260675411667 0.9302260675411667 0.00010809642200837466 0.9302260675411667 0.00010809642200837466 0.9302260675411667 0.9302260675411667 0.9302260675411667 0.9302260675411667 0.9302260675411667 0.9302260675411667 0.9302260675411667 0.9302260675411667 0.9302260675411667 0.9302260675411667 0.9302260675411667 0.9302260675411667 0.9302260675411667
7-41887621-T-C 0.9302260675411667 0.9302260675411667 0.9302260675411667 0.9302260675411667 0.9302260675411667 0.9302260675411667 0.9302260675411667 0.9302260675411667 0.00010809642200837466 0.9302260675411667 0.00010809642200837466 0.9302260675411667 0.9302260675411667 0.9302260675411667 0.9302260675411667 0.9302260675411667 0.9302260675411667 0.9302260675411667 0.9302260675411667 0.9302260675411667 0.9302260675411667 0.9302260675411667 0.9302260675411667 0.9302260675411667
11-86535209-A-T 0.9302260675411667 0.9302260675411667 0.9302260675411667 0.9302260675411667 0.9302260675411667 0.9302260675411667 0.9302260675411667 0.9302260675411667 0.00010809642200837466 0.9302260675411667 0.00010809642200837466 0.9302260675411667 0.9302260675411667 0.9302260675411667 0.9302260675411667 0.9302260675411667 0.9302260675411667 0.9302260675411667 0.9302260675411667 0.9302260675411667 0.9302260675411667 0.9302260675411667 0.9302260675411667 0.9302260675411667
6-123050516-A-T 0.9302260675411667 0.9302260675411667 0.9302260675411667 0.00010809642200837466 0.9302260675411667 0.9302260675411667 0.9302260675411667 0.9302260675411667 0.9302260675411667 0.9302260675411667 0.9302260675411667 0.9302260675411667 0.9302260675411667 0.9302260675411667 0.9302260675411667 0.9302260675411667 0.00010809642200837466 0.9302260675411667 0.9302260675411667 0.00010809642200837466 0.9302260675411667 0.9302260675411667 0.9302260675411667 0.9302260675411667
4-115239327-G-C 0.9302260675411667 0.9302260675411667 0.9302260675411667 0.9302260675411667 0.9302260675411667 0.9302260675411667 0.9302260675411667 0.9302260675411667 0.00010809642200837466 0.9302260675411667 0.00010809642200837466 0.9302260675411667 0.9302260675411667 0.9302260675411667 0.9302260675411667 0.9302260675411667 0.9302260675411667 0.9302260675411667 0.9302260675411667 0.9302260675411667 0.9302260675411667 0.9302260675411667 0.9302260675411667 0.9302260675411667
2-40879697-G-T 0.9302260675411667 0.9302260675411667 0.9302260675411667 0.9302260675411667 0.9302260675411667 0.9302260675411667 0.9302260675411667 0.9302260675411667 0.9302260675411667 0.9302260675411667 0.9302260675411667 0.9302260675411667 0.9302260675411667 0.00010809642200837466 0.9302260675411667 0.9302260675411667 0.9302260675411667 0.9302260675411667 0.9302260675411667 0.9302260675411667 0.9302260675411667 0.9302260675411667 0.9302260675411667 0.00010809642200837466
2-87213980-G-A 0.00010809642200837466 0.00010809642200837466 0.00010809642200837466 0.00010809642200837466 0.00010809642200837466 0.00010809642200837466 0.00010809642200837466 0.00010809642200837466 0.00010809642200837466 0.00010809642200837466 0.00010809642200837466 0.9302260675411667 0.00010809642200837466 0.00010809642200837466 0.00010809642200837466 0.00010809642200837466 0.00010809642200837466 0.00010809642200837466 0.00010809642200837466 0.00010809642200837466 0.00010809642200837466 0.00010809642200837466 0.00010809642200837466 0.00010809642200837466
11-104730531-T-A 0.9302260675411667 0.9302260675411667 0.9302260675411667 0.9302260675411667 0.9302260675411667 0.9302260675411667 0.9302260675411667 0.9302260675411667 0.9302260675411667 0.9302260675411667 0.9302260675411667 0.00010809642200837466 0.9302260675411667 0.9302260675411667 0.9302260675411667 0.9302260675411667 0.9302260675411667 0.9302260675411667 0.9302260675411667 0.9302260675411667 0.00010809642200837466 0.9302260675411667 0.9302260675411667 0.9302260675411667
17-23824856-G-A 0.00010809642200837466 0.9302260675411667 0.9302260675411667 0.9302260675411667 0.9302260675411667 0.00010809642200837466 0.9302260675411667 0.9302260675411667 0.9302260675411667 0.9302260675411667 0.9302260675411667 0.9302260675411667 0.00010809642200837466 0.9302260675411667 0.00010809642200837466 0.9302260675411667 0.9302260675411667 0.9302260675411667 0.9302260675411667 0.9302260675411667 0.9302260675411667 0.9302260675411667 0.9302260675411667 0.9302260675411667
3-95585075-G-C 0.9302260675411667 0.00010809642200837466 0.9302260675411667 0.9302260675411667 0.9302260675411667 0.9302260675411667 0.00010809642200837466 0.9302260675411667 0.9302260675411667 0.9302260675411667 0.9302260675411667 0.9302260675411667 0.9302260675411667 0.9302260675411667 0.9302260675411667 0.9302260675411667 0.9302260675411667 0.9302260675411667 0.9302260675411667 0.9302260675411667 0.9302260675411667 0.9302260675411667 0.9302260675411667 0.9302260675411667
15-81981109-T-G 0.9302260675411667 0.9302260675411667 0.9302260675411667 0.00010809642200837466 0.9302260675411667 0.9302260675411667 0.9302260675411667 0.9302260675411667 0.9302260675411667 0.9302260675411667 0.9302260675411667 0.9302260675411667 0.9302260675411667 0.9302260675411667 0.9302260675411667 0.9302260675411667 0.00010809642200837466 0.9302260675411667 0.9302260675411667 0.00010809642200837466 0.9302260675411667 0.9302260675411667 0.9302260675411667 0.9302260675411667
17-47791850-C-A 0.9302260675411667 0.9302260675411667 0.9302260675411667 0.9302260675411667 0.9302260675411667 0.9302260675411667 0.9302260675411667 0.9302260675411667 0.9302260675411667 0.9302260675411667 0.9302260675411667 0.00010809642200837466 0.9302260675411667 0.9302260675411667 0.9302260675411667 0.9302260675411667 0.9302260675411667 0.9302260675411667 0.9302260675411667 0.9302260675411667 0.00010809642200837466 0.9302260675411667 0.9302260675411667 0.9302260675411667
7-108423471-T-C 0.9302260675411667 0.9302260675411667 0.9302260675411667 0.9302260675411667 0.9302260675411667 0.9302260675411667 0.9302260675411667 0.9302260675411667 0.9302260675411667 0.9302260675411667 0.9302260675411667 0.00010809642200837466 0.9302260675411667 0.9302260675411667 0.9302260675411667 0.9302260675411667 0.9302260675411667 0.9302260675411667 0.9302260675411667 0.9302260675411667 0.00010809642200837466 0.9302260675411667 0.9302260675411667 0.9302260675411667
16-38004684-C-T 0.9302260675411667 0.9302260675411667 0.9302260675411667 0.9302260675411667 0.9302260675411667 0.9302260675411667 0.9302260675411667 0.9302260675411667 0.00010809642200837466 0.9302260675411667 0.00010809642200837466 0.9302260675411667 0.9302260675411667 0.9302260675411667 0.9302260675411667 0.9302260675411667 0.9302260675411667 0.9302260675411667 0.9302260675411667 0.9302260675411667 0.9302260675411667 0.9302260675411667 0.9302260675411667 0.9302260675411667
16-14300106-G-A 0.00010809642200837466 0.00010809642200837466 0.9302260675411667 0.00010809642200837466 0.9302260675411667 0.00010809642200837466 0.00010809642200837466 0.00010809642200837466 0.00010809642200837466 0.00010809642200837466 0.00010809642200837466 0.00010809642200837466 0.00010809642200837466 0.00010809642200837466 0.9302260675411667 0.00010809642200837466 0.00010809642200837466 0.00010809642200837466 0.00010809642200837466 0.00010809642200837466 0.00010809642200837466 0.00010809642200837466 0.00010809642200837466 0.00010809642200837466
13-81448977-A-T 0.9302260675411667 0.9302260675411667 0.9302260675411667 0.9302260675411667 0.9302260675411667 0.9302260675411667 0.9302260675411667 0.9302260675411667 0.9302260675411667 0.9302260675411667 0.9302260675411667 0.00010809642200837466 0.9302260675411667 0.9302260675411667 0.00010809642200837466 0.9302260675411667 0.9302260675411667 0.9302260675411667 0.9302260675411667 0.9302260675411667 0.00010809642200837466 0.9302260675411667 0.9302260675411667 0.9302260675411667
2-105172229-A-C 0.9302260675411667 0.00010809642200837466 0.9302260675411667 0.9302260675411667 0.9302260675411667 0.9302260675411667 0.00010809642200837466 0.9302260675411667 0.9302260675411667 0.9302260675411667 0.9302260675411667 0.9302260675411667 0.9302260675411667 0.9302260675411667 0.9302260675411667 0.9302260675411667 0.9302260675411667 0.9302260675411667 0.9302260675411667 0.9302260675411667 0.9302260675411667 0.9302260675411667 0.9302260675411667 0.9302260675411667
2-119211490-G-A 0.00010809642200837466 0.00010809642200837466 0.00010809642200837466 0.00010809642200837466 0.00010809642200837466 0.00010809642200837466 0.00010809642200837466 0.00010809642200837466 0.00010809642200837466 0.00010809642200837466 0.00010809642200837466 0.9302260675411667 0.00010809642200837466 0.00010809642200837466 0.00010809642200837466 0.00010809642200837466 0.00010809642200837466 0.00010809642200837466 0.00010809642200837466 0.00010809642200837466 0.00010809642200837466 0.00010809642200837466 0.00010809642200837466 0.00010809642200837466
1-21349996-A-C 0.9302260675411667 0.9302260675411667 0.9302260675411667 0.9302260675411667 0.9302260675411667 0.9302260675411667 0.9302260675411667 0.9302260675411667 0.00010809642200837466 0.9302260675411667 0.00010809642200837466 0.9302260675411667 0.9302260675411667 0.9302260675411667 0.9302260675411667 0.9302260675411667 0.9302260675411667 0.9302260675411667 0.9302260675411667 0.9302260675411667 0.9302260675411667 0.9302260675411667 0.9302260675411667 0.9302260675411667
16-35197848-G-T 0.00010809642200837466 0.00010809642200837466 0.00010809642200837466 0.00010809642200837466 0.9302260675411667 0.00010809642200837466 0.00010809642200837466 0.00010809642200837466 0.00010809642200837466 0.00010809642200837466 0.00010809642200837466 0.00010809642200837466 0.00010809642200837466 0.00010809642200837466 0.00010809642200837466 0.00010809642200837466 0.00010809642200837466 0.00010809642200837466 0.00010809642200837466 0.00010809642200837466 0.00010809642200837466 0.00010809642200837466 0.00010809642200837466 0.00010809642200837466
9-53498860-T-C 0.9302260675411667 0.00010809642200837466 0.9302260675411667 0.9302260675411667 0.9302260675411667 0.9302260675411667 0.00010809642200837466 0.9302260675411667 0.9302260675411667 0.9302260675411667 0.9302260675411667 0.9302260675411667 0.9302260675411667 0.9302260675411667 0.9302260675411667 0.9302260675411667 0.9302260675411667 0.9302260675411667 0.9302260675411667 0.9302260675411667 0.9302260675411667 0.9302260675411667 0.9302260675411667 0.9302260675411667
14-73365750-A-G 0.00010809642200837466 0.00010809642200837466 0.00010809642200837466 0.00010809642200837466 0.00010809642200837466 0.00010809642200837466 0.00010809642200837466 0.00010809642200837466 0.00010809642200837466 0.00010809642200837466 0.9302260675411667 0.00010809642200837466 0.00010809642200837466 0.00010809642200837466 0.00010809642200837466 0.00010809642200837466 0.00010809642200837466 0.9302260675411667 0.00010809642200837466 0.00010809642200837466 0.00010809642200837466 0.00010809642200837466 0.00010809642200837466 0.00010809642200837466
13-51651785-A-G 0.9302260675411667 0.00010809642200837466 0.9302260675411667 0.9302260675411667 0.9302260675411667 0.9302260675411667 0.00010809642200837466 0.9302260675411667 0.9302260675411667 0.9302260675411667 0.9302260675411667 0.9302260675411667 0.9302260675411667 0.9302260675411667 0.9302260675411667 0.9302260675411667 0.9302260675411667 0.9302260675411667 0.9302260675411667 0.9302260675411667 0.9302260675411667 0.9302260675411667 0.9302260675411667 0.9302260675411667
5-30907325-C-G 0.00010809642200837466 0.9302260675411667 0.9302260675411667 0.9302260675411667 0.9302260675411667 0.9302260675411667 0.9302260675411667 0.9302260675411667 0.9302260675411667 0.9302260675411667 0.9302260675411667 0.9302260675411667 0.00010809642200837466 0.9302260675411667 0.9302260675411667 0.9302260675411667 0.9302260675411667 0.9302260675411667 0.9302260675411667 0.9302260675411667 0.9302260675411667 0.9302260675411667 0.9302260675411667 0.9302260675411667
19-34231656-A-T 0.9302260675411667 0.9302260675411667 0.9302260675411667 0.9302260675411667 0.9302260675411667 0.9302260675411667 0.9302260675411667 0.9302260675411667 0.9302260675411667 0.9302260675411667 0.9302260675411667 0.00010809642200837466 0.9302260675411667 0.9302260675411667 0.9302260675411667 0.9302260675411667 0.9302260675411667 0.9302260675411667 0.9302260675411667 0.9302260675411667 0.00010809642200837466 0.9302260675411667 0.9302260675411667 0.9302260675411667
17-74702107-G-T 0.00010809642200837466 0.9302260675411667 0.9302260675411667 0.9302260675411667 0.9302260675411667 0.00010809642200837466 0.9302260675411667 0.9302260675411667 0.9302260675411667 0.9302260675411667 0.9302260675411667 0.9302260675411667 0.00010809642200837466 0.9302260675411667 0.9302260675411667 0.9302260675411667 0.9302260675411667 0.9302260675411667 0.9302260675411667 0.9302260675411667 0.9302260675411667 0.9302260675411667 0.9302260675411667 0.9302260675411667
17-38146840-A-G 0.9302260675411667 0.00010809642200837466 0.9302260675411667 0.9302260675411667 0.9302260675411667 0.9302260675411667 0.00010809642200837466 0.9302260675411667 0.9302260675411667 0.9302260675411667 0.9302260675411667 0.9302260675411667 0.9302260675411667 0.9302260675411667 0.9302260675411667 0.9302260675411667 0.9302260675411667 0.9302260675411667 0.9302260675411667 0.9302260675411667 0.9302260675411667 0.9302260675411667 0.9302260675411667 0.9302260675411667
2-25492260-G-A 0.9302260675411667 0.00010809642200837466 0.9302260675411667 0.9302260675411667 0.9302260675411667 0.9302260675411667 0.00010809642200837466 0.9302260675411667 0.9302260675411667 0.9302260675411667 0.9302260675411667 0.9302260675411667 0.9302260675411667 0.9302260675411667 0.9302260675411667 0.9302260675411667 0.9302260675411667 0.9302260675411667 0.9302260675411667 0.9302260675411667 0.9302260675411667 0.9302260675411667 0.9302260675411667 0.9302260675411667
11-102846229-A-T 0.9302260675411667 0.00010809642200837466 0.9302260675411667 0.9302260675411667 0.9302260675411667 0.9302260675411667 0.00010809642200837466 0.9302260675411667 0.9302260675411667 0.9302260675411667 0.9302260675411667 0.9302260675411667 0.9302260675411667 0.9302260675411667 0.9302260675411667 0.9302260675411667 0.9302260675411667 0.9302260675411667 0.9302260675411667 0.9302260675411667 0.9302260675411667 0.9302260675411667 0.9302260675411667 0.9302260675411667
19-43441508-C-A 0.9302260675411667 0.9302260675411667 0.9302260675411667 0.9302260675411667 0.9302260675411667 0.9302260675411667 0.9302260675411667 0.9302260675411667 0.9302260675411667 0.9302260675411667 0.9302260675411667 0.9302260675411667 0.9302260675411667 0.00010809642200837466 0.9302260675411667 0.9302260675411667 0.9302260675411667 0.9302260675411667 0.9302260675411667 0.9302260675411667 0.9302260675411667 0.9302260675411667 0.9302260675411667 0.00010809642200837466
18-22105438-A-T 0.9302260675411667 0.9302260675411667 0.9302260675411667 0.9302260675411667 0.9302260675411667 0.9302260675411667 0.9302260675411667 0.9302260675411667 0.00010809642200837466 0.9302260675411667 0.00010809642200837466 0.9302260675411667 0.9302260675411667 0.9302260675411667 0.9302260675411667 0.9302260675411667 0.9302260675411667 0.9302260675411667 0.9302260675411667 0.9302260675411667 0.9302260675411667 0.9302260675411667 0.9302260675411667 0.9302260675411667
2-128672150-T-C 0.00010809642200837466 0.00010809642200837466 0.00010809642200837466 0.00010809642200837466 0.00010809642200837466 0.00010809642200837466 0.00010809642200837466 0.00010809642200837466 0.00010809642200837466 0.00010809642200837466 0.00010809642200837466 0.9302260675411667 0.00010809642200837466 0.00010809642200837466 0.00010809642200837466 0.00010809642200837466 0.00010809642200837466 0.00010809642200837466 0.00010809642200837466 0.00010809642200837466 0.00010809642200837466 0.00010809642200837466 0.00010809642200837466 0.00010809642200837466
7-39583446-A-T 0.9302260675411667 0.9302260675411667 0.9302260675411667 0.9302260675411667 0.9302260675411667 0.9302260675411667 0.9302260675411667 0.9302260675411667 0.9302260675411667 0.9302260675411667 0.9302260675411667 0.9302260675411667 0.9302260675411667 0.00010809642200837466 0.9302260675411667 0.9302260675411667 0.9302260675411667 0.9302260675411667 0.9302260675411667 0.9302260675411667 0.9302260675411667 0.9302260675411667 0.9302260675411667 0.00010809642200837466
4-104605273-T-C 0.9302260675411667 0.9302260675411667 0.9302260675411667 0.9302260675411667 0.9302260675411667 0.9302260675411667 0.9302260675411667 0.9302260675411667 0.00010809642200837466 0.9302260675411667 0.00010809642200837466 0.9302260675411667 0.9302260675411667 0.9302260675411667 0.9302260675411667 0.9302260675411667 0.9302260675411667 0.9302260675411667 0.9302260675411667 0.9302260675411667 0.9302260675411667 0.9302260675411667 0.9302260675411667 0.9302260675411667
4-144363881-G-A 0.9302260675411667 0.00010809642200837466 0.9302260675411667 0.9302260675411667 0.9302260675411667 0.9302260675411667 0.00010809642200837466 0.9302260675411667 0.9302260675411667 0.9302260675411667 0.9302260675411667 0.9302260675411667 0.9302260675411667 0.9302260675411667 0.9302260675411667 0.9302260675411667 0.9302260675411667 0.9302260675411667 0.9302260675411667 0.9302260675411667 0.9302260675411667 0.9302260675411667 0.9302260675411667 0.9302260675411667
7-17211606-T-A 0.9302260675411667 0.00010809642200837466 0.9302260675411667 0.9302260675411667 0.00010809642200837466 0.9302260675411667 0.00010809642200837466 0.00010809642200837466 0.9302260675411667 0.00010809642200837466 0.9302260675411667 0.9302260675411667 0.9302260675411667 0.9302260675411667 0.9302260675411667 0.9302260675411667 0.9302260675411667 0.9302260675411667 0.9302260675411667 0.9302260675411667 0.9302260675411667 0.9302260675411667 0.9302260675411667 0.9302260675411667
9-7159013-A-G 0.9302260675411667 0.9302260675411667 0.9302260675411667 0.00010809642200837466 0.9302260675411667 0.9302260675411667 0.9302260675411667 0.9302260675411667 0.9302260675411667 0.9302260675411667 0.9302260675411667 0.9302260675411667 0.9302260675411667 0.9302260675411667 0.9302260675411667 0.9302260675411667 0.00010809642200837466 0.9302260675411667 0.9302260675411667 0.00010809642200837466 0.9302260675411667 0.9302260675411667 0.9302260675411667 0.9302260675411667
19-39011612-G-A 0.00010809642200837466 0.00010809642200837466 0.00010809642200837466 0.00010809642200837466 0.00010809642200837466 0.00010809642200837466 0.00010809642200837466 0.00010809642200837466 0.00010809642200837466 0.00010809642200837466 0.00010809642200837466 0.00010809642200837466 0.00010809642200837466 0.00010809642200837466 0.00010809642200837466 0.00010809642200837466 0.00010809642200837466 0.9302260675411667 0.00010809642200837466 0.00010809642200837466 0.00010809642200837466 0.00010809642200837466 0.00010809642200837466 0.00010809642200837466
1-118651652-T-G 0.00010809642200837466 0.9302260675411667 0.9302260675411667 0.9302260675411667 0.9302260675411667 0.9302260675411667 0.9302260675411667 0.9302260675411667 0.9302260675411667 0.9302260675411667 0.9302260675411667 0.9302260675411667 0.00010809642200837466 0.9302260675411667 0.9302260675411667 0.9302260675411667 0.9302260675411667 0.9302260675411667 0.9302260675411667 0.9302260675411667 0.9302260675411667 0.9302260675411667 0.9302260675411667 0.9302260675411667
6-57926873-T-C 0.9302260675411667 0.9302260675411667 0.9302260675411667 0.9302260675411667 0.9302260675411667 0.9302260675411667 0.9302260675411667 0.9302260675411667 0.00010809642200837466 0.9302260675411667 0.00010809642200837466 0.9302260675411667 0.9302260675411667 0.9302260675411667 0.9302260675411667 0.9302260675411667 0.9302260675411667 0.9302260675411667 0.9302260675411667 0.9302260675411667 0.9302260675411667 0.9302260675411667 0.9302260675411667 0.9302260675411667
14-105152377-A-C 0.9302260675411667 0.9302260675411667 0.9302260675411667 0.9302260675411667 0.9302260675411667 0.9302260675411667 0.9302260675411667 0.9302260675411667 0.9302260675411667 0.9302260675411667 0.9302260675411667 0.9302260675411667 0.9302260675411667 0.9302260675411667 0.9302260675411667 0.9302260675411667 0.9302260675411667 0.9302260675411667 0.00010809642200837466 0.9302260675411667 0.9302260675411667 0.00010809642200837466 0.9302260675411667 0.9302260675411667
1-171285072-C-G 0.00010809642200837466 0.9302260675411667 0.9302260675411667 0.9302260675411667 0.9302260675411667 0.00010809642200837466 0.9302260675411667 0.9302260675411667 0.9302260675411667 0.9302260675411667 0.9302260675411667 0.9302260675411667 0.00010809642200837466 0.9302260675411667 0.9302260675411667 0.9302260675411667 0.9302260675411667 0.9302260675411667 0.9302260675411667 0.9302260675411667 0.9302260675411667 0.9302260675411667 0.9302260675411667 0.9302260675411667
6-148877948-C-T 0.9302260675411667 0.00010809642200837466 0.00010809642200837466 0.00010809642200837466 0.00010809642200837466 0.9302260675411667 0.00010809642200837466 0.00010809642200837466 0.00010809642200837466 0.00010809642200837466 0.00010809642200837466 0.00010809642200837466 0.9302260675411667 0.00010809642200837466 0.9302260675411667 0.00010809642200837466 0.00010809642200837466 0.00010809642200837466 0.00010809642200837466 0.00010809642200837466 0.00010809642200837466 0.00010809642200837466 0.00010809642200837466 0.00010809642200837466
16-23016807-T-G 0.00010809642200837466 0.9302260675411667 0.9302260675411667 0.9302260675411667 0.9302260675411667 0.9302260675411667 0.9302260675411667 0.9302260675411667 0.9302260675411667 0.9302260675411667 0.9302260675411667 0.9302260675411667 0.00010809642200837466 0.9302260675411667 0.9302260675411667 0.9302260675411667 0.9302260675411667 0.9302260675411667 0.9302260675411667 0.9302260675411667 0.9302260675411667 0.9302260675411667 0.9302260675411667 0.9302260675411667
19-38199598-G-A 0.00010809642200837466 0.00010809642200837466 0.00010809642200837466 0.00010809642200837466 0.00010809642200837466 0.00010809642200837466 0.00010809642200837466 0.00010809642200837466 0.00010809642200837466 0.00010809642200837466 0.00010809642200837466 0.00010809642200837466 0.00010809642200837466 0.00010809642200837466 0.00010809642200837466 0.00010809642200837466 0.00010809642200837466 0.9302260675411667 0.00010809642200837466 0.00010809642200837466 0.00010809642200837466 0.00010809642200837466 0.00010809642200837466 0.00010809642200837466
4-64017195-A-G 0.9302260675411667 0.9302260675411667 0.9302260675411667 0.9302260675411667 0.9302260675411667 0.9302260675411667 0.00010809642200837466 0.9302260675411667 0.9302260675411667 0.9302260675411667 0.9302260675411667 0.9302260675411667 0.9302260675411667 0.9302260675411667 0.9302260675411667 0.00010809642200837466 0.9302260675411667 0.9302260675411667 0.9302260675411667 0.9302260675411667 0.9302260675411667 0.9302260675411667 0.9302260675411667 0.9302260675411667
19-48535388-A-G 0.9302260675411667 0.9302260675411667 0.9302260675411667 0.9302260675411667 0.9302260675411667 0.9302260675411667 0.9302260675411667 0.9302260675411667 0.00010809642200837466 0.9302260675411667 0.00010809642200837466 0.9302260675411667 0.9302260675411667 0.9302260675411667 0.9302260675411667 0.9302260675411667 0.9302260675411667 0.9302260675411667 0.9302260675411667 0.9302260675411667 0.9302260675411667 0.9302260675411667 0.9302260675411667 0.9302260675411667
16-10237193-A-T 0.9302260675411667 0.9302260675411667 0.9302260675411667 0.9302260675411667 0.9302260675411667 0.9302260675411667 0.9302260675411667 0.9302260675411667 0.00010809642200837466 0.9302260675411667 0.00010809642200837466 0.9302260675411667 0.9302260675411667 0.9302260675411667 0.9302260675411667 0.9302260675411667 0.9302260675411667 0.9302260675411667 0.9302260675411667 0.9302260675411667 0.9302260675411667 0.9302260675411667 0.9302260675411667 0.9302260675411667
2-85062962-G-A 0.00010809642200837466 0.00010809642200837466 0.00010809642200837466 0.00010809642200837466 0.00010809642200837466 0.00010809642200837466 0.00010809642200837466 0.00010809642200837466 0.00010809642200837466 0.00010809642200837466 0.00010809642200837466 0.9302260675411667 0.00010809642200837466 0.00010809642200837466 0.00010809642200837466 0.00010809642200837466 0.00010809642200837466 0.00010809642200837466 0.00010809642200837466 0.00010809642200837466 0.00010809642200837466 0.00010809642200837466 0.00010809642200837466 0.00010809642200837466
11-87614390-C-G 0.00010809642200837466 0.9302260675411667 0.9302260675411667 0.9302260675411667 0.9302260675411667 0.00010809642200837466 0.9302260675411667 0.9302260675411667 0.9302260675411667 0.9302260675411667 0.9302260675411667 0.9302260675411667 0.00010809642200837466 0.9302260675411667 0.00010809642200837466 0.9302260675411667 0.9302260675411667 0.9302260675411667 0.9302260675411667 0.9302260675411667 0.9302260675411667 0.9302260675411667 0.9302260675411667 0.9302260675411667
4-145513145-G-C 0.00010809642200837466 0.00010809642200837466 0.00010809642200837466 0.00010809642200837466 0.00010809642200837466 0.00010809642200837466 0.00010809642200837466 0.00010809642200837466 0.00010809642200837466 0.00010809642200837466 0.00010809642200837466 0.00010809642200837466 0.00010809642200837466 0.00010809642200837466 0.9302260675411667 0.00010809642200837466 0.00010809642200837466 0.00010809642200837466 0.00010809642200837466 0.00010809642200837466 0.00010809642200837466 0.00010809642200837466 0.00010809642200837466 0.00010809642200837466
15-76249185-G-A 0.9302260675411667 0.9302260675411667 0.9302260675411667 0.9302260675411667 0.9302260675411667 0.9302260675411667 0.9302260675411667 0.9302260675411667 0.9302260675411667 0.9302260675411667 0.9302260675411667 0.00010809642200837466 0.9302260675411667 0.9302260675411667 0.9302260675411667 0.9302260675411667 0.9302260675411667 0.9302260675411667 0.9302260675411667 0.9302260675411667 0.00010809642200837466 0.9302260675411667 0.9302260675411667 0.9302260675411667
7-85011931-T-C 0.9302260675411667 0.00010809642200837466 0.9302260675411667 0.9302260675411667 0.9302260675411667 0.9302260675411667 0.00010809642200837466 0.9302260675411667 0.9302260675411667 0.9302260675411667 0.9302260675411667 0.9302260675411667 0.9302260675411667 0.9302260675411667 0.9302260675411667 0.9302260675411667 0.9302260675411667 0.9302260675411667 0.9302260675411667 0.9302260675411667 0.9302260675411667 0.9302260675411667 0.9302260675411667 0.9302260675411667
13-31579987-T-G 0.9302260675411667 0.9302260675411667 0.9302260675411667 0.9302260675411667 0.9302260675411667 0.9302260675411667 0.9302260675411667 0.9302260675411667 0.00010809642200837466 0.9302260675411667 0.00010809642200837466 0.9302260675411667 0.9302260675411667 0.9302260675411667 0.9302260675411667 0.9302260675411667 0.9302260675411667 0.9302260675411667 0.9302260675411667 0.9302260675411667 0.9302260675411667 0.9302260675411667 0.9302260675411667 0.9302260675411667
9-38449016-T-A 0.9302260675411667 0.9302260675411667 0.9302260675411667 0.9302260675411667 0.9302260675411667 0.9302260675411667 0.9302260675411667 0.9302260675411667 0.9302260675411667 0.9302260675411667 0.9302260675411667 0.00010809642200837466 0.9302260675411667 0.9302260675411667 0.9302260675411667 0.9302260675411667 0.9302260675411667 0.9302260675411667 0.9302260675411667 0.9302260675411667 0.00010809642200837466 0.9302260675411667 0.9302260675411667 0.9302260675411667
8-3877073-A-C 0.00010809642200837466 0.9302260675411667 0.9302260675411667 0.9302260675411667 0.9302260675411667 0.00010809642200837466 0.9302260675411667 0.9302260675411667 0.00010809642200837466 0.9302260675411667 0.00010809642200837466 0.9302260675411667 0.00010809642200837466 0.9302260675411667 0.00010809642200837466 0.9302260675411667 0.9302260675411667 0.00010809642200837466 0.9302260675411667 0.9302260675411667 0.9302260675411667 0.9302260675411667 0.00010809642200837466 0.9302260675411667
6-115812051-A-C 0.9302260675411667 0.00010809642200837466 0.9302260675411667 0.9302260675411667 0.9302260675411667 0.9302260675411667 0.00010809642200837466 0.9302260675411667 0.9302260675411667 0.9302260675411667 0.9302260675411667 0.9302260675411667 0.9302260675411667 0.9302260675411667 0.9302260675411667 0.9302260675411667 0.9302260675411667 0.9302260675411667 0.9302260675411667 0.9302260675411667 0.9302260675411667 0.9302260675411667 0.9302260675411667 0.9302260675411667
9-79841482-G-T 0.9302260675411667 0.00010809642200837466 0.00010809642200837466 0.00010809642200837466 0.00010809642200837466 0.00010809642200837466 0.00010809642200837466 0.00010809642200837466 0.00010809642200837466 0.00010809642200837466 0.00010809642200837466 0.00010809642200837466 0.00010809642200837466 0.00010809642200837466 0.00010809642200837466 0.00010809642200837466 0.9302260675411667 0.00010809642200837466 0.9302260675411667 0.00010809642200837466 0.00010809642200837466 0.00010809642200837466 0.00010809642200837466 0.00010809642200837466
1-107290733-T-A 0.9302260675411667 0.00010809642200837466 0.9302260675411667 0.9302260675411667 0.9302260675411667 0.9302260675411667 0.00010809642200837466 0.9302260675411667 0.9302260675411667 0.9302260675411667 0.9302260675411667 0.9302260675411667 0.9302260675411667 0.9302260675411667 0.9302260675411667 0.9302260675411667 0.9302260675411667 0.9302260675411667 0.9302260675411667 0.9302260675411667 0.9302260675411667 0.9302260675411667 0.9302260675411667 0.9302260675411667
10-127746321-C-G 0.9302260675411667 0.00010809642200837466 0.9302260675411667 0.9302260675411667 0.9302260675411667 0.9302260675411667 0.9302260675411667 0.00010809642200837466 0.9302260675411667 0.00010809642200837466 0.9302260675411667 0.9302260675411667 0.9302260675411667 0.9302260675411667 0.9302260675411667 0.9302260675411667 0.9302260675411667 0.9302260675411667 0.9302260675411667 0.9302260675411667 0.9302260675411667 0.9302260675411667 0.9302260675411667 0.9302260675411667
18-42511432-T-A 0.00010809642200837466 0.9302260675411667 0.9302260675411667 0.9302260675411667 0.9302260675411667 0.00010809642200837466 0.9302260675411667 0.9302260675411667 0.9302260675411667 0.9302260675411667 0.9302260675411667 0.9302260675411667 0.00010809642200837466 0.9302260675411667 0.00010809642200837466 0.9302260675411667 0.9302260675411667 0.9302260675411667 0.9302260675411667 0.9302260675411667 0.9302260675411667 0.9302260675411667 0.00010809642200837466 0.9302260675411667
4-101627978-A-G 0.00010809642200837466 0.00010809642200837466 0.9302260675411667 0.9302260675411667 0.00010809642200837466 0.00010809642200837466 0.00010809642200837466 0.00010809642200837466 0.00010809642200837466 0.00010809642200837466 0.00010809642200837466 0.9302260675411667 0.00010809642200837466 0.9302260675411667 0.00010809642200837466 0.9302260675411667 0.9302260675411667 0.00010809642200837466 0.9302260675411667 0.9302260675411667 0.9302260675411667 0.9302260675411667 0.00010809642200837466 0.9302260675411667
16-15667879-A-T 0.9302260675411667 0.9302260675411667 0.9302260675411667 0.9302260675411667 0.9302260675411667 0.9302260675411667 0.9302260675411667 0.9302260675411667 0.00010809642200837466 0.9302260675411667 0.00010809642200837466 0.9302260675411667 0.9302260675411667 0.9302260675411667 0.9302260675411667 0.9302260675411667 0.9302260675411667 0.9302260675411667 0.9302260675411667 0.9302260675411667 0.9302260675411667 0.9302260675411667 0.9302260675411667 0.9302260675411667
1-87881810-T-C 0.9302260675411667 0.9302260675411667 0.9302260675411667 0.9302260675411667 0.9302260675411667 0.9302260675411667 0.9302260675411667 0.9302260675411667 0.00010809642200837466 0.9302260675411667 0.00010809642200837466 0.9302260675411667 0.9302260675411667 0.9302260675411667 0.9302260675411667 0.9302260675411667 0.9302260675411667 0.9302260675411667 0.9302260675411667 0.9302260675411667 0.9302260675411667 0.9302260675411667 0.9302260675411667 0.9302260675411667
5-88210893-A-G 0.9302260675411667 0.9302260675411667 0.9302260675411667 0.9302260675411667 0.9302260675411667 0.9302260675411667 0.9302260675411667 0.9302260675411667 0.9302260675411667 0.9302260675411667 0.9302260675411667 0.00010809642200837466 0.9302260675411667 0.9302260675411667 0.9302260675411667 0.9302260675411667 0.9302260675411667 0.9302260675411667 0.9302260675411667 0.9302260675411667 0.00010809642200837466 0.9302260675411667 0.9302260675411667 0.9302260675411667
13-68562274-G-A 0.9302260675411667 0.9302260675411667 0.9302260675411667 0.9302260675411667 0.9302260675411667 0.9302260675411667 0.9302260675411667 0.9302260675411667 0.00010809642200837466 0.9302260675411667 0.00010809642200837466 0.9302260675411667 0.9302260675411667 0.9302260675411667 0.9302260675411667 0.9302260675411667 0.9302260675411667 0.9302260675411667 0.9302260675411667 0.9302260675411667 0.9302260675411667 0.9302260675411667 0.9302260675411667 0.9302260675411667
2-114051917-G-A 0.00010809642200837466 0.00010809642200837466 0.00010809642200837466 0.00010809642200837466 0.00010809642200837466 0.00010809642200837466 0.00010809642200837466 0.00010809642200837466 0.00010809642200837466 0.00010809642200837466 0.00010809642200837466 0.9302260675411667 0.00010809642200837466 0.00010809642200837466 0.00010809642200837466 0.00010809642200837466 0.00010809642200837466 0.00010809642200837466 0.00010809642200837466 0.00010809642200837466 0.00010809642200837466 0.00010809642200837466 0.00010809642200837466 0.00010809642200837466
7-51953303-T-A 0.00010809642200837466 0.9302260675411667 0.9302260675411667 0.9302260675411667 0.9302260675411667 0.00010809642200837466 0.9302260675411667 0.9302260675411667 0.9302260675411667 0.9302260675411667 0.9302260675411667 0.9302260675411667 0.00010809642200837466 0.9302260675411667 0.9302260675411667 0.9302260675411667 0.9302260675411667 0.9302260675411667 0.9302260675411667 0.9302260675411667 0.9302260675411667 0.9302260675411667 0.9302260675411667 0.9302260675411667
1-162723237-G-A 0.9302260675411667 0.00010809642200837466 0.9302260675411667 0.9302260675411667 0.9302260675411667 0.9302260675411667 0.00010809642200837466 0.9302260675411667 0.9302260675411667 0.9302260675411667 0.9302260675411667 0.9302260675411667 0.9302260675411667 0.9302260675411667 0.9302260675411667 0.9302260675411667 0.9302260675411667 0.9302260675411667 0.9302260675411667 0.9302260675411667 0.9302260675411667 0.9302260675411667 0.9302260675411667 0.9302260675411667
14-8644365-T-G 0.00010809642200837466 0.00010809642200837466 0.00010809642200837466 0.00010809642200837466 0.00010809642200837466 0.00010809642200837466 0.00010809642200837466 0.00010809642200837466 0.00010809642200837466 0.00010809642200837466 0.00010809642200837466 0.00010809642200837466 0.00010809642200837466 0.00010809642200837466 0.00010809642200837466 0.00010809642200837466 0.00010809642200837466 0.9302260675411667 0.00010809642200837466 0.00010809642200837466 0.00010809642200837466 0.00010809642200837466 0.00010809642200837466 0.00010809642200837466
4-115239327-G-C 0.9302260675411667 0.9302260675411667 0.9302260675411667 0.9302260675411667 0.9302260675411667 0.9302260675411667 0.9302260675411667 0.9302260675411667 0.00010809642200837466 0.9302260675411667 0.00010809642200837466 0.9302260675411667 0.9302260675411667 0.9302260675411667 0.9302260675411667 0.9302260675411667 0.9302260675411667 0.9302260675411667 0.9302260675411667 0.9302260675411667 0.9302260675411667 0.9302260675411667 0.9302260675411667 0.9302260675411667
11-67102004-G-C 0.9302260675411667 0.00010809642200837466 0.9302260675411667 0.9302260675411667 0.9302260675411667 0.9302260675411667 0.00010809642200837466 0.00010809642200837466 0.9302260675411667 0.00010809642200837466 0.9302260675411667 0.9302260675411667 0.9302260675411667 0.9302260675411667 0.9302260675411667 0.9302260675411667 0.9302260675411667 0.9302260675411667 0.9302260675411667 0.9302260675411667 0.9302260675411667 0.9302260675411667 0.9302260675411667 0.9302260675411667
11-36024605-T-C 0.9302260675411667 0.9302260675411667 0.9302260675411667 0.9302260675411667 0.9302260675411667 0.9302260675411667 0.9302260675411667 0.9302260675411667 0.9302260675411667 0.9302260675411667 0.9302260675411667 0.00010809642200837466 0.9302260675411667 0.9302260675411667 0.9302260675411667 0.9302260675411667 0.9302260675411667 0.9302260675411667 0.9302260675411667 0.9302260675411667 0.00010809642200837466 0.9302260675411667 0.9302260675411667 0.9302260675411667
17-22185608-G-C 0.9302260675411667 0.9302260675411667 0.9302260675411667 0.9302260675411667 0.9302260675411667 0.9302260675411667 0.9302260675411667 0.9302260675411667 0.00010809642200837466 0.9302260675411667 0.00010809642200837466 0.9302260675411667 0.9302260675411667 0.9302260675411667 0.9302260675411667 0.9302260675411667 0.9302260675411667 0.9302260675411667 0.9302260675411667 0.9302260675411667 0.9302260675411667 0.9302260675411667 0.9302260675411667 0.9302260675411667
11-26459822-G-A 0.00010809642200837466 0.9302260675411667 0.9302260675411667 0.9302260675411667 0.9302260675411667 0.00010809642200837466 0.9302260675411667 0.9302260675411667 0.9302260675411667 0.9302260675411667 0.9302260675411667 0.9302260675411667 0.00010809642200837466 0.9302260675411667 0.9302260675411667 0.9302260675411667 0.9302260675411667 0.9302260675411667 0.9302260675411667 0.9302260675411667 0.9302260675411667 0.9302260675411667 0.9302260675411667 0.9302260675411667
16-23016807-T-G 0.00010809642200837466 0.9302260675411667 0.9302260675411667 0.9302260675411667 0.9302260675411667 0.9302260675411667 0.9302260675411667 0.9302260675411667 0.9302260675411667 0.9302260675411667 0.9302260675411667 0.9302260675411667 0.00010809642200837466 0.9302260675411667 0.9302260675411667 0.9302260675411667 0.9302260675411667 0.9302260675411667 0.9302260675411667 0.9302260675411667 0.9302260675411667 0.9302260675411667 0.9302260675411667 0.9302260675411667
18-49951353-A-T 0.9302260675411667 0.9302260675411667 0.9302260675411667 0.9302260675411667 0.9302260675411667 0.9302260675411667 0.9302260675411667 0.9302260675411667 0.9302260675411667 0.9302260675411667 0.9302260675411667 0.00010809642200837466 0.9302260675411667 0.9302260675411667 0.9302260675411667 0.9302260675411667 0.9302260675411667 0.9302260675411667 0.00010809642200837466 0.9302260675411667 0.00010809642200837466 0.00010809642200837466 0.9302260675411667 0.9302260675411667
5-122602185-T-A 0.9302260675411667 0.9302260675411667 0.9302260675411667 0.9302260675411667 0.9302260675411667 0.9302260675411667 0.9302260675411667 0.9302260675411667 0.00010809642200837466 0.9302260675411667 0.00010809642200837466 0.9302260675411667 0.9302260675411667 0.9302260675411667 0.9302260675411667 0.9302260675411667 0.9302260675411667 0.9302260675411667 0.9302260675411667 0.9302260675411667 0.9302260675411667 0.9302260675411667 0.9302260675411667 0.9302260675411667
13-94531978-T-G 0.00010809642200837466 0.00010809642200837466 0.00010809642200837466 0.00010809642200837466 0.00010809642200837466 0.00010809642200837466 0.00010809642200837466 0.00010809642200837466 0.00010809642200837466 0.00010809642200837466 0.00010809642200837466 0.00010809642200837466 0.00010809642200837466 0.00010809642200837466 0.00010809642200837466 0.00010809642200837466 0.00010809642200837466 0.00010809642200837466 0.00010809642200837466 0.00010809642200837466 0.00010809642200837466 0.00010809642200837466 0.00010809642200837466 0.9302260675411667
6-18429145-T-C 0.9302260675411667 0.9302260675411667 0.9302260675411667 0.9302260675411667 0.9302260675411667 0.9302260675411667 0.9302260675411667 0.9302260675411667 0.00010809642200837466 0.9302260675411667 0.00010809642200837466 0.9302260675411667 0.9302260675411667 0.9302260675411667 0.9302260675411667 0.9302260675411667 0.9302260675411667 0.9302260675411667 0.9302260675411667 0.9302260675411667 0.9302260675411667 0.9302260675411667 0.9302260675411667 0.9302260675411667
9-48495220-T-C 0.9302260675411667 0.9302260675411667 0.9302260675411667 0.9302260675411667 0.9302260675411667 0.9302260675411667 0.9302260675411667 0.9302260675411667 0.9302260675411667 0.9302260675411667 0.9302260675411667 0.9302260675411667 0.9302260675411667 0.9302260675411667 0.9302260675411667 0.9302260675411667 0.9302260675411667 0.9302260675411667 0.00010809642200837466 0.9302260675411667 0.9302260675411667 0.00010809642200837466 0.9302260675411667 0.9302260675411667
10-112455793-G-C 0.9302260675411667 0.9302260675411667 0.9302260675411667 0.00010809642200837466 0.9302260675411667 0.9302260675411667 0.9302260675411667 0.9302260675411667 0.9302260675411667 0.9302260675411667 0.9302260675411667 0.9302260675411667 0.9302260675411667 0.9302260675411667 0.9302260675411667 0.9302260675411667 0.00010809642200837466 0.9302260675411667 0.9302260675411667 0.00010809642200837466 0.9302260675411667 0.9302260675411667 0.9302260675411667 0.9302260675411667
1-91933308-T-C 0.00010809642200837466 0.9302260675411667 0.9302260675411667 0.9302260675411667 0.9302260675411667 0.9302260675411667 0.9302260675411667 0.9302260675411667 0.9302260675411667 0.9302260675411667 0.9302260675411667 0.9302260675411667 0.00010809642200837466 0.9302260675411667 0.9302260675411667 0.9302260675411667 0.9302260675411667 0.9302260675411667 0.9302260675411667 0.9302260675411667 0.9302260675411667 0.9302260675411667 0.9302260675411667 0.9302260675411667
3-108992579-C-T 0.00010809642200837466 0.9302260675411667 0.9302260675411667 0.9302260675411667 0.9302260675411667 0.00010809642200837466 0.9302260675411667 0.9302260675411667 0.9302260675411667 0.9302260675411667 0.9302260675411667 0.9302260675411667 0.00010809642200837466 0.9302260675411667 0.9302260675411667 0.9302260675411667 0.9302260675411667 0.9302260675411667 0.9302260675411667 0.9302260675411667 0.9302260675411667 0.9302260675411667 0.9302260675411667 0.9302260675411667
12-113768087-T-A 0.9302260675411667 0.9302260675411667 0.9302260675411667 0.9302260675411667 0.9302260675411667 0.9302260675411667 0.9302260675411667 0.9302260675411667 0.00010809642200837466 0.9302260675411667 0.00010809642200837466 0.9302260675411667 0.9302260675411667 0.9302260675411667 0.9302260675411667 0.9302260675411667 0.9302260675411667 0.9302260675411667 0.9302260675411667 0.9302260675411667 0.9302260675411667 0.9302260675411667 0.9302260675411667 0.9302260675411667
18-23965457-A-G 0.9302260675411667 0.9302260675411667 0.9302260675411667 0.9302260675411667 0.9302260675411667 0.9302260675411667 0.9302260675411667 0.9302260675411667 0.00010809642200837466 0.9302260675411667 0.00010809642200837466 0.9302260675411667 0.9302260675411667 0.9302260675411667 0.9302260675411667 0.9302260675411667 0.9302260675411667 0.9302260675411667 0.9302260675411667 0.9302260675411667 0.9302260675411667 0.9302260675411667 0.9302260675411667 0.9302260675411667
6-117213743-C-T 0.9302260675411667 0.00010809642200837466 0.00010809642200837466 0.00010809642200837466 0.00010809642200837466 0.9302260675411667 0.00010809642200837466 0.00010809642200837466 0.00010809642200837466 0.00010809642200837466 0.00010809642200837466 0.00010809642200837466 0.9302260675411667 0.00010809642200837466 0.9302260675411667 0.00010809642200837466 0.00010809642200837466 0.00010809642200837466 0.00010809642200837466 0.00010809642200837466 0.00010809642200837466 0.00010809642200837466 0.00010809642200837466 0.00010809642200837466
8-77217680-C-T 0.9302260675411667 0.9302260675411667 0.9302260675411667 0.9302260675411667 0.9302260675411667 0.9302260675411667 0.9302260675411667 0.9302260675411667 0.00010809642200837466 0.9302260675411667 0.00010809642200837466 0.9302260675411667 0.9302260675411667 0.9302260675411667 0.9302260675411667 0.9302260675411667 0.9302260675411667 0.9302260675411667 0.9302260675411667 0.9302260675411667 0.9302260675411667 0.9302260675411667 0.9302260675411667 0.9302260675411667
3-158036850-A-G 0.00010809642200837466 0.9302260675411667 0.00010809642200837466 0.00010809642200837466 0.00010809642200837466 0.00010809642200837466 0.00010809642200837466 0.9302260675411667 0.00010809642200837466 0.9302260675411667 0.00010809642200837466 0.00010809642200837466 0.00010809642200837466 0.00010809642200837466 0.9302260675411667 0.9302260675411667 0.00010809642200837466 0.9302260675411667 0.00010809642200837466 0.00010809642200837466 0.00010809642200837466 0.9302260675411667 0.00010809642200837466 0.00010809642200837466
2-180594444-T-C 0.9302260675411667 0.9302260675411667 0.9302260675411667 0.9302260675411667 0.9302260675411667 0.9302260675411667 0.9302260675411667 0.9302260675411667 0.00010809642200837466 0.9302260675411667 0.00010809642200837466 0.9302260675411667 0.9302260675411667 0.9302260675411667 0.9302260675411667 0.9302260675411667 0.9302260675411667 0.9302260675411667 0.9302260675411667 0.9302260675411667 0.9302260675411667 0.9302260675411667 0.9302260675411667 0.9302260675411667
3-41657387-T-C 0.9302260675411667 0.9302260675411667 0.9302260675411667 0.9302260675411667 0.9302260675411667 0.9302260675411667 0.9302260675411667 0.9302260675411667 0.00010809642200837466 0.9302260675411667 0.00010809642200837466 0.9302260675411667 0.9302260675411667 0.9302260675411667 0.9302260675411667 0.9302260675411667 0.9302260675411667 0.9302260675411667 0.9302260675411667 0.9302260675411667 0.9302260675411667 0.9302260675411667 0.9302260675411667 0.9302260675411667
3-106573433-A-G 0.9302260675411667 0.9302260675411667 0.9302260675411667 0.9302260675411667 0.9302260675411667 0.9302260675411667 0.9302260675411667 0.9302260675411667 0.9302260675411667 0.9302260675411667 0.9302260675411667 0.00010809642200837466 0.9302260675411667 0.9302260675411667 0.9302260675411667 0.9302260675411667 0.9302260675411667 0.9302260675411667 0.9302260675411667 0.9302260675411667 0.00010809642200837466 0.9302260675411667 0.9302260675411667 0.9302260675411667
11-120904018-T-C 0.9302260675411667 0.9302260675411667 0.9302260675411667 0.9302260675411667 0.9302260675411667 0.9302260675411667 0.9302260675411667 0.9302260675411667 0.00010809642200837466 0.9302260675411667 0.00010809642200837466 0.9302260675411667 0.9302260675411667 0.9302260675411667 0.9302260675411667 0.9302260675411667 0.9302260675411667 0.9302260675411667 0.9302260675411667 0.9302260675411667 0.9302260675411667 0.9302260675411667 0.9302260675411667 0.9302260675411667
5-114878147-T-C 0.00010809642200837466 0.00010809642200837466 0.00010809642200837466 0.00010809642200837466 0.00010809642200837466 0.00010809642200837466 0.00010809642200837466 0.00010809642200837466 0.00010809642200837466 0.00010809642200837466 0.00010809642200837466 0.00010809642200837466 0.00010809642200837466 0.00010809642200837466 0.00010809642200837466 0.00010809642200837466 0.00010809642200837466 0.00010809642200837466 0.00010809642200837466 0.00010809642200837466 0.00010809642200837466 0.9302260675411667 0.00010809642200837466 0.9302260675411667
1-153465039-T-C 0.9302260675411667 0.9302260675411667 0.00010809642200837466 0.9302260675411667 0.9302260675411667 0.9302260675411667 0.00010809642200837466 0.9302260675411667 0.9302260675411667 0.9302260675411667 0.9302260675411667 0.00010809642200837466 0.9302260675411667 0.9302260675411667 0.9302260675411667 0.00010809642200837466 0.9302260675411667 0.9302260675411667 0.00010809642200837466 0.9302260675411667 0.00010809642200837466 0.00010809642200837466 0.9302260675411667 0.9302260675411667
7-44105987-T-C 0.9302260675411667 0.9302260675411667 0.9302260675411667 0.9302260675411667 0.9302260675411667 0.9302260675411667 0.9302260675411667 0.9302260675411667 0.00010809642200837466 0.9302260675411667 0.00010809642200837466 0.9302260675411667 0.9302260675411667 0.9302260675411667 0.9302260675411667 0.9302260675411667 0.9302260675411667 0.9302260675411667 0.9302260675411667 0.9302260675411667 0.9302260675411667 0.9302260675411667 0.9302260675411667 0.9302260675411667
5-34485895-T-G 0.9302260675411667 0.9302260675411667 0.9302260675411667 0.9302260675411667 0.9302260675411667 0.9302260675411667 0.9302260675411667 0.9302260675411667 0.9302260675411667 0.9302260675411667 0.9302260675411667 0.00010809642200837466 0.9302260675411667 0.9302260675411667 0.9302260675411667 0.9302260675411667 0.9302260675411667 0.9302260675411667 0.9302260675411667 0.9302260675411667 0.00010809642200837466 0.9302260675411667 0.9302260675411667 0.9302260675411667
9-30427461-A-G 0.9302260675411667 0.9302260675411667 0.9302260675411667 0.9302260675411667 0.9302260675411667 0.9302260675411667 0.9302260675411667 0.9302260675411667 0.9302260675411667 0.9302260675411667 0.9302260675411667 0.00010809642200837466 0.9302260675411667 0.9302260675411667 0.9302260675411667 0.9302260675411667 0.9302260675411667 0.9302260675411667 0.9302260675411667 0.9302260675411667 0.00010809642200837466 0.9302260675411667 0.9302260675411667 0.9302260675411667
5-90490806-T-A 0.00010809642200837466 0.9302260675411667 0.9302260675411667 0.9302260675411667 0.9302260675411667 0.00010809642200837466 0.9302260675411667 0.9302260675411667 0.9302260675411667 0.9302260675411667 0.9302260675411667 0.9302260675411667 0.00010809642200837466 0.9302260675411667 0.00010809642200837466 0.9302260675411667 0.9302260675411667 0.9302260675411667 0.9302260675411667 0.9302260675411667 0.9302260675411667 0.9302260675411667 0.00010809642200837466 0.9302260675411667
3-92317273-G-T 0.9302260675411667 0.9302260675411667 0.9302260675411667 0.9302260675411667 0.9302260675411667 0.9302260675411667 0.9302260675411667 0.9302260675411667 0.00010809642200837466 0.9302260675411667 0.00010809642200837466 0.9302260675411667 0.9302260675411667 0.9302260675411667 0.9302260675411667 0.9302260675411667 0.9302260675411667 0.9302260675411667 0.9302260675411667 0.9302260675411667 0.9302260675411667 0.9302260675411667 0.9302260675411667 0.9302260675411667
5-88062737-C-G 0.00010809642200837466 0.00010809642200837466 0.00010809642200837466 0.00010809642200837466 0.00010809642200837466 0.00010809642200837466 0.00010809642200837466 0.00010809642200837466 0.00010809642200837466 0.00010809642200837466 0.00010809642200837466 0.00010809642200837466 0.00010809642200837466 0.00010809642200837466 0.00010809642200837466 0.00010809642200837466 0.00010809642200837466 0.00010809642200837466 0.00010809642200837466 0.00010809642200837466 0.00010809642200837466 0.9302260675411667 0.00010809642200837466 0.9302260675411667
14-56792347-G-C 0.9302260675411667 0.00010809642200837466 0.9302260675411667 0.9302260675411667 0.9302260675411667 0.9302260675411667 0.00010809642200837466 0.00010809642200837466 0.9302260675411667 0.00010809642200837466 0.9302260675411667 0.9302260675411667 0.9302260675411667 0.9302260675411667 0.9302260675411667 0.9302260675411667 0.9302260675411667 0.9302260675411667 0.9302260675411667 0.9302260675411667 0.9302260675411667 0.9302260675411667 0.9302260675411667 0.9302260675411667
19-46062805-G-C 0.00010809642200837466 0.9302260675411667 0.9302260675411667 0.9302260675411667 0.9302260675411667 0.9302260675411667 0.9302260675411667 0.9302260675411667 0.9302260675411667 0.9302260675411667 0.9302260675411667 0.9302260675411667 0.00010809642200837466 0.9302260675411667 0.9302260675411667 0.9302260675411667 0.9302260675411667 0.9302260675411667 0.9302260675411667 0.9302260675411667 0.9302260675411667 0.9302260675411667 0.9302260675411667 0.9302260675411667
2-172352894-C-T 0.9302260675411667 0.9302260675411667 0.9302260675411667 0.9302260675411667 0.9302260675411667 0.9302260675411667 0.9302260675411667 0.9302260675411667 0.00010809642200837466 0.9302260675411667 0.00010809642200837466 0.9302260675411667 0.9302260675411667 0.9302260675411667 0.9302260675411667 0.9302260675411667 0.9302260675411667 0.9302260675411667 0.9302260675411667 0.9302260675411667 0.9302260675411667 0.9302260675411667 0.9302260675411667 0.9302260675411667
5-118680745-T-C 0.9302260675411667 0.9302260675411667 0.9302260675411667 0.9302260675411667 0.9302260675411667 0.9302260675411667 0.9302260675411667 0.9302260675411667 0.9302260675411667 0.9302260675411667 0.9302260675411667 0.9302260675411667 0.9302260675411667 0.9302260675411667 0.9302260675411667 0.9302260675411667 0.9302260675411667 0.9302260675411667 0.00010809642200837466 0.9302260675411667 0.9302260675411667 0.00010809642200837466 0.9302260675411667 0.9302260675411667
17-20814579-T-A 0.9302260675411667 0.9302260675411667 0.9302260675411667 0.00010809642200837466 0.9302260675411667 0.9302260675411667 0.9302260675411667 0.9302260675411667 0.9302260675411667 0.9302260675411667 0.9302260675411667 0.9302260675411667 0.9302260675411667 0.9302260675411667 0.9302260675411667 0.9302260675411667 0.00010809642200837466 0.9302260675411667 0.9302260675411667 0.00010809642200837466 0.9302260675411667 0.9302260675411667 0.9302260675411667 0.9302260675411667
14-53370182-G-A 0.00010809642200837466 0.00010809642200837466 0.00010809642200837466 0.00010809642200837466 0.00010809642200837466 0.00010809642200837466 0.00010809642200837466 0.00010809642200837466 0.00010809642200837466 0.00010809642200837466 0.9302260675411667 0.00010809642200837466 0.00010809642200837466 0.00010809642200837466 0.00010809642200837466 0.00010809642200837466 0.00010809642200837466 0.9302260675411667 0.00010809642200837466 0.00010809642200837466 0.00010809642200837466 0.00010809642200837466 0.00010809642200837466 0.00010809642200837466
5-77349163-T-C 0.00010809642200837466 0.9302260675411667 0.9302260675411667 0.9302260675411667 0.9302260675411667 0.00010809642200837466 0.9302260675411667 0.9302260675411667 0.9302260675411667 0.9302260675411667 0.9302260675411667 0.9302260675411667 0.00010809642200837466 0.9302260675411667 0.00010809642200837466 0.9302260675411667 0.9302260675411667 0.9302260675411667 0.9302260675411667 0.9302260675411667 0.9302260675411667 0.9302260675411667 0.9302260675411667 0.9302260675411667
6-117925602-A-T 0.00010809642200837466 0.9302260675411667 0.9302260675411667 0.9302260675411667 0.9302260675411667 0.00010809642200837466 0.9302260675411667 0.9302260675411667 0.00010809642200837466 0.9302260675411667 0.00010809642200837466 0.9302260675411667 0.00010809642200837466 0.9302260675411667 0.00010809642200837466 0.9302260675411667 0.9302260675411667 0.00010809642200837466 0.9302260675411667 0.9302260675411667 0.9302260675411667 0.9302260675411667 0.00010809642200837466 0.9302260675411667
16-57133075-A-T 0.9302260675411667 0.9302260675411667 0.9302260675411667 0.00010809642200837466 0.9302260675411667 0.9302260675411667 0.9302260675411667 0.9302260675411667 0.9302260675411667 0.9302260675411667 0.9302260675411667 0.9302260675411667 0.9302260675411667 0.9302260675411667 0.9302260675411667 0.9302260675411667 0.00010809642200837466 0.9302260675411667 0.9302260675411667 0.00010809642200837466 0.9302260675411667 0.9302260675411667 0.9302260675411667 0.9302260675411667
8-107057943-A-G 0.9302260675411667 0.00010809642200837466 0.9302260675411667 0.9302260675411667 0.9302260675411667 0.9302260675411667 0.9302260675411667 0.00010809642200837466 0.9302260675411667 0.00010809642200837466 0.9302260675411667 0.9302260675411667 0.9302260675411667 0.9302260675411667 0.9302260675411667 0.9302260675411667 0.9302260675411667 0.9302260675411667 0.9302260675411667 0.9302260675411667 0.9302260675411667 0.9302260675411667 0.9302260675411667 0.9302260675411667
16-28564720-A-C 0.9302260675411667 0.9302260675411667 0.9302260675411667 0.9302260675411667 0.9302260675411667 0.9302260675411667 0.9302260675411667 0.9302260675411667 0.00010809642200837466 0.9302260675411667 0.00010809642200837466 0.9302260675411667 0.9302260675411667 0.9302260675411667 0.9302260675411667 0.9302260675411667 0.9302260675411667 0.9302260675411667 0.9302260675411667 0.9302260675411667 0.9302260675411667 0.9302260675411667 0.9302260675411667 0.9302260675411667
19-34081410-A-G 0.9302260675411667 0.9302260675411667 0.9302260675411667 0.9302260675411667 0.9302260675411667 0.9302260675411667 0.9302260675411667 0.9302260675411667 0.00010809642200837466 0.9302260675411667 0.00010809642200837466 0.9302260675411667 0.9302260675411667 0.9302260675411667 0.9302260675411667 0.9302260675411667 0.9302260675411667 0.9302260675411667 0.9302260675411667 0.9302260675411667 0.9302260675411667 0.9302260675411667 0.9302260675411667 0.9302260675411667
7-131350913-C-T 0.9302260675411667 0.9302260675411667 0.9302260675411667 0.9302260675411667 0.9302260675411667 0.9302260675411667 0.9302260675411667 0.9302260675411667 0.9302260675411667 0.9302260675411667 0.9302260675411667 0.00010809642200837466 0.9302260675411667 0.9302260675411667 0.9302260675411667 0.9302260675411667 0.9302260675411667 0.9302260675411667 0.9302260675411667 0.9302260675411667 0.00010809642200837466 0.9302260675411667 0.9302260675411667 0.9302260675411667
2-25492260-G-A 0.9302260675411667 0.00010809642200837466 0.9302260675411667 0.9302260675411667 0.9302260675411667 0.9302260675411667 0.00010809642200837466 0.9302260675411667 0.9302260675411667 0.9302260675411667 0.9302260675411667 0.9302260675411667 0.9302260675411667 0.9302260675411667 0.9302260675411667 0.9302260675411667 0.9302260675411667 0.9302260675411667 0.9302260675411667 0.9302260675411667 0.9302260675411667 0.9302260675411667 0.9302260675411667 0.9302260675411667
5-44094374-C-A 0.9302260675411667 0.9302260675411667 0.9302260675411667 0.9302260675411667 0.9302260675411667 0.9302260675411667 0.9302260675411667 0.9302260675411667 0.9302260675411667 0.9302260675411667 0.9302260675411667 0.00010809642200837466 0.9302260675411667 0.9302260675411667 0.9302260675411667 0.9302260675411667 0.9302260675411667 0.9302260675411667 0.9302260675411667 0.9302260675411667 0.00010809642200837466 0.9302260675411667 0.9302260675411667 0.9302260675411667
5-52855832-T-C 0.9302260675411667 0.9302260675411667 0.9302260675411667 0.9302260675411667 0.9302260675411667 0.9302260675411667 0.9302260675411667 0.9302260675411667 0.9302260675411667 0.9302260675411667 0.9302260675411667 0.00010809642200837466 0.9302260675411667 0.9302260675411667 0.9302260675411667 0.9302260675411667 0.9302260675411667 0.9302260675411667 0.9302260675411667 0.9302260675411667 0.00010809642200837466 0.9302260675411667 0.9302260675411667 0.9302260675411667
6-57926873-T-C 0.9302260675411667 0.9302260675411667 0.9302260675411667 0.9302260675411667 0.9302260675411667 0.9302260675411667 0.9302260675411667 0.9302260675411667 0.00010809642200837466 0.9302260675411667 0.00010809642200837466 0.9302260675411667 0.9302260675411667 0.9302260675411667 0.9302260675411667 0.9302260675411667 0.9302260675411667 0.9302260675411667 0.9302260675411667 0.9302260675411667 0.9302260675411667 0.9302260675411667 0.9302260675411667 0.9302260675411667
3-158036850-A-G 0.00010809642200837466 0.9302260675411667 0.00010809642200837466 0.00010809642200837466 0.00010809642200837466 0.00010809642200837466 0.00010809642200837466 0.9302260675411667 0.00010809642200837466 0.9302260675411667 0.00010809642200837466 0.00010809642200837466 0.00010809642200837466 0.00010809642200837466 0.9302260675411667 0.9302260675411667 0.00010809642200837466 0.9302260675411667 0.00010809642200837466 0.00010809642200837466 0.00010809642200837466 0.9302260675411667 0.00010809642200837466 0.00010809642200837466
3-92317273-G-T 0.9302260675411667 0.9302260675411667 0.9302260675411667 0.9302260675411667 0.9302260675411667 0.9302260675411667 0.9302260675411667 0.9302260675411667 0.00010809642200837466 0.9302260675411667 0.00010809642200837466 0.9302260675411667 0.9302260675411667 0.9302260675411667 0.9302260675411667 0.9302260675411667 0.9302260675411667 0.9302260675411667 0.9302260675411667 0.9302260675411667 0.9302260675411667 0.9302260675411667 0.9302260675411667 0.9302260675411667
3-92789386-C-T 0.9302260675411667 0.9302260675411667 0.9302260675411667 0.9302260675411667 0.9302260675411667 0.9302260675411667 0.9302260675411667 0.9302260675411667 0.00010809642200837466 0.9302260675411667 0.00010809642200837466 0.9302260675411667 0.9302260675411667 0.9302260675411667 0.9302260675411667 0.9302260675411667 0.9302260675411667 0.9302260675411667 0.9302260675411667 0.9302260675411667 0.9302260675411667 0.9302260675411667 0.9302260675411667 0.9302260675411667
6-117213743-C-T 0.9302260675411667 0.00010809642200837466 0.00010809642200837466 0.00010809642200837466 0.00010809642200837466 0.9302260675411667 0.00010809642200837466 0.00010809642200837466 0.00010809642200837466 0.00010809642200837466 0.00010809642200837466 0.00010809642200837466 0.9302260675411667 0.00010809642200837466 0.9302260675411667 0.00010809642200837466 0.00010809642200837466 0.00010809642200837466 0.00010809642200837466 0.00010809642200837466 0.00010809642200837466 0.00010809642200837466 0.00010809642200837466 0.00010809642200837466
11-70220818-T-C 0.9302260675411667 0.9302260675411667 0.9302260675411667 0.9302260675411667 0.9302260675411667 0.9302260675411667 0.9302260675411667 0.9302260675411667 0.9302260675411667 0.9302260675411667 0.9302260675411667 0.9302260675411667 0.9302260675411667 0.00010809642200837466 0.9302260675411667 0.9302260675411667 0.9302260675411667 0.9302260675411667 0.9302260675411667 0.9302260675411667 0.9302260675411667 0.9302260675411667 0.9302260675411667 0.00010809642200837466
1-162723237-G-A 0.9302260675411667 0.00010809642200837466 0.9302260675411667 0.9302260675411667 0.9302260675411667 0.9302260675411667 0.00010809642200837466 0.9302260675411667 0.9302260675411667 0.9302260675411667 0.9302260675411667 0.9302260675411667 0.9302260675411667 0.9302260675411667 0.9302260675411667 0.9302260675411667 0.9302260675411667 0.9302260675411667 0.9302260675411667 0.9302260675411667 0.9302260675411667 0.9302260675411667 0.9302260675411667 0.9302260675411667
13-49146719-C-A 0.00010809642200837466 0.9302260675411667 0.9302260675411667 0.9302260675411667 0.9302260675411667 0.9302260675411667 0.9302260675411667 0.9302260675411667 0.9302260675411667 0.9302260675411667 0.9302260675411667 0.9302260675411667 0.00010809642200837466 0.9302260675411667 0.9302260675411667 0.9302260675411667 0.9302260675411667 0.9302260675411667 0.9302260675411667 0.9302260675411667 0.9302260675411667 0.9302260675411667 0.9302260675411667 0.9302260675411667
6-126916181-A-C 0.00010809642200837466 0.00010809642200837466 0.00010809642200837466 0.00010809642200837466 0.00010809642200837466 0.00010809642200837466 0.00010809642200837466 0.00010809642200837466 0.00010809642200837466 0.00010809642200837466 0.00010809642200837466 0.00010809642200837466 0.00010809642200837466 0.00010809642200837466 0.00010809642200837466 0.00010809642200837466 0.00010809642200837466 0.00010809642200837466 0.00010809642200837466 0.00010809642200837466 0.00010809642200837466 0.00010809642200837466 0.9302260675411667 0.00010809642200837466
6-136401550-G-A 0.9302260675411667 0.00010809642200837466 0.00010809642200837466 0.00010809642200837466 0.00010809642200837466 0.9302260675411667 0.00010809642200837466 0.00010809642200837466 0.00010809642200837466 0.00010809642200837466 0.00010809642200837466 0.00010809642200837466 0.9302260675411667 0.00010809642200837466 0.9302260675411667 0.00010809642200837466 0.00010809642200837466 0.00010809642200837466 0.00010809642200837466 0.00010809642200837466 0.00010809642200837466 0.00010809642200837466 0.00010809642200837466 0.00010809642200837466
2-30345202-T-A 0.9302260675411667 0.9302260675411667 0.9302260675411667 0.00010809642200837466 0.9302260675411667 0.9302260675411667 0.9302260675411667 0.9302260675411667 0.9302260675411667 0.9302260675411667 0.9302260675411667 0.9302260675411667 0.9302260675411667 0.9302260675411667 0.9302260675411667 0.9302260675411667 0.00010809642200837466 0.9302260675411667 0.9302260675411667 0.00010809642200837466 0.9302260675411667 0.9302260675411667 0.9302260675411667 0.9302260675411667
13-97030412-C-A 0.00010809642200837466 0.00010809642200837466 0.00010809642200837466 0.00010809642200837466 0.00010809642200837466 0.00010809642200837466 0.00010809642200837466 0.00010809642200837466 0.00010809642200837466 0.00010809642200837466 0.00010809642200837466 0.00010809642200837466 0.00010809642200837466 0.00010809642200837466 0.00010809642200837466 0.00010809642200837466 0.00010809642200837466 0.00010809642200837466 0.00010809642200837466 0.00010809642200837466 0.00010809642200837466 0.00010809642200837466 0.00010809642200837466 0.9302260675411667
18-67724384-G-C 0.00010809642200837466 0.9302260675411667 0.9302260675411667 0.9302260675411667 0.9302260675411667 0.9302260675411667 0.9302260675411667 0.9302260675411667 0.9302260675411667 0.9302260675411667 0.9302260675411667 0.9302260675411667 0.00010809642200837466 0.9302260675411667 0.9302260675411667 0.9302260675411667 0.9302260675411667 0.9302260675411667 0.9302260675411667 0.9302260675411667 0.9302260675411667 0.9302260675411667 0.9302260675411667 0.9302260675411667
4-120778984-T-C 0.9302260675411667 0.9302260675411667 0.9302260675411667 0.9302260675411667 0.9302260675411667 0.9302260675411667 0.9302260675411667 0.9302260675411667 0.00010809642200837466 0.9302260675411667 0.00010809642200837466 0.9302260675411667 0.9302260675411667 0.9302260675411667 0.9302260675411667 0.9302260675411667 0.9302260675411667 0.9302260675411667 0.9302260675411667 0.9302260675411667 0.9302260675411667 0.9302260675411667 0.9302260675411667 0.9302260675411667
7-58828374-A-G 0.9302260675411667 0.00010809642200837466 0.9302260675411667 0.9302260675411667 0.9302260675411667 0.9302260675411667 0.00010809642200837466 0.9302260675411667 0.9302260675411667 0.9302260675411667 0.9302260675411667 0.9302260675411667 0.9302260675411667 0.9302260675411667 0.9302260675411667 0.9302260675411667 0.9302260675411667 0.9302260675411667 0.9302260675411667 0.9302260675411667 0.9302260675411667 0.9302260675411667 0.9302260675411667 0.9302260675411667
8-21473111-A-G 0.9302260675411667 0.9302260675411667 0.9302260675411667 0.9302260675411667 0.9302260675411667 0.9302260675411667 0.9302260675411667 0.9302260675411667 0.00010809642200837466 0.9302260675411667 0.00010809642200837466 0.9302260675411667 0.9302260675411667 0.9302260675411667 0.9302260675411667 0.9302260675411667 0.9302260675411667 0.9302260675411667 0.9302260675411667 0.9302260675411667 0.9302260675411667 0.9302260675411667 0.9302260675411667 0.9302260675411667
6-57209914-T-C 0.9302260675411667 0.9302260675411667 0.9302260675411667 0.9302260675411667 0.9302260675411667 0.9302260675411667 0.9302260675411667 0.9302260675411667 0.00010809642200837466 0.9302260675411667 0.00010809642200837466 0.9302260675411667 0.9302260675411667 0.9302260675411667 0.9302260675411667 0.9302260675411667 0.9302260675411667 0.9302260675411667 0.9302260675411667 0.9302260675411667 0.9302260675411667 0.9302260675411667 0.00010809642200837466 0.9302260675411667
17-23386067-G-C 0.9302260675411667 0.9302260675411667 0.9302260675411667 0.9302260675411667 0.9302260675411667 0.9302260675411667 0.9302260675411667 0.9302260675411667 0.00010809642200837466 0.9302260675411667 0.00010809642200837466 0.9302260675411667 0.9302260675411667 0.9302260675411667 0.9302260675411667 0.9302260675411667 0.9302260675411667 0.9302260675411667 0.9302260675411667 0.9302260675411667 0.9302260675411667 0.9302260675411667 0.9302260675411667 0.9302260675411667
16-36736793-A-C 0.9302260675411667 0.9302260675411667 0.9302260675411667 0.9302260675411667 0.9302260675411667 0.9302260675411667 0.9302260675411667 0.9302260675411667 0.9302260675411667 0.9302260675411667 0.9302260675411667 0.9302260675411667 0.9302260675411667 0.00010809642200837466 0.9302260675411667 0.9302260675411667 0.9302260675411667 0.9302260675411667 0.9302260675411667 0.9302260675411667 0.9302260675411667 0.9302260675411667 0.9302260675411667 0.00010809642200837466
5-137911710-A-C 0.00010809642200837466 0.00010809642200837466 0.00010809642200837466 0.00010809642200837466 0.00010809642200837466 0.00010809642200837466 0.00010809642200837466 0.00010809642200837466 0.00010809642200837466 0.00010809642200837466 0.00010809642200837466 0.9302260675411667 0.00010809642200837466 0.00010809642200837466 0.00010809642200837466 0.00010809642200837466 0.00010809642200837466 0.00010809642200837466 0.00010809642200837466 0.00010809642200837466 0.00010809642200837466 0.00010809642200837466 0.00010809642200837466 0.9302260675411667
9-98925322-C-T 0.00010809642200837466 0.9302260675411667 0.9302260675411667 0.9302260675411667 0.9302260675411667 0.9302260675411667 0.9302260675411667 0.9302260675411667 0.9302260675411667 0.9302260675411667 0.9302260675411667 0.9302260675411667 0.00010809642200837466 0.9302260675411667 0.9302260675411667 0.9302260675411667 0.9302260675411667 0.9302260675411667 0.9302260675411667 0.9302260675411667 0.9302260675411667 0.9302260675411667 0.9302260675411667 0.9302260675411667
6-114921086-C-T 0.9302260675411667 0.9302260675411667 0.9302260675411667 0.9302260675411667 0.9302260675411667 0.9302260675411667 0.9302260675411667 0.9302260675411667 0.9302260675411667 0.9302260675411667 0.9302260675411667 0.9302260675411667 0.9302260675411667 0.00010809642200837466 0.9302260675411667 0.9302260675411667 0.9302260675411667 0.9302260675411667 0.9302260675411667 0.9302260675411667 0.9302260675411667 0.9302260675411667 0.9302260675411667 0.00010809642200837466
8-87904651-A-C 0.9302260675411667 0.9302260675411667 0.9302260675411667 0.00010809642200837466 0.9302260675411667 0.9302260675411667 0.9302260675411667 0.9302260675411667 0.9302260675411667 0.9302260675411667 0.9302260675411667 0.9302260675411667 0.9302260675411667 0.9302260675411667 0.9302260675411667 0.9302260675411667 0.00010809642200837466 0.9302260675411667 0.9302260675411667 0.00010809642200837466 0.9302260675411667 0.9302260675411667 0.9302260675411667 0.9302260675411667
14-51988976-C-A 0.9302260675411667 0.00010809642200837466 0.9302260675411667 0.9302260675411667 0.9302260675411667 0.9302260675411667 0.00010809642200837466 0.9302260675411667 0.9302260675411667 0.9302260675411667 0.9302260675411667 0.9302260675411667 0.9302260675411667 0.9302260675411667 0.9302260675411667 0.9302260675411667 0.9302260675411667 0.9302260675411667 0.9302260675411667 0.9302260675411667 0.9302260675411667 0.9302260675411667 0.9302260675411667 0.9302260675411667
9-104041112-G-A 0.00010809642200837466 0.00010809642200837466 0.00010809642200837466 0.9302260675411667 0.00010809642200837466 0.00010809642200837466 0.00010809642200837466 0.00010809642200837466 0.00010809642200837466 0.00010809642200837466 0.00010809642200837466 0.00010809642200837466 0.00010809642200837466 0.00010809642200837466 0.00010809642200837466 0.00010809642200837466 0.00010809642200837466 0.00010809642200837466 0.00010809642200837466 0.00010809642200837466 0.00010809642200837466 0.00010809642200837466 0.9302260675411667 0.00010809642200837466
14-67676793-C-T 0.00010809642200837466 0.00010809642200837466 0.00010809642200837466 0.00010809642200837466 0.00010809642200837466 0.00010809642200837466 0.00010809642200837466 0.00010809642200837466 0.00010809642200837466 0.00010809642200837466 0.9302260675411667 0.00010809642200837466 0.00010809642200837466 0.00010809642200837466 0.00010809642200837466 0.00010809642200837466 0.00010809642200837466 0.9302260675411667 0.00010809642200837466 0.00010809642200837466 0.00010809642200837466 0.00010809642200837466 0.00010809642200837466 0.00010809642200837466
8-13090886-T-G 0.9302260675411667 0.9302260675411667 0.9302260675411667 0.00010809642200837466 0.9302260675411667 0.9302260675411667 0.9302260675411667 0.9302260675411667 0.9302260675411667 0.9302260675411667 0.9302260675411667 0.9302260675411667 0.9302260675411667 0.9302260675411667 0.9302260675411667 0.9302260675411667 0.00010809642200837466 0.9302260675411667 0.9302260675411667 0.00010809642200837466 0.9302260675411667 0.9302260675411667 0.9302260675411667 0.9302260675411667
15-99631071-T-A 0.9302260675411667 0.00010809642200837466 0.9302260675411667 0.9302260675411667 0.9302260675411667 0.9302260675411667 0.00010809642200837466 0.9302260675411667 0.9302260675411667 0.9302260675411667 0.9302260675411667 0.9302260675411667 0.9302260675411667 0.9302260675411667 0.9302260675411667 0.9302260675411667 0.9302260675411667 0.9302260675411667 0.9302260675411667 0.9302260675411667 0.9302260675411667 0.9302260675411667 0.9302260675411667 0.9302260675411667
10-59896419-G-C 0.9302260675411667 0.00010809642200837466 0.9302260675411667 0.9302260675411667 0.9302260675411667 0.9302260675411667 0.00010809642200837466 0.9302260675411667 0.9302260675411667 0.9302260675411667 0.9302260675411667 0.9302260675411667 0.9302260675411667 0.9302260675411667 0.9302260675411667 0.9302260675411667 0.9302260675411667 0.9302260675411667 0.9302260675411667 0.9302260675411667 0.9302260675411667 0.9302260675411667 0.9302260675411667 0.9302260675411667
11-84152783-T-C 0.9302260675411667 0.9302260675411667 0.9302260675411667 0.9302260675411667 0.9302260675411667 0.9302260675411667 0.9302260675411667 0.9302260675411667 0.9302260675411667 0.9302260675411667 0.9302260675411667 0.00010809642200837466 0.9302260675411667 0.9302260675411667 0.9302260675411667 0.9302260675411667 0.9302260675411667 0.9302260675411667 0.9302260675411667 0.9302260675411667 0.00010809642200837466 0.9302260675411667 0.9302260675411667 0.9302260675411667
12-55060931-G-C 0.9302260675411667 0.00010809642200837466 0.9302260675411667 0.9302260675411667 0.00010809642200837466 0.9302260675411667 0.9302260675411667 0.00010809642200837466 0.9302260675411667 0.00010809642200837466 0.9302260675411667 0.9302260675411667 0.9302260675411667 0.9302260675411667 0.9302260675411667 0.9302260675411667 0.9302260675411667 0.9302260675411667 0.9302260675411667 0.9302260675411667 0.9302260675411667 0.9302260675411667 0.9302260675411667 0.9302260675411667
12-105202624-A-T 0.9302260675411667 0.00010809642200837466 0.9302260675411667 0.9302260675411667 0.9302260675411667 0.9302260675411667 0.00010809642200837466 0.00010809642200837466 0.9302260675411667 0.00010809642200837466 0.9302260675411667 0.9302260675411667 0.9302260675411667 0.9302260675411667 0.9302260675411667 0.9302260675411667 0.9302260675411667 0.9302260675411667 0.9302260675411667 0.9302260675411667 0.9302260675411667 0.9302260675411667 0.9302260675411667 0.9302260675411667
9-114709320-T-A 0.00010809642200837466 0.9302260675411667 0.9302260675411667 0.9302260675411667 0.9302260675411667 0.00010809642200837466 0.9302260675411667 0.9302260675411667 0.9302260675411667 0.9302260675411667 0.9302260675411667 0.9302260675411667 0.00010809642200837466 0.9302260675411667 0.00010809642200837466 0.9302260675411667 0.9302260675411667 0.9302260675411667 0.9302260675411667 0.9302260675411667 0.9302260675411667 0.9302260675411667 0.00010809642200837466 0.9302260675411667
7-95960268-A-T 0.9302260675411667 0.9302260675411667 0.9302260675411667 0.9302260675411667 0.9302260675411667 0.9302260675411667 0.9302260675411667 0.9302260675411667 0.9302260675411667 0.9302260675411667 0.9302260675411667 0.00010809642200837466 0.9302260675411667 0.9302260675411667 0.9302260675411667 0.9302260675411667 0.9302260675411667 0.9302260675411667 0.00010809642200837466 0.9302260675411667 0.00010809642200837466 0.00010809642200837466 0.9302260675411667 0.9302260675411667
12-31304842-A-T 0.00010809642200837466 0.9302260675411667 0.9302260675411667 0.9302260675411667 0.9302260675411667 0.00010809642200837466 0.9302260675411667 0.9302260675411667 0.00010809642200837466 0.9302260675411667 0.00010809642200837466 0.9302260675411667 0.00010809642200837466 0.9302260675411667 0.00010809642200837466 0.9302260675411667 0.9302260675411667 0.00010809642200837466 0.9302260675411667 0.9302260675411667 0.9302260675411667 0.9302260675411667 0.00010809642200837466 0.9302260675411667
5-120735136-C-T 0.00010809642200837466 0.9302260675411667 0.9302260675411667 0.9302260675411667 0.9302260675411667 0.9302260675411667 0.9302260675411667 0.9302260675411667 0.9302260675411667 0.9302260675411667 0.9302260675411667 0.9302260675411667 0.00010809642200837466 0.9302260675411667 0.9302260675411667 0.9302260675411667 0.9302260675411667 0.9302260675411667 0.9302260675411667 0.9302260675411667 0.9302260675411667 0.9302260675411667 0.9302260675411667 0.9302260675411667
18-22521893-A-T 0.00010809642200837466 0.9302260675411667 0.9302260675411667 0.9302260675411667 0.9302260675411667 0.00010809642200837466 0.9302260675411667 0.9302260675411667 0.9302260675411667 0.9302260675411667 0.9302260675411667 0.9302260675411667 0.00010809642200837466 0.9302260675411667 0.00010809642200837466 0.9302260675411667 0.9302260675411667 0.9302260675411667 0.9302260675411667 0.9302260675411667 0.9302260675411667 0.9302260675411667 0.9302260675411667 0.9302260675411667
2-54732913-G-A 0.00010809642200837466 0.00010809642200837466 0.00010809642200837466 0.00010809642200837466 0.00010809642200837466 0.00010809642200837466 0.00010809642200837466 0.00010809642200837466 0.00010809642200837466 0.00010809642200837466 0.00010809642200837466 0.9302260675411667 0.00010809642200837466 0.00010809642200837466 0.00010809642200837466 0.00010809642200837466 0.00010809642200837466 0.00010809642200837466 0.00010809642200837466 0.00010809642200837466 0.00010809642200837466 0.00010809642200837466 0.00010809642200837466 0.00010809642200837466
4-42872159-A-T 0.9302260675411667 0.00010809642200837466 0.9302260675411667 0.9302260675411667 0.9302260675411667 0.9302260675411667 0.00010809642200837466 0.9302260675411667 0.9302260675411667 0.9302260675411667 0.9302260675411667 0.9302260675411667 0.9302260675411667 0.9302260675411667 0.9302260675411667 0.9302260675411667 0.9302260675411667 0.9302260675411667 0.9302260675411667 0.9302260675411667 0.9302260675411667 0.9302260675411667 0.9302260675411667 0.9302260675411667
19-16335001-A-T 0.00010809642200837466 0.00010809642200837466 0.00010809642200837466 0.00010809642200837466 0.00010809642200837466 0.00010809642200837466 0.00010809642200837466 0.00010809642200837466 0.00010809642200837466 0.00010809642200837466 0.00010809642200837466 0.00010809642200837466 0.00010809642200837466 0.00010809642200837466 0.00010809642200837466 0.00010809642200837466 0.00010809642200837466 0.9302260675411667 0.00010809642200837466 0.00010809642200837466 0.00010809642200837466 0.00010809642200837466 0.00010809642200837466 0.00010809642200837466
13-23557264-T-A 0.00010809642200837466 0.9302260675411667 0.9302260675411667 0.9302260675411667 0.9302260675411667 0.9302260675411667 0.9302260675411667 0.9302260675411667 0.9302260675411667 0.9302260675411667 0.9302260675411667 0.9302260675411667 0.00010809642200837466 0.9302260675411667 0.9302260675411667 0.9302260675411667 0.9302260675411667 0.9302260675411667 0.9302260675411667 0.9302260675411667 0.9302260675411667 0.9302260675411667 0.9302260675411667 0.9302260675411667
13-56627880-C-G 0.9302260675411667 0.9302260675411667 0.9302260675411667 0.9302260675411667 0.9302260675411667 0.9302260675411667 0.9302260675411667 0.9302260675411667 0.00010809642200837466 0.9302260675411667 0.00010809642200837466 0.9302260675411667 0.9302260675411667 0.9302260675411667 0.9302260675411667 0.9302260675411667 0.9302260675411667 0.9302260675411667 0.9302260675411667 0.9302260675411667 0.9302260675411667 0.9302260675411667 0.9302260675411667 0.9302260675411667
5-136134446-C-G 0.00010809642200837466 0.00010809642200837466 0.00010809642200837466 0.00010809642200837466 0.00010809642200837466 0.00010809642200837466 0.00010809642200837466 0.00010809642200837466 0.00010809642200837466 0.00010809642200837466 0.00010809642200837466 0.9302260675411667 0.00010809642200837466 0.00010809642200837466 0.00010809642200837466 0.00010809642200837466 0.00010809642200837466 0.00010809642200837466 0.00010809642200837466 0.00010809642200837466 0.00010809642200837466 0.00010809642200837466 0.00010809642200837466 0.00010809642200837466
19-3478375-A-G 0.9302260675411667 0.00010809642200837466 0.9302260675411667 0.9302260675411667 0.9302260675411667 0.9302260675411667 0.00010809642200837466 0.9302260675411667 0.9302260675411667 0.9302260675411667 0.9302260675411667 0.9302260675411667 0.9302260675411667 0.9302260675411667 0.9302260675411667 0.9302260675411667 0.9302260675411667 0.9302260675411667 0.9302260675411667 0.9302260675411667 0.9302260675411667 0.9302260675411667 0.9302260675411667 0.9302260675411667
6-123649146-A-C 0.00010809642200837466 0.9302260675411667 0.9302260675411667 0.9302260675411667 0.9302260675411667 0.00010809642200837466 0.9302260675411667 0.9302260675411667 0.9302260675411667 0.9302260675411667 0.9302260675411667 0.9302260675411667 0.00010809642200837466 0.9302260675411667 0.9302260675411667 0.9302260675411667 0.9302260675411667 0.9302260675411667 0.9302260675411667 0.9302260675411667 0.9302260675411667 0.9302260675411667 0.9302260675411667 0.9302260675411667
9-107978470-C-A 0.00010809642200837466 0.9302260675411667 0.9302260675411667 0.9302260675411667 0.9302260675411667 0.00010809642200837466 0.9302260675411667 0.9302260675411667 0.9302260675411667 0.9302260675411667 0.9302260675411667 0.9302260675411667 0.00010809642200837466 0.9302260675411667 0.9302260675411667 0.9302260675411667 0.9302260675411667 0.9302260675411667 0.9302260675411667 0.9302260675411667 0.9302260675411667 0.9302260675411667 0.9302260675411667 0.9302260675411667
6-115642527-A-G 0.00010809642200837466 0.9302260675411667 0.9302260675411667 0.00010809642200837466 0.00010809642200837466 0.00010809642200837466 0.00010809642200837466 0.00010809642200837466 0.9302260675411667 0.00010809642200837466 0.00010809642200837466 0.00010809642200837466 0.00010809642200837466 0.00010809642200837466 0.9302260675411667 0.00010809642200837466 0.00010809642200837466 0.00010809642200837466 0.00010809642200837466 0.00010809642200837466 0.00010809642200837466 0.00010809642200837466 0.00010809642200837466 0.00010809642200837466
16-45427871-C-G 0.9302260675411667 0.9302260675411667 0.9302260675411667 0.9302260675411667 0.9302260675411667 0.9302260675411667 0.9302260675411667 0.9302260675411667 0.00010809642200837466 0.9302260675411667 0.00010809642200837466 0.9302260675411667 0.9302260675411667 0.9302260675411667 0.9302260675411667 0.9302260675411667 0.9302260675411667 0.9302260675411667 0.9302260675411667 0.9302260675411667 0.9302260675411667 0.9302260675411667 0.9302260675411667 0.9302260675411667
13-49521194-A-G 0.9302260675411667 0.9302260675411667 0.9302260675411667 0.00010809642200837466 0.9302260675411667 0.9302260675411667 0.9302260675411667 0.9302260675411667 0.9302260675411667 0.9302260675411667 0.9302260675411667 0.9302260675411667 0.9302260675411667 0.9302260675411667 0.9302260675411667 0.9302260675411667 0.00010809642200837466 0.9302260675411667 0.9302260675411667 0.00010809642200837466 0.9302260675411667 0.9302260675411667 0.9302260675411667 0.9302260675411667
2-70750633-C-T 0.9302260675411667 0.00010809642200837466 0.9302260675411667 0.9302260675411667 0.9302260675411667 0.9302260675411667 0.00010809642200837466 0.9302260675411667 0.9302260675411667 0.9302260675411667 0.9302260675411667 0.9302260675411667 0.9302260675411667 0.9302260675411667 0.9302260675411667 0.9302260675411667 0.9302260675411667 0.9302260675411667 0.9302260675411667 0.9302260675411667 0.9302260675411667 0.9302260675411667 0.9302260675411667 0.9302260675411667
15-76247923-A-G 0.9302260675411667 0.9302260675411667 0.9302260675411667 0.9302260675411667 0.9302260675411667 0.9302260675411667 0.9302260675411667 0.9302260675411667 0.9302260675411667 0.9302260675411667 0.9302260675411667 0.00010809642200837466 0.9302260675411667 0.9302260675411667 0.9302260675411667 0.9302260675411667 0.9302260675411667 0.9302260675411667 0.9302260675411667 0.9302260675411667 0.00010809642200837466 0.9302260675411667 0.9302260675411667 0.9302260675411667
15-102484040-T-A 0.9302260675411667 0.9302260675411667 0.9302260675411667 0.00010809642200837466 0.9302260675411667 0.9302260675411667 0.9302260675411667 0.9302260675411667 0.9302260675411667 0.9302260675411667 0.9302260675411667 0.9302260675411667 0.9302260675411667 0.9302260675411667 0.9302260675411667 0.9302260675411667 0.00010809642200837466 0.9302260675411667 0.9302260675411667 0.00010809642200837466 0.9302260675411667 0.9302260675411667 0.9302260675411667 0.9302260675411667
14-47250745-A-G 0.9302260675411667 0.9302260675411667 0.9302260675411667 0.9302260675411667 0.9302260675411667 0.9302260675411667 0.9302260675411667 0.9302260675411667 0.00010809642200837466 0.9302260675411667 0.00010809642200837466 0.9302260675411667 0.9302260675411667 0.9302260675411667 0.9302260675411667 0.9302260675411667 0.9302260675411667 0.9302260675411667 0.9302260675411667 0.9302260675411667 0.9302260675411667 0.9302260675411667 0.9302260675411667 0.9302260675411667
1-190161499-G-A 0.9302260675411667 0.9302260675411667 0.9302260675411667 0.9302260675411667 0.9302260675411667 0.9302260675411667 0.9302260675411667 0.9302260675411667 0.00010809642200837466 0.9302260675411667 0.00010809642200837466 0.9302260675411667 0.9302260675411667 0.9302260675411667 0.9302260675411667 0.9302260675411667 0.9302260675411667 0.9302260675411667 0.9302260675411667 0.9302260675411667 0.9302260675411667 0.9302260675411667 0.9302260675411667 0.9302260675411667
6-149362921-A-C 0.9302260675411667 0.9302260675411667 0.9302260675411667 0.9302260675411667 0.9302260675411667 0.9302260675411667 0.9302260675411667 0.9302260675411667 0.00010809642200837466 0.9302260675411667 0.00010809642200837466 0.9302260675411667 0.9302260675411667 0.9302260675411667 0.9302260675411667 0.9302260675411667 0.9302260675411667 0.9302260675411667 0.9302260675411667 0.9302260675411667 0.9302260675411667 0.9302260675411667 0.9302260675411667 0.9302260675411667
18-90312097-A-C 0.9302260675411667 0.00010809642200837466 0.9302260675411667 0.9302260675411667 0.9302260675411667 0.9302260675411667 0.00010809642200837466 0.9302260675411667 0.9302260675411667 0.9302260675411667 0.9302260675411667 0.9302260675411667 0.9302260675411667 0.9302260675411667 0.9302260675411667 0.9302260675411667 0.9302260675411667 0.9302260675411667 0.9302260675411667 0.9302260675411667 0.9302260675411667 0.9302260675411667 0.9302260675411667 0.9302260675411667
1-21229667-T-A 0.9302260675411667 0.9302260675411667 0.9302260675411667 0.00010809642200837466 0.9302260675411667 0.9302260675411667 0.9302260675411667 0.9302260675411667 0.9302260675411667 0.9302260675411667 0.9302260675411667 0.9302260675411667 0.9302260675411667 0.9302260675411667 0.9302260675411667 0.9302260675411667 0.00010809642200837466 0.9302260675411667 0.9302260675411667 0.00010809642200837466 0.9302260675411667 0.9302260675411667 0.9302260675411667 0.9302260675411667
9-106121504-C-T 0.9302260675411667 0.9302260675411667 0.9302260675411667 0.9302260675411667 0.9302260675411667 0.9302260675411667 0.9302260675411667 0.9302260675411667 0.9302260675411667 0.9302260675411667 0.9302260675411667 0.9302260675411667 0.9302260675411667 0.00010809642200837466 0.9302260675411667 0.9302260675411667 0.9302260675411667 0.9302260675411667 0.9302260675411667 0.9302260675411667 0.9302260675411667 0.9302260675411667 0.9302260675411667 0.00010809642200837466
6-122991565-A-T 0.9302260675411667 0.9302260675411667 0.9302260675411667 0.9302260675411667 0.9302260675411667 0.9302260675411667 0.9302260675411667 0.9302260675411667 0.00010809642200837466 0.9302260675411667 0.00010809642200837466 0.9302260675411667 0.9302260675411667 0.9302260675411667 0.9302260675411667 0.9302260675411667 0.9302260675411667 0.9302260675411667 0.9302260675411667 0.9302260675411667 0.9302260675411667 0.9302260675411667 0.9302260675411667 0.9302260675411667
2-125320857-A-G 0.00010809642200837466 0.00010809642200837466 0.00010809642200837466 0.00010809642200837466 0.00010809642200837466 0.00010809642200837466 0.00010809642200837466 0.00010809642200837466 0.00010809642200837466 0.00010809642200837466 0.00010809642200837466 0.9302260675411667 0.00010809642200837466 0.00010809642200837466 0.00010809642200837466 0.00010809642200837466 0.00010809642200837466 0.00010809642200837466 0.00010809642200837466 0.00010809642200837466 0.00010809642200837466 0.00010809642200837466 0.00010809642200837466 0.00010809642200837466
7-104154313-A-T 0.9302260675411667 0.9302260675411667 0.9302260675411667 0.9302260675411667 0.9302260675411667 0.9302260675411667 0.9302260675411667 0.9302260675411667 0.00010809642200837466 0.9302260675411667 0.00010809642200837466 0.9302260675411667 0.9302260675411667 0.9302260675411667 0.9302260675411667 0.9302260675411667 0.9302260675411667 0.9302260675411667 0.9302260675411667 0.9302260675411667 0.9302260675411667 0.9302260675411667 0.9302260675411667 0.9302260675411667
5-25848448-G-C 0.9302260675411667 0.9302260675411667 0.9302260675411667 0.00010809642200837466 0.9302260675411667 0.9302260675411667 0.9302260675411667 0.9302260675411667 0.9302260675411667 0.9302260675411667 0.9302260675411667 0.9302260675411667 0.9302260675411667 0.9302260675411667 0.9302260675411667 0.9302260675411667 0.00010809642200837466 0.9302260675411667 0.9302260675411667 0.00010809642200837466 0.9302260675411667 0.9302260675411667 0.9302260675411667 0.9302260675411667
6-88100660-A-T 0.00010809642200837466 0.9302260675411667 0.9302260675411667 0.9302260675411667 0.9302260675411667 0.00010809642200837466 0.9302260675411667 0.9302260675411667 0.9302260675411667 0.9302260675411667 0.9302260675411667 0.9302260675411667 0.00010809642200837466 0.9302260675411667 0.9302260675411667 0.9302260675411667 0.9302260675411667 0.9302260675411667 0.9302260675411667 0.9302260675411667 0.9302260675411667 0.9302260675411667 0.9302260675411667 0.9302260675411667
11-36024605-T-C 0.9302260675411667 0.9302260675411667 0.9302260675411667 0.9302260675411667 0.9302260675411667 0.9302260675411667 0.9302260675411667 0.9302260675411667 0.9302260675411667 0.9302260675411667 0.9302260675411667 0.00010809642200837466 0.9302260675411667 0.9302260675411667 0.9302260675411667 0.9302260675411667 0.9302260675411667 0.9302260675411667 0.9302260675411667 0.9302260675411667 0.00010809642200837466 0.9302260675411667 0.9302260675411667 0.9302260675411667
16-48582403-T-A 0.9302260675411667 0.9302260675411667 0.9302260675411667 0.9302260675411667 0.9302260675411667 0.9302260675411667 0.9302260675411667 0.9302260675411667 0.9302260675411667 0.9302260675411667 0.9302260675411667 0.00010809642200837466 0.9302260675411667 0.9302260675411667 0.9302260675411667 0.9302260675411667 0.9302260675411667 0.9302260675411667 0.00010809642200837466 0.9302260675411667 0.00010809642200837466 0.00010809642200837466 0.9302260675411667 0.9302260675411667
4-63133518-C-T 0.9302260675411667 0.00010809642200837466 0.9302260675411667 0.9302260675411667 0.9302260675411667 0.9302260675411667 0.00010809642200837466 0.00010809642200837466 0.9302260675411667 0.00010809642200837466 0.9302260675411667 0.9302260675411667 0.9302260675411667 0.9302260675411667 0.9302260675411667 0.9302260675411667 0.9302260675411667 0.9302260675411667 0.9302260675411667 0.9302260675411667 0.9302260675411667 0.9302260675411667 0.9302260675411667 0.9302260675411667
11-58392727-T-G 0.00010809642200837466 0.9302260675411667 0.9302260675411667 0.9302260675411667 0.9302260675411667 0.00010809642200837466 0.9302260675411667 0.9302260675411667 0.00010809642200837466 0.9302260675411667 0.00010809642200837466 0.9302260675411667 0.00010809642200837466 0.9302260675411667 0.00010809642200837466 0.9302260675411667 0.9302260675411667 0.00010809642200837466 0.9302260675411667 0.9302260675411667 0.9302260675411667 0.9302260675411667 0.00010809642200837466 0.9302260675411667
10-75439995-A-C 0.9302260675411667 0.9302260675411667 0.9302260675411667 0.9302260675411667 0.9302260675411667 0.9302260675411667 0.9302260675411667 0.9302260675411667 0.9302260675411667 0.9302260675411667 0.9302260675411667 0.00010809642200837466 0.9302260675411667 0.9302260675411667 0.9302260675411667 0.9302260675411667 0.9302260675411667 0.9302260675411667 0.9302260675411667 0.9302260675411667 0.00010809642200837466 0.9302260675411667 0.9302260675411667 0.9302260675411667
4-118480518-T-A 0.00010809642200837466 0.9302260675411667 0.9302260675411667 0.9302260675411667 0.9302260675411667 0.00010809642200837466 0.9302260675411667 0.9302260675411667 0.9302260675411667 0.9302260675411667 0.9302260675411667 0.9302260675411667 0.00010809642200837466 0.9302260675411667 0.00010809642200837466 0.9302260675411667 0.9302260675411667 0.9302260675411667 0.9302260675411667 0.9302260675411667 0.9302260675411667 0.9302260675411667 0.9302260675411667 0.9302260675411667
10-82150511-T-A 0.00010809642200837466 0.9302260675411667 0.9302260675411667 0.9302260675411667 0.9302260675411667 0.9302260675411667 0.9302260675411667 0.9302260675411667 0.9302260675411667 0.9302260675411667 0.9302260675411667 0.9302260675411667 0.00010809642200837466 0.9302260675411667 0.9302260675411667 0.9302260675411667 0.9302260675411667 0.9302260675411667 0.9302260675411667 0.9302260675411667 0.9302260675411667 0.9302260675411667 0.9302260675411667 0.9302260675411667
15-97700943-G-A 0.9302260675411667 0.00010809642200837466 0.9302260675411667 0.9302260675411667 0.9302260675411667 0.9302260675411667 0.00010809642200837466 0.9302260675411667 0.9302260675411667 0.9302260675411667 0.9302260675411667 0.9302260675411667 0.9302260675411667 0.9302260675411667 0.9302260675411667 0.9302260675411667 0.9302260675411667 0.9302260675411667 0.9302260675411667 0.9302260675411667 0.9302260675411667 0.9302260675411667 0.9302260675411667 0.9302260675411667
17-14681193-A-G 0.9302260675411667 0.9302260675411667 0.9302260675411667 0.9302260675411667 0.9302260675411667 0.9302260675411667 0.9302260675411667 0.9302260675411667 0.00010809642200837466 0.9302260675411667 0.00010809642200837466 0.9302260675411667 0.9302260675411667 0.9302260675411667 0.9302260675411667 0.9302260675411667 0.9302260675411667 0.9302260675411667 0.9302260675411667 0.9302260675411667 0.9302260675411667 0.9302260675411667 0.9302260675411667 0.9302260675411667
7-51953303-T-A 0.00010809642200837466 0.9302260675411667 0.9302260675411667 0.9302260675411667 0.9302260675411667 0.00010809642200837466 0.9302260675411667 0.9302260675411667 0.9302260675411667 0.9302260675411667 0.9302260675411667 0.9302260675411667 0.00010809642200837466 0.9302260675411667 0.9302260675411667 0.9302260675411667 0.9302260675411667 0.9302260675411667 0.9302260675411667 0.9302260675411667 0.9302260675411667 0.9302260675411667 0.9302260675411667 0.9302260675411667
2-70750633-C-T 0.9302260675411667 0.00010809642200837466 0.9302260675411667 0.9302260675411667 0.9302260675411667 0.9302260675411667 0.00010809642200837466 0.9302260675411667 0.9302260675411667 0.9302260675411667 0.9302260675411667 0.9302260675411667 0.9302260675411667 0.9302260675411667 0.9302260675411667 0.9302260675411667 0.9302260675411667 0.9302260675411667 0.9302260675411667 0.9302260675411667 0.9302260675411667 0.9302260675411667 0.9302260675411667 0.9302260675411667
6-58655702-A-G 0.9302260675411667 0.9302260675411667 0.9302260675411667 0.9302260675411667 0.9302260675411667 0.9302260675411667 0.9302260675411667 0.9302260675411667 0.00010809642200837466 0.9302260675411667 0.00010809642200837466 0.9302260675411667 0.9302260675411667 0.9302260675411667 0.9302260675411667 0.9302260675411667 0.9302260675411667 0.9302260675411667 0.9302260675411667 0.9302260675411667 0.9302260675411667 0.9302260675411667 0.9302260675411667 0.9302260675411667
14-53101703-T-C 0.00010809642200837466 0.9302260675411667 0.9302260675411667 0.9302260675411667 0.9302260675411667 0.00010809642200837466 0.9302260675411667 0.9302260675411667 0.9302260675411667 0.9302260675411667 0.9302260675411667 0.9302260675411667 0.00010809642200837466 0.9302260675411667 0.00010809642200837466 0.9302260675411667 0.9302260675411667 0.9302260675411667 0.9302260675411667 0.9302260675411667 0.9302260675411667 0.9302260675411667 0.9302260675411667 0.9302260675411667
3-98877241-G-A 0.9302260675411667 0.9302260675411667 0.9302260675411667 0.9302260675411667 0.9302260675411667 0.9302260675411667 0.9302260675411667 0.9302260675411667 0.00010809642200837466 0.9302260675411667 0.00010809642200837466 0.9302260675411667 0.9302260675411667 0.9302260675411667 0.9302260675411667 0.9302260675411667 0.9302260675411667 0.9302260675411667 0.9302260675411667 0.9302260675411667 0.9302260675411667 0.9302260675411667 0.9302260675411667 0.9302260675411667
10-40005864-G-C 0.00010809642200837466 0.00010809642200837466 0.00010809642200837466 0.00010809642200837466 0.00010809642200837466 0.00010809642200837466 0.00010809642200837466 0.00010809642200837466 0.9302260675411667 0.00010809642200837466 0.00010809642200837466 0.00010809642200837466 0.00010809642200837466 0.9302260675411667 0.00010809642200837466 0.00010809642200837466 0.9302260675411667 0.00010809642200837466 0.00010809642200837466 0.00010809642200837466 0.00010809642200837466 0.00010809642200837466 0.00010809642200837466 0.00010809642200837466
17-88985124-A-C 0.9302260675411667 0.9302260675411667 0.9302260675411667 0.9302260675411667 0.9302260675411667 0.9302260675411667 0.9302260675411667 0.9302260675411667 0.00010809642200837466 0.9302260675411667 0.00010809642200837466 0.9302260675411667 0.9302260675411667 0.9302260675411667 0.9302260675411667 0.9302260675411667 0.9302260675411667 0.9302260675411667 0.9302260675411667 0.9302260675411667 0.9302260675411667 0.9302260675411667 0.9302260675411667 0.9302260675411667
13-68713150-A-T 0.00010809642200837466 0.9302260675411667 0.9302260675411667 0.9302260675411667 0.9302260675411667 0.9302260675411667 0.9302260675411667 0.9302260675411667 0.9302260675411667 0.9302260675411667 0.9302260675411667 0.9302260675411667 0.00010809642200837466 0.9302260675411667 0.9302260675411667 0.9302260675411667 0.9302260675411667 0.9302260675411667 0.9302260675411667 0.9302260675411667 0.9302260675411667 0.9302260675411667 0.9302260675411667 0.9302260675411667
3-94773078-A-T 0.9302260675411667 0.9302260675411667 0.9302260675411667 0.9302260675411667 0.9302260675411667 0.9302260675411667 0.9302260675411667 0.9302260675411667 0.00010809642200837466 0.9302260675411667 0.00010809642200837466 0.9302260675411667 0.9302260675411667 0.9302260675411667 0.9302260675411667 0.9302260675411667 0.9302260675411667 0.9302260675411667 0.9302260675411667 0.9302260675411667 0.9302260675411667 0.9302260675411667 0.9302260675411667 0.9302260675411667
2-66107090-A-G 0.9302260675411667 0.00010809642200837466 0.9302260675411667 0.9302260675411667 0.9302260675411667 0.9302260675411667 0.00010809642200837466 0.00010809642200837466 0.9302260675411667 0.00010809642200837466 0.9302260675411667 0.9302260675411667 0.9302260675411667 0.9302260675411667 0.9302260675411667 0.9302260675411667 0.9302260675411667 0.9302260675411667 0.9302260675411667 0.9302260675411667 0.9302260675411667 0.9302260675411667 0.9302260675411667 0.9302260675411667
15-97700943-G-A 0.9302260675411667 0.00010809642200837466 0.9302260675411667 0.9302260675411667 0.9302260675411667 0.9302260675411667 0.00010809642200837466 0.9302260675411667 0.9302260675411667 0.9302260675411667 0.9302260675411667 0.9302260675411667 0.9302260675411667 0.9302260675411667 0.9302260675411667 0.9302260675411667 0.9302260675411667 0.9302260675411667 0.9302260675411667 0.9302260675411667 0.9302260675411667 0.9302260675411667 0.9302260675411667 0.9302260675411667
15-35378911-T-A 0.9302260675411667 0.9302260675411667 0.9302260675411667 0.9302260675411667 0.9302260675411667 0.9302260675411667 0.9302260675411667 0.9302260675411667 0.9302260675411667 0.9302260675411667 0.9302260675411667 0.00010809642200837466 0.9302260675411667 0.9302260675411667 0.9302260675411667 0.9302260675411667 0.9302260675411667 0.9302260675411667 0.9302260675411667 0.9302260675411667 0.00010809642200837466 0.9302260675411667 0.9302260675411667 0.9302260675411667
4-3574850-C-T 0.9302260675411667 0.9302260675411667 0.9302260675411667 0.9302260675411667 0.9302260675411667 0.9302260675411667 0.9302260675411667 0.9302260675411667 0.00010809642200837466 0.9302260675411667 0.00010809642200837466 0.9302260675411667 0.9302260675411667 0.9302260675411667 0.9302260675411667 0.9302260675411667 0.9302260675411667 0.9302260675411667 0.9302260675411667 0.9302260675411667 0.9302260675411667 0.9302260675411667 0.9302260675411667 0.9302260675411667
6-136401550-G-A 0.9302260675411667 0.00010809642200837466 0.00010809642200837466 0.00010809642200837466 0.00010809642200837466 0.9302260675411667 0.00010809642200837466 0.00010809642200837466 0.00010809642200837466 0.00010809642200837466 0.00010809642200837466 0.00010809642200837466 0.9302260675411667 0.00010809642200837466 0.9302260675411667 0.00010809642200837466 0.00010809642200837466 0.00010809642200837466 0.00010809642200837466 0.00010809642200837466 0.00010809642200837466 0.00010809642200837466 0.00010809642200837466 0.00010809642200837466
9-49505360-A-G 0.9302260675411667 0.9302260675411667 0.9302260675411667 0.9302260675411667 0.9302260675411667 0.9302260675411667 0.9302260675411667 0.9302260675411667 0.00010809642200837466 0.00010809642200837466 0.00010809642200837466 0.9302260675411667 0.9302260675411667 0.9302260675411667 0.9302260675411667 0.9302260675411667 0.9302260675411667 0.9302260675411667 0.9302260675411667 0.9302260675411667 0.9302260675411667 0.9302260675411667 0.9302260675411667 0.9302260675411667
17-32674342-A-G 0.9302260675411667 0.9302260675411667 0.9302260675411667 0.9302260675411667 0.9302260675411667 0.9302260675411667 0.9302260675411667 0.9302260675411667 0.00010809642200837466 0.9302260675411667 0.00010809642200837466 0.9302260675411667 0.9302260675411667 0.9302260675411667 0.9302260675411667 0.9302260675411667 0.9302260675411667 0.9302260675411667 0.9302260675411667 0.9302260675411667 0.9302260675411667 0.9302260675411667 0.9302260675411667 0.9302260675411667
8-66473700-A-T 0.00010809642200837466 0.9302260675411667 0.9302260675411667 0.9302260675411667 0.9302260675411667 0.00010809642200837466 0.9302260675411667 0.9302260675411667 0.00010809642200837466 0.9302260675411667 0.00010809642200837466 0.9302260675411667 0.00010809642200837466 0.9302260675411667 0.00010809642200837466 0.9302260675411667 0.9302260675411667 0.9302260675411667 0.9302260675411667 0.9302260675411667 0.9302260675411667 0.9302260675411667 0.00010809642200837466 0.9302260675411667
6-84575035-T-C 0.00010809642200837466 0.9302260675411667 0.9302260675411667 0.9302260675411667 0.9302260675411667 0.9302260675411667 0.9302260675411667 0.9302260675411667 0.9302260675411667 0.9302260675411667 0.9302260675411667 0.9302260675411667 0.00010809642200837466 0.9302260675411667 0.9302260675411667 0.9302260675411667 0.9302260675411667 0.9302260675411667 0.9302260675411667 0.9302260675411667 0.9302260675411667 0.9302260675411667 0.9302260675411667 0.9302260675411667
8-85072764-A-G 0.00010809642200837466 0.9302260675411667 0.9302260675411667 0.9302260675411667 0.9302260675411667 0.9302260675411667 0.9302260675411667 0.9302260675411667 0.9302260675411667 0.9302260675411667 0.9302260675411667 0.9302260675411667 0.00010809642200837466 0.9302260675411667 0.9302260675411667 0.9302260675411667 0.9302260675411667 0.9302260675411667 0.9302260675411667 0.9302260675411667 0.9302260675411667 0.9302260675411667 0.9302260675411667 0.9302260675411667
17-25018809-C-G 0.9302260675411667 0.9302260675411667 0.9302260675411667 0.00010809642200837466 0.9302260675411667 0.9302260675411667 0.9302260675411667 0.9302260675411667 0.9302260675411667 0.9302260675411667 0.9302260675411667 0.9302260675411667 0.9302260675411667 0.9302260675411667 0.9302260675411667 0.9302260675411667 0.00010809642200837466 0.9302260675411667 0.9302260675411667 0.00010809642200837466 0.9302260675411667 0.9302260675411667 0.9302260675411667 0.9302260675411667
2-23181034-C-T 0.00010809642200837466 0.9302260675411667 0.9302260675411667 0.9302260675411667 0.9302260675411667 0.00010809642200837466 0.9302260675411667 0.9302260675411667 0.9302260675411667 0.9302260675411667 0.9302260675411667 0.9302260675411667 0.00010809642200837466 0.9302260675411667 0.00010809642200837466 0.9302260675411667 0.9302260675411667 0.9302260675411667 0.9302260675411667 0.9302260675411667 0.9302260675411667 0.9302260675411667 0.9302260675411667 0.9302260675411667
2-76059047-A-C 0.00010809642200837466 0.00010809642200837466 0.00010809642200837466 0.00010809642200837466 0.00010809642200837466 0.00010809642200837466 0.00010809642200837466 0.00010809642200837466 0.00010809642200837466 0.00010809642200837466 0.00010809642200837466 0.9302260675411667 0.00010809642200837466 0.00010809642200837466 0.00010809642200837466 0.00010809642200837466 0.00010809642200837466 0.00010809642200837466 0.00010809642200837466 0.00010809642200837466 0.00010809642200837466 0.00010809642200837466 0.00010809642200837466 0.00010809642200837466
11-70945039-T-G 0.00010809642200837466 0.9302260675411667 0.9302260675411667 0.9302260675411667 0.9302260675411667 0.00010809642200837466 0.9302260675411667 0.9302260675411667 0.00010809642200837466 0.9302260675411667 0.00010809642200837466 0.9302260675411667 0.00010809642200837466 0.9302260675411667 0.00010809642200837466 0.9302260675411667 0.9302260675411667 0.9302260675411667 0.9302260675411667 0.9302260675411667 0.9302260675411667 0.9302260675411667 0.00010809642200837466 0.9302260675411667
5-122787771-A-G 0.00010809642200837466 0.9302260675411667 0.9302260675411667 0.9302260675411667 0.9302260675411667 0.9302260675411667 0.9302260675411667 0.9302260675411667 0.9302260675411667 0.9302260675411667 0.9302260675411667 0.9302260675411667 0.00010809642200837466 0.9302260675411667 0.9302260675411667 0.9302260675411667 0.9302260675411667 0.9302260675411667 0.9302260675411667 0.9302260675411667 0.9302260675411667 0.9302260675411667 0.9302260675411667 0.9302260675411667
16-29471997-T-G 0.9302260675411667 0.9302260675411667 0.9302260675411667 0.9302260675411667 0.9302260675411667 0.9302260675411667 0.9302260675411667 0.9302260675411667 0.00010809642200837466 0.9302260675411667 0.00010809642200837466 0.9302260675411667 0.9302260675411667 0.9302260675411667 0.9302260675411667 0.9302260675411667 0.9302260675411667 0.9302260675411667 0.9302260675411667 0.9302260675411667 0.9302260675411667 0.9302260675411667 0.9302260675411667 0.9302260675411667
9-7159013-A-G 0.9302260675411667 0.9302260675411667 0.9302260675411667 0.00010809642200837466 0.9302260675411667 0.9302260675411667 0.9302260675411667 0.9302260675411667 0.9302260675411667 0.9302260675411667 0.9302260675411667 0.9302260675411667 0.9302260675411667 0.9302260675411667 0.9302260675411667 0.9302260675411667 0.00010809642200837466 0.9302260675411667 0.9302260675411667 0.00010809642200837466 0.9302260675411667 0.9302260675411667 0.9302260675411667 0.9302260675411667
13-21229346-G-A 0.00010809642200837466 0.00010809642200837466 0.00010809642200837466 0.00010809642200837466 0.00010809642200837466 0.9302260675411667 0.00010809642200837466 0.00010809642200837466 0.00010809642200837466 0.00010809642200837466 0.00010809642200837466 0.00010809642200837466 0.00010809642200837466 0.00010809642200837466 0.00010809642200837466 0.00010809642200837466 0.9302260675411667 0.9302260675411667 0.00010809642200837466 0.00010809642200837466 0.00010809642200837466 0.00010809642200837466 0.00010809642200837466 0.00010809642200837466
10-82150511-T-A 0.00010809642200837466 0.9302260675411667 0.9302260675411667 0.9302260675411667 0.9302260675411667 0.9302260675411667 0.9302260675411667 0.9302260675411667 0.9302260675411667 0.9302260675411667 0.9302260675411667 0.9302260675411667 0.00010809642200837466 0.9302260675411667 0.9302260675411667 0.9302260675411667 0.9302260675411667 0.9302260675411667 0.9302260675411667 0.9302260675411667 0.9302260675411667 0.9302260675411667 0.9302260675411667 0.9302260675411667
15-35378911-T-A 0.9302260675411667 0.9302260675411667 0.9302260675411667 0.9302260675411667 0.9302260675411667 0.9302260675411667 0.9302260675411667 0.9302260675411667 0.9302260675411667 0.9302260675411667 0.9302260675411667 0.00010809642200837466 0.9302260675411667 0.9302260675411667 0.9302260675411667 0.9302260675411667 0.9302260675411667 0.9302260675411667 0.9302260675411667 0.9302260675411667 0.00010809642200837466 0.9302260675411667 0.9302260675411667 0.9302260675411667
2-91591849-T-G 0.00010809642200837466 0.00010809642200837466 0.00010809642200837466 0.00010809642200837466 0.00010809642200837466 0.00010809642200837466 0.00010809642200837466 0.00010809642200837466 0.00010809642200837466 0.00010809642200837466 0.00010809642200837466 0.9302260675411667 0.00010809642200837466 0.00010809642200837466 0.00010809642200837466 0.00010809642200837466 0.00010809642200837466 0.00010809642200837466 0.00010809642200837466 0.00010809642200837466 0.00010809642200837466 0.00010809642200837466 0.00010809642200837466 0.00010809642200837466
9-22250041-T-A 0.00010809642200837466 0.9302260675411667 0.9302260675411667 0.9302260675411667 0.9302260675411667 0.00010809642200837466 0.9302260675411667 0.9302260675411667 0.00010809642200837466 0.9302260675411667 0.00010809642200837466 0.9302260675411667 0.00010809642200837466 0.9302260675411667 0.00010809642200837466 0.9302260675411667 0.9302260675411667 0.9302260675411667 0.9302260675411667 0.9302260675411667 0.9302260675411667 0.9302260675411667 0.00010809642200837466 0.9302260675411667
6-108026866-T-A 0.9302260675411667 0.00010809642200837466 0.00010809642200837466 0.00010809642200837466 0.00010809642200837466 0.9302260675411667 0.00010809642200837466 0.00010809642200837466 0.00010809642200837466 0.00010809642200837466 0.00010809642200837466 0.00010809642200837466 0.9302260675411667 0.00010809642200837466 0.9302260675411667 0.00010809642200837466 0.00010809642200837466 0.00010809642200837466 0.00010809642200837466 0.00010809642200837466 0.00010809642200837466 0.00010809642200837466 0.00010809642200837466 0.00010809642200837466
2-80347699-A-G 0.00010809642200837466 0.00010809642200837466 0.00010809642200837466 0.00010809642200837466 0.00010809642200837466 0.00010809642200837466 0.00010809642200837466 0.00010809642200837466 0.00010809642200837466 0.00010809642200837466 0.00010809642200837466 0.9302260675411667 0.00010809642200837466 0.00010809642200837466 0.00010809642200837466 0.00010809642200837466 0.00010809642200837466 0.00010809642200837466 0.00010809642200837466 0.00010809642200837466 0.00010809642200837466 0.00010809642200837466 0.00010809642200837466 0.00010809642200837466
5-125623070-T-G 0.9302260675411667 0.9302260675411667 0.9302260675411667 0.00010809642200837466 0.9302260675411667 0.9302260675411667 0.9302260675411667 0.9302260675411667 0.9302260675411667 0.9302260675411667 0.9302260675411667 0.9302260675411667 0.9302260675411667 0.9302260675411667 0.9302260675411667 0.9302260675411667 0.00010809642200837466 0.9302260675411667 0.9302260675411667 0.00010809642200837466 0.9302260675411667 0.9302260675411667 0.9302260675411667 0.9302260675411667
18-64551838-A-T 0.00010809642200837466 0.9302260675411667 0.9302260675411667 0.9302260675411667 0.9302260675411667 0.00010809642200837466 0.9302260675411667 0.9302260675411667 0.00010809642200837466 0.9302260675411667 0.00010809642200837466 0.9302260675411667 0.00010809642200837466 0.9302260675411667 0.00010809642200837466 0.9302260675411667 0.9302260675411667 0.00010809642200837466 0.9302260675411667 0.9302260675411667 0.9302260675411667 0.9302260675411667 0.00010809642200837466 0.9302260675411667
2-103463312-G-A 0.00010809642200837466 0.00010809642200837466 0.00010809642200837466 0.00010809642200837466 0.00010809642200837466 0.00010809642200837466 0.00010809642200837466 0.00010809642200837466 0.00010809642200837466 0.00010809642200837466 0.00010809642200837466 0.9302260675411667 0.00010809642200837466 0.00010809642200837466 0.00010809642200837466 0.00010809642200837466 0.00010809642200837466 0.00010809642200837466 0.00010809642200837466 0.00010809642200837466 0.00010809642200837466 0.00010809642200837466 0.00010809642200837466 0.00010809642200837466
9-103112197-T-A 0.00010809642200837466 0.9302260675411667 0.9302260675411667 0.9302260675411667 0.9302260675411667 0.00010809642200837466 0.9302260675411667 0.9302260675411667 0.9302260675411667 0.9302260675411667 0.9302260675411667 0.9302260675411667 0.00010809642200837466 0.9302260675411667 0.9302260675411667 0.9302260675411667 0.9302260675411667 0.9302260675411667 0.9302260675411667 0.9302260675411667 0.9302260675411667 0.9302260675411667 0.9302260675411667 0.9302260675411667
6-70130431-A-C 0.9302260675411667 0.00010809642200837466 0.00010809642200837466 0.00010809642200837466 0.00010809642200837466 0.9302260675411667 0.00010809642200837466 0.00010809642200837466 0.00010809642200837466 0.00010809642200837466 0.00010809642200837466 0.00010809642200837466 0.9302260675411667 0.00010809642200837466 0.9302260675411667 0.00010809642200837466 0.00010809642200837466 0.00010809642200837466 0.00010809642200837466 0.00010809642200837466 0.00010809642200837466 0.00010809642200837466 0.00010809642200837466 0.00010809642200837466
10-8298130-G-A 0.00010809642200837466 0.9302260675411667 0.9302260675411667 0.9302260675411667 0.9302260675411667 0.00010809642200837466 0.9302260675411667 0.9302260675411667 0.9302260675411667 0.9302260675411667 0.9302260675411667 0.9302260675411667 0.00010809642200837466 0.9302260675411667 0.9302260675411667 0.9302260675411667 0.9302260675411667 0.9302260675411667 0.9302260675411667 0.9302260675411667 0.9302260675411667 0.9302260675411667 0.9302260675411667 0.9302260675411667
15-81981109-T-G 0.9302260675411667 0.9302260675411667 0.9302260675411667 0.00010809642200837466 0.9302260675411667 0.9302260675411667 0.9302260675411667 0.9302260675411667 0.9302260675411667 0.9302260675411667 0.9302260675411667 0.9302260675411667 0.9302260675411667 0.9302260675411667 0.9302260675411667 0.9302260675411667 0.00010809642200837466 0.9302260675411667 0.9302260675411667 0.00010809642200837466 0.9302260675411667 0.9302260675411667 0.9302260675411667 0.9302260675411667
5-113852426-T-C 0.9302260675411667 0.00010809642200837466 0.9302260675411667 0.9302260675411667 0.9302260675411667 0.9302260675411667 0.00010809642200837466 0.9302260675411667 0.9302260675411667 0.9302260675411667 0.9302260675411667 0.9302260675411667 0.9302260675411667 0.9302260675411667 0.9302260675411667 0.9302260675411667 0.9302260675411667 0.9302260675411667 0.9302260675411667 0.9302260675411667 0.9302260675411667 0.9302260675411667 0.9302260675411667 0.9302260675411667
1-54987484-G-A 0.9302260675411667 0.9302260675411667 0.9302260675411667 0.00010809642200837466 0.9302260675411667 0.9302260675411667 0.9302260675411667 0.9302260675411667 0.9302260675411667 0.9302260675411667 0.9302260675411667 0.9302260675411667 0.9302260675411667 0.9302260675411667 0.9302260675411667 0.9302260675411667 0.00010809642200837466 0.9302260675411667 0.9302260675411667 0.00010809642200837466 0.9302260675411667 0.9302260675411667 0.9302260675411667 0.9302260675411667
17-28958024-A-T 0.9302260675411667 0.9302260675411667 0.9302260675411667 0.9302260675411667 0.9302260675411667 0.9302260675411667 0.9302260675411667 0.9302260675411667 0.9302260675411667 0.9302260675411667 0.9302260675411667 0.9302260675411667 0.9302260675411667 0.00010809642200837466 0.9302260675411667 0.9302260675411667 0.9302260675411667 0.9302260675411667 0.9302260675411667 0.9302260675411667 0.9302260675411667 0.9302260675411667 0.9302260675411667 0.00010809642200837466
5-21756942-T-G 0.9302260675411667 0.9302260675411667 0.9302260675411667 0.9302260675411667 0.9302260675411667 0.9302260675411667 0.9302260675411667 0.9302260675411667 0.00010809642200837466 0.9302260675411667 0.00010809642200837466 0.9302260675411667 0.9302260675411667 0.9302260675411667 0.9302260675411667 0.9302260675411667 0.9302260675411667 0.9302260675411667 0.9302260675411667 0.9302260675411667 0.9302260675411667 0.9302260675411667 0.9302260675411667 0.9302260675411667
12-37398748-T-G 0.9302260675411667 0.9302260675411667 0.9302260675411667 0.9302260675411667 0.9302260675411667 0.9302260675411667 0.9302260675411667 0.9302260675411667 0.00010809642200837466 0.9302260675411667 0.00010809642200837466 0.9302260675411667 0.9302260675411667 0.9302260675411667 0.9302260675411667 0.9302260675411667 0.9302260675411667 0.9302260675411667 0.9302260675411667 0.9302260675411667 0.9302260675411667 0.9302260675411667 0.9302260675411667 0.9302260675411667
11-34402699-T-C 0.9302260675411667 0.9302260675411667 0.9302260675411667 0.9302260675411667 0.9302260675411667 0.9302260675411667 0.9302260675411667 0.9302260675411667 0.00010809642200837466 0.9302260675411667 0.00010809642200837466 0.9302260675411667 0.9302260675411667 0.9302260675411667 0.9302260675411667 0.9302260675411667 0.9302260675411667 0.9302260675411667 0.9302260675411667 0.9302260675411667 0.9302260675411667 0.9302260675411667 0.9302260675411667 0.9302260675411667
3-152219989-T-C 0.9302260675411667 0.9302260675411667 0.9302260675411667 0.9302260675411667 0.9302260675411667 0.9302260675411667 0.9302260675411667 0.9302260675411667 0.00010809642200837466 0.9302260675411667 0.00010809642200837466 0.9302260675411667 0.9302260675411667 0.9302260675411667 0.9302260675411667 0.9302260675411667 0.9302260675411667 0.9302260675411667 0.9302260675411667 0.9302260675411667 0.9302260675411667 0.9302260675411667 0.9302260675411667 0.9302260675411667
2-102832406-C-A 0.00010809642200837466 0.9302260675411667 0.9302260675411667 0.9302260675411667 0.9302260675411667 0.00010809642200837466 0.9302260675411667 0.9302260675411667 0.9302260675411667 0.9302260675411667 0.9302260675411667 0.9302260675411667 0.00010809642200837466 0.9302260675411667 0.9302260675411667 0.9302260675411667 0.9302260675411667 0.9302260675411667 0.9302260675411667 0.9302260675411667 0.9302260675411667 0.9302260675411667 0.9302260675411667 0.9302260675411667
10-109720243-A-G 0.9302260675411667 0.9302260675411667 0.9302260675411667 0.9302260675411667 0.9302260675411667 0.9302260675411667 0.9302260675411667 0.9302260675411667 0.00010809642200837466 0.9302260675411667 0.00010809642200837466 0.9302260675411667 0.9302260675411667 0.9302260675411667 0.9302260675411667 0.9302260675411667 0.9302260675411667 0.9302260675411667 0.9302260675411667 0.9302260675411667 0.9302260675411667 0.9302260675411667 0.9302260675411667 0.9302260675411667
7-123152126-T-C 0.00010809642200837466 0.9302260675411667 0.9302260675411667 0.9302260675411667 0.9302260675411667 0.9302260675411667 0.9302260675411667 0.9302260675411667 0.9302260675411667 0.9302260675411667 0.9302260675411667 0.9302260675411667 0.9302260675411667 0.9302260675411667 0.9302260675411667 0.9302260675411667 0.9302260675411667 0.9302260675411667 0.9302260675411667 0.00010809642200837466 0.9302260675411667 0.9302260675411667 0.9302260675411667 0.9302260675411667
13-63945804-T-A 0.00010809642200837466 0.9302260675411667 0.9302260675411667 0.9302260675411667 0.9302260675411667 0.00010809642200837466 0.9302260675411667 0.9302260675411667 0.9302260675411667 0.9302260675411667 0.9302260675411667 0.9302260675411667 0.00010809642200837466 0.9302260675411667 0.00010809642200837466 0.9302260675411667 0.9302260675411667 0.9302260675411667 0.9302260675411667 0.9302260675411667 0.9302260675411667 0.9302260675411667 0.00010809642200837466 0.9302260675411667
15-82509297-C-A 0.9302260675411667 0.9302260675411667 0.9302260675411667 0.9302260675411667 0.9302260675411667 0.9302260675411667 0.9302260675411667 0.9302260675411667 0.9302260675411667 0.9302260675411667 0.9302260675411667 0.9302260675411667 0.9302260675411667 0.00010809642200837466 0.9302260675411667 0.9302260675411667 0.9302260675411667 0.9302260675411667 0.9302260675411667 0.9302260675411667 0.9302260675411667 0.9302260675411667 0.9302260675411667 0.00010809642200837466
4-136053261-G-C 0.9302260675411667 0.9302260675411667 0.9302260675411667 0.9302260675411667 0.9302260675411667 0.9302260675411667 0.9302260675411667 0.9302260675411667 0.9302260675411667 0.9302260675411667 0.9302260675411667 0.00010809642200837466 0.9302260675411667 0.9302260675411667 0.9302260675411667 0.9302260675411667 0.9302260675411667 0.9302260675411667 0.9302260675411667 0.9302260675411667 0.00010809642200837466 0.9302260675411667 0.9302260675411667 0.9302260675411667
12-37398748-T-G 0.9302260675411667 0.9302260675411667 0.9302260675411667 0.9302260675411667 0.9302260675411667 0.9302260675411667 0.9302260675411667 0.9302260675411667 0.00010809642200837466 0.9302260675411667 0.00010809642200837466 0.9302260675411667 0.9302260675411667 0.9302260675411667 0.9302260675411667 0.9302260675411667 0.9302260675411667 0.9302260675411667 0.9302260675411667 0.9302260675411667 0.9302260675411667 0.9302260675411667 0.9302260675411667 0.9302260675411667
12-13436490-T-A 0.9302260675411667 0.9302260675411667 0.9302260675411667 0.9302260675411667 0.9302260675411667 0.9302260675411667 0.9302260675411667 0.9302260675411667 0.00010809642200837466 0.9302260675411667 0.00010809642200837466 0.9302260675411667 0.9302260675411667 0.9302260675411667 0.9302260675411667 0.9302260675411667 0.9302260675411667 0.9302260675411667 0.9302260675411667 0.9302260675411667 0.9302260675411667 0.9302260675411667 0.9302260675411667 0.9302260675411667
16-76403292-G-C 0.00010809642200837466 0.9302260675411667 0.9302260675411667 0.9302260675411667 0.9302260675411667 0.9302260675411667 0.9302260675411667 0.9302260675411667 0.9302260675411667 0.9302260675411667 0.9302260675411667 0.9302260675411667 0.00010809642200837466 0.9302260675411667 0.9302260675411667 0.9302260675411667 0.9302260675411667 0.9302260675411667 0.9302260675411667 0.9302260675411667 0.9302260675411667 0.9302260675411667 0.9302260675411667 0.9302260675411667
11-69855881-A-C 0.9302260675411667 0.9302260675411667 0.9302260675411667 0.9302260675411667 0.9302260675411667 0.9302260675411667 0.9302260675411667 0.9302260675411667 0.9302260675411667 0.9302260675411667 0.9302260675411667 0.00010809642200837466 0.9302260675411667 0.9302260675411667 0.9302260675411667 0.9302260675411667 0.9302260675411667 0.9302260675411667 0.9302260675411667 0.9302260675411667 0.00010809642200837466 0.9302260675411667 0.9302260675411667 0.9302260675411667
2-34773937-A-C 0.00010809642200837466 0.00010809642200837466 0.00010809642200837466 0.00010809642200837466 0.00010809642200837466 0.00010809642200837466 0.00010809642200837466 0.00010809642200837466 0.00010809642200837466 0.00010809642200837466 0.00010809642200837466 0.9302260675411667 0.00010809642200837466 0.00010809642200837466 0.00010809642200837466 0.00010809642200837466 0.00010809642200837466 0.00010809642200837466 0.00010809642200837466 0.00010809642200837466 0.00010809642200837466 0.00010809642200837466 0.00010809642200837466 0.00010809642200837466
6-135733701-T-C 0.00010809642200837466 0.9302260675411667 0.9302260675411667 0.9302260675411667 0.9302260675411667 0.9302260675411667 0.9302260675411667 0.9302260675411667 0.9302260675411667 0.9302260675411667 0.9302260675411667 0.9302260675411667 0.00010809642200837466 0.9302260675411667 0.9302260675411667 0.9302260675411667 0.9302260675411667 0.9302260675411667 0.9302260675411667 0.9302260675411667 0.9302260675411667 0.9302260675411667 0.9302260675411667 0.9302260675411667
5-142390272-A-G 0.00010809642200837466 0.00010809642200837466 0.9302260675411667 0.00010809642200837466 0.00010809642200837466 0.00010809642200837466 0.00010809642200837466 0.00010809642200837466 0.00010809642200837466 0.00010809642200837466 0.00010809642200837466 0.00010809642200837466 0.00010809642200837466 0.00010809642200837466 0.00010809642200837466 0.00010809642200837466 0.00010809642200837466 0.00010809642200837466 0.00010809642200837466 0.00010809642200837466 0.00010809642200837466 0.00010809642200837466 0.00010809642200837466 0.00010809642200837466
6-120758667-T-A 0.00010809642200837466 0.9302260675411667 0.9302260675411667 0.9302260675411667 0.9302260675411667 0.9302260675411667 0.9302260675411667 0.9302260675411667 0.9302260675411667 0.9302260675411667 0.9302260675411667 0.9302260675411667 0.00010809642200837466 0.9302260675411667 0.9302260675411667 0.9302260675411667 0.9302260675411667 0.9302260675411667 0.9302260675411667 0.9302260675411667 0.9302260675411667 0.9302260675411667 0.9302260675411667 0.9302260675411667
3-130929570-T-G 0.9302260675411667 0.9302260675411667 0.9302260675411667 0.9302260675411667 0.9302260675411667 0.9302260675411667 0.9302260675411667 0.9302260675411667 0.00010809642200837466 0.9302260675411667 0.00010809642200837466 0.9302260675411667 0.9302260675411667 0.9302260675411667 0.9302260675411667 0.9302260675411667 0.9302260675411667 0.9302260675411667 0.9302260675411667 0.9302260675411667 0.9302260675411667 0.9302260675411667 0.9302260675411667 0.9302260675411667
5-114341272-A-C 0.00010809642200837466 0.00010809642200837466 0.00010809642200837466 0.9302260675411667 0.00010809642200837466 0.00010809642200837466 0.00010809642200837466 0.00010809642200837466 0.00010809642200837466 0.00010809642200837466 0.00010809642200837466 0.9302260675411667 0.00010809642200837466 0.00010809642200837466 0.00010809642200837466 0.00010809642200837466 0.00010809642200837466 0.00010809642200837466 0.00010809642200837466 0.00010809642200837466 0.00010809642200837466 0.00010809642200837466 0.00010809642200837466 0.00010809642200837466
15-96358955-T-C 0.9302260675411667 0.9302260675411667 0.9302260675411667 0.00010809642200837466 0.9302260675411667 0.9302260675411667 0.9302260675411667 0.9302260675411667 0.9302260675411667 0.9302260675411667 0.9302260675411667 0.9302260675411667 0.9302260675411667 0.9302260675411667 0.9302260675411667 0.9302260675411667 0.00010809642200837466 0.9302260675411667 0.9302260675411667 0.00010809642200837466 0.9302260675411667 0.9302260675411667 0.9302260675411667 0.9302260675411667
10-88570697-T-C 0.9302260675411667 0.9302260675411667 0.9302260675411667 0.9302260675411667 0.9302260675411667 0.9302260675411667 0.9302260675411667 0.9302260675411667 0.9302260675411667 0.9302260675411667 0.9302260675411667 0.00010809642200837466 0.9302260675411667 0.9302260675411667 0.9302260675411667 0.9302260675411667 0.9302260675411667 0.9302260675411667 0.9302260675411667 0.9302260675411667 0.00010809642200837466 0.9302260675411667 0.9302260675411667 0.9302260675411667
2-76790114-G-C 0.9302260675411667 0.00010809642200837466 0.9302260675411667 0.9302260675411667 0.9302260675411667 0.9302260675411667 0.00010809642200837466 0.00010809642200837466 0.9302260675411667 0.00010809642200837466 0.9302260675411667 0.9302260675411667 0.9302260675411667 0.9302260675411667 0.9302260675411667 0.9302260675411667 0.9302260675411667 0.9302260675411667 0.9302260675411667 0.9302260675411667 0.9302260675411667 0.9302260675411667 0.9302260675411667 0.9302260675411667
9-32254058-A-C 0.9302260675411667 0.00010809642200837466 0.9302260675411667 0.9302260675411667 0.9302260675411667 0.9302260675411667 0.00010809642200837466 0.00010809642200837466 0.9302260675411667 0.00010809642200837466 0.9302260675411667 0.9302260675411667 0.9302260675411667 0.9302260675411667 0.9302260675411667 0.9302260675411667 0.9302260675411667 0.9302260675411667 0.9302260675411667 0.9302260675411667 0.9302260675411667 0.9302260675411667 0.9302260675411667 0.9302260675411667
2-127125062-T-G 0.00010809642200837466 0.00010809642200837466 0.00010809642200837466 0.00010809642200837466 0.00010809642200837466 0.00010809642200837466 0.00010809642200837466 0.00010809642200837466 0.00010809642200837466 0.00010809642200837466 0.00010809642200837466 0.9302260675411667 0.00010809642200837466 0.00010809642200837466 0.00010809642200837466 0.00010809642200837466 0.00010809642200837466 0.00010809642200837466 0.00010809642200837466 0.00010809642200837466 0.00010809642200837466 0.00010809642200837466 0.00010809642200837466 0.00010809642200837466
4-139349133-C-G 0.00010809642200837466 0.9302260675411667 0.9302260675411667 0.9302260675411667 0.9302260675411667 0.00010809642200837466 0.9302260675411667 0.9302260675411667 0.9302260675411667 0.9302260675411667 0.9302260675411667 0.9302260675411667 0.00010809642200837466 0.9302260675411667 0.9302260675411667 0.9302260675411667 0.9302260675411667 0.9302260675411667 0.9302260675411667 0.9302260675411667 0.9302260675411667 0.9302260675411667 0.9302260675411667 0.9302260675411667
7-83882210-T-C 0.9302260675411667 0.00010809642200837466 0.9302260675411667 0.9302260675411667 0.9302260675411667 0.9302260675411667 0.00010809642200837466 0.9302260675411667 0.9302260675411667 0.9302260675411667 0.9302260675411667 0.9302260675411667 0.9302260675411667 0.9302260675411667 0.9302260675411667 0.9302260675411667 0.9302260675411667 0.9302260675411667 0.9302260675411667 0.9302260675411667 0.9302260675411667 0.9302260675411667 0.9302260675411667 0.9302260675411667
2-153397622-C-T 0.00010809642200837466 0.00010809642200837466 0.00010809642200837466 0.00010809642200837466 0.00010809642200837466 0.00010809642200837466 0.00010809642200837466 0.00010809642200837466 0.00010809642200837466 0.00010809642200837466 0.00010809642200837466 0.9302260675411667 0.00010809642200837466 0.00010809642200837466 0.00010809642200837466 0.00010809642200837466 0.00010809642200837466 0.00010809642200837466 0.00010809642200837466 0.00010809642200837466 0.00010809642200837466 0.00010809642200837466 0.00010809642200837466 0.00010809642200837466
16-49238985-T-C 0.00010809642200837466 0.00010809642200837466 0.9302260675411667 0.9302260675411667 0.00010809642200837466 0.00010809642200837466 0.00010809642200837466 0.00010809642200837466 0.00010809642200837466 0.00010809642200837466 0.00010809642200837466 0.9302260675411667 0.00010809642200837466 0.9302260675411667 0.00010809642200837466 0.9302260675411667 0.9302260675411667 0.00010809642200837466 0.9302260675411667 0.9302260675411667 0.9302260675411667 0.9302260675411667 0.00010809642200837466 0.9302260675411667
18-37674540-G-A 0.9302260675411667 0.9302260675411667 0.9302260675411667 0.9302260675411667 0.9302260675411667 0.9302260675411667 0.9302260675411667 0.9302260675411667 0.00010809642200837466 0.9302260675411667 0.00010809642200837466 0.9302260675411667 0.9302260675411667 0.9302260675411667 0.9302260675411667 0.9302260675411667 0.9302260675411667 0.9302260675411667 0.9302260675411667 0.9302260675411667 0.9302260675411667 0.9302260675411667 0.9302260675411667 0.9302260675411667
12-101051223-T-C 0.9302260675411667 0.9302260675411667 0.9302260675411667 0.9302260675411667 0.9302260675411667 0.9302260675411667 0.9302260675411667 0.9302260675411667 0.00010809642200837466 0.9302260675411667 0.00010809642200837466 0.9302260675411667 0.9302260675411667 0.9302260675411667 0.9302260675411667 0.9302260675411667 0.9302260675411667 0.9302260675411667 0.9302260675411667 0.9302260675411667 0.9302260675411667 0.9302260675411667 0.9302260675411667 0.9302260675411667
3-92320916-G-C 0.9302260675411667 0.00010809642200837466 0.00010809642200837466 0.00010809642200837466 0.00010809642200837466 0.9302260675411667 0.00010809642200837466 0.00010809642200837466 0.00010809642200837466 0.00010809642200837466 0.00010809642200837466 0.00010809642200837466 0.9302260675411667 0.9302260675411667 0.9302260675411667 0.00010809642200837466 0.00010809642200837466 0.00010809642200837466 0.9302260675411667 0.00010809642200837466 0.00010809642200837466 0.00010809642200837466 0.9302260675411667 0.9302260675411667
14-5896084-T-C 0.9302260675411667 0.9302260675411667 0.9302260675411667 0.9302260675411667 0.9302260675411667 0.9302260675411667 0.9302260675411667 0.9302260675411667 0.00010809642200837466 0.9302260675411667 0.00010809642200837466 0.9302260675411667 0.9302260675411667 0.9302260675411667 0.9302260675411667 0.9302260675411667 0.9302260675411667 0.9302260675411667 0.9302260675411667 0.9302260675411667 0.9302260675411667 0.9302260675411667 0.9302260675411667 0.9302260675411667
11-115609093-C-A 0.9302260675411667 0.9302260675411667 0.9302260675411667 0.00010809642200837466 0.9302260675411667 0.9302260675411667 0.9302260675411667 0.9302260675411667 0.9302260675411667 0.9302260675411667 0.9302260675411667 0.9302260675411667 0.9302260675411667 0.9302260675411667 0.9302260675411667 0.9302260675411667 0.00010809642200837466 0.9302260675411667 0.9302260675411667 0.00010809642200837466 0.9302260675411667 0.9302260675411667 0.9302260675411667 0.9302260675411667
8-24680751-T-C 0.9302260675411667 0.9302260675411667 0.9302260675411667 0.9302260675411667 0.9302260675411667 0.9302260675411667 0.9302260675411667 0.9302260675411667 0.00010809642200837466 0.9302260675411667 0.00010809642200837466 0.9302260675411667 0.9302260675411667 0.9302260675411667 0.9302260675411667 0.9302260675411667 0.9302260675411667 0.9302260675411667 0.9302260675411667 0.9302260675411667 0.9302260675411667 0.9302260675411667 0.9302260675411667 0.9302260675411667
2-119211490-G-A 0.00010809642200837466 0.00010809642200837466 0.00010809642200837466 0.00010809642200837466 0.00010809642200837466 0.00010809642200837466 0.00010809642200837466 0.00010809642200837466 0.00010809642200837466 0.00010809642200837466 0.00010809642200837466 0.9302260675411667 0.00010809642200837466 0.00010809642200837466 0.00010809642200837466 0.00010809642200837466 0.00010809642200837466 0.00010809642200837466 0.00010809642200837466 0.00010809642200837466 0.00010809642200837466 0.00010809642200837466 0.00010809642200837466 0.00010809642200837466
14-55887450-G-A 0.00010809642200837466 0.00010809642200837466 0.00010809642200837466 0.00010809642200837466 0.00010809642200837466 0.00010809642200837466 0.00010809642200837466 0.00010809642200837466 0.00010809642200837466 0.00010809642200837466 0.9302260675411667 0.00010809642200837466 0.00010809642200837466 0.00010809642200837466 0.00010809642200837466 0.00010809642200837466 0.00010809642200837466 0.9302260675411667 0.00010809642200837466 0.00010809642200837466 0.00010809642200837466 0.00010809642200837466 0.00010809642200837466 0.00010809642200837466
13-3353117-A-G 0.9302260675411667 0.9302260675411667 0.9302260675411667 0.9302260675411667 0.9302260675411667 0.9302260675411667 0.9302260675411667 0.9302260675411667 0.9302260675411667 0.9302260675411667 0.9302260675411667 0.00010809642200837466 0.9302260675411667 0.9302260675411667 0.9302260675411667 0.9302260675411667 0.9302260675411667 0.9302260675411667 0.9302260675411667 0.9302260675411667 0.00010809642200837466 0.9302260675411667 0.9302260675411667 0.9302260675411667
7-31290661-T-A 0.00010809642200837466 0.9302260675411667 0.9302260675411667 0.9302260675411667 0.9302260675411667 0.00010809642200837466 0.9302260675411667 0.9302260675411667 0.9302260675411667 0.9302260675411667 0.9302260675411667 0.9302260675411667 0.00010809642200837466 0.9302260675411667 0.9302260675411667 0.9302260675411667 0.9302260675411667 0.9302260675411667 0.9302260675411667 0.9302260675411667 0.9302260675411667 0.9302260675411667 0.9302260675411667 0.9302260675411667
5-96231580-T-C 0.9302260675411667 0.9302260675411667 0.9302260675411667 0.00010809642200837466 0.9302260675411667 0.9302260675411667 0.9302260675411667 0.9302260675411667 0.9302260675411667 0.9302260675411667 0.9302260675411667 0.9302260675411667 0.9302260675411667 0.9302260675411667 0.9302260675411667 0.9302260675411667 0.00010809642200837466 0.9302260675411667 0.9302260675411667 0.00010809642200837466 0.9302260675411667 0.9302260675411667 0.9302260675411667 0.9302260675411667
5-150446801-T-C 0.9302260675411667 0.9302260675411667 0.9302260675411667 0.9302260675411667 0.9302260675411667 0.9302260675411667 0.9302260675411667 0.9302260675411667 0.00010809642200837466 0.9302260675411667 0.00010809642200837466 0.9302260675411667 0.9302260675411667 0.9302260675411667 0.9302260675411667 0.9302260675411667 0.9302260675411667 0.9302260675411667 0.9302260675411667 0.9302260675411667 0.9302260675411667 0.9302260675411667 0.9302260675411667 0.9302260675411667
11-97730881-C-A 0.00010809642200837466 0.9302260675411667 0.9302260675411667 0.9302260675411667 0.9302260675411667 0.00010809642200837466 0.9302260675411667 0.9302260675411667 0.9302260675411667 0.9302260675411667 0.9302260675411667 0.9302260675411667 0.00010809642200837466 0.9302260675411667 0.00010809642200837466 0.9302260675411667 0.9302260675411667 0.9302260675411667 0.9302260675411667 0.9302260675411667 0.9302260675411667 0.9302260675411667 0.00010809642200837466 0.9302260675411667
11-89049681-C-A 0.9302260675411667 0.9302260675411667 0.9302260675411667 0.9302260675411667 0.9302260675411667 0.9302260675411667 0.9302260675411667 0.9302260675411667 0.9302260675411667 0.9302260675411667 0.9302260675411667 0.00010809642200837466 0.9302260675411667 0.9302260675411667 0.9302260675411667 0.9302260675411667 0.9302260675411667 0.9302260675411667 0.9302260675411667 0.9302260675411667 0.00010809642200837466 0.9302260675411667 0.9302260675411667 0.9302260675411667
2-105172229-A-C 0.9302260675411667 0.00010809642200837466 0.9302260675411667 0.9302260675411667 0.9302260675411667 0.9302260675411667 0.00010809642200837466 0.9302260675411667 0.9302260675411667 0.9302260675411667 0.9302260675411667 0.9302260675411667 0.9302260675411667 0.9302260675411667 0.9302260675411667 0.9302260675411667 0.9302260675411667 0.9302260675411667 0.9302260675411667 0.9302260675411667 0.9302260675411667 0.9302260675411667 0.9302260675411667 0.9302260675411667
11-89049681-C-A 0.9302260675411667 0.9302260675411667 0.9302260675411667 0.9302260675411667 0.9302260675411667 0.9302260675411667 0.9302260675411667 0.9302260675411667 0.9302260675411667 0.9302260675411667 0.9302260675411667 0.00010809642200837466 0.9302260675411667 0.9302260675411667 0.9302260675411667 0.9302260675411667 0.9302260675411667 0.9302260675411667 0.9302260675411667 0.9302260675411667 0.00010809642200837466 0.9302260675411667 0.9302260675411667 0.9302260675411667
15-102484040-T-A 0.9302260675411667 0.9302260675411667 0.9302260675411667 0.00010809642200837466 0.9302260675411667 0.9302260675411667 0.9302260675411667 0.9302260675411667 0.9302260675411667 0.9302260675411667 0.9302260675411667 0.9302260675411667 0.9302260675411667 0.9302260675411667 0.9302260675411667 0.9302260675411667 0.00010809642200837466 0.9302260675411667 0.9302260675411667 0.00010809642200837466 0.9302260675411667 0.9302260675411667 0.9302260675411667 0.9302260675411667
17-19727691-A-G 0.9302260675411667 0.00010809642200837466 0.9302260675411667 0.9302260675411667 0.9302260675411667 0.9302260675411667 0.00010809642200837466 0.9302260675411667 0.9302260675411667 0.9302260675411667 0.9302260675411667 0.9302260675411667 0.9302260675411667 0.9302260675411667 0.9302260675411667 0.9302260675411667 0.9302260675411667 0.9302260675411667 0.9302260675411667 0.9302260675411667 0.9302260675411667 0.9302260675411667 0.9302260675411667 0.9302260675411667
2-166074857-T-C 0.00010809642200837466 0.00010809642200837466 0.00010809642200837466 0.00010809642200837466 0.00010809642200837466 0.00010809642200837466 0.00010809642200837466 0.00010809642200837466 0.00010809642200837466 0.00010809642200837466 0.00010809642200837466 0.9302260675411667 0.00010809642200837466 0.00010809642200837466 0.00010809642200837466 0.00010809642200837466 0.00010809642200837466 0.00010809642200837466 0.00010809642200837466 0.00010809642200837466 0.00010809642200837466 0.00010809642200837466 0.00010809642200837466 0.00010809642200837466
18-22521893-A-T 0.00010809642200837466 0.9302260675411667 0.9302260675411667 0.9302260675411667 0.9302260675411667 0.00010809642200837466 0.9302260675411667 0.9302260675411667 0.9302260675411667 0.9302260675411667 0.9302260675411667 0.9302260675411667 0.00010809642200837466 0.9302260675411667 0.00010809642200837466 0.9302260675411667 0.9302260675411667 0.9302260675411667 0.9302260675411667 0.9302260675411667 0.9302260675411667 0.9302260675411667 0.9302260675411667 0.9302260675411667
17-58974331-T-C 0.9302260675411667 0.9302260675411667 0.9302260675411667 0.9302260675411667 0.9302260675411667 0.9302260675411667 0.9302260675411667 0.9302260675411667 0.00010809642200837466 0.9302260675411667 0.00010809642200837466 0.9302260675411667 0.9302260675411667 0.9302260675411667 0.9302260675411667 0.9302260675411667 0.9302260675411667 0.9302260675411667 0.9302260675411667 0.9302260675411667 0.9302260675411667 0.9302260675411667 0.9302260675411667 0.9302260675411667
5-70794748-T-C 0.9302260675411667 0.00010809642200837466 0.9302260675411667 0.9302260675411667 0.9302260675411667 0.9302260675411667 0.00010809642200837466 0.00010809642200837466 0.9302260675411667 0.00010809642200837466 0.9302260675411667 0.9302260675411667 0.9302260675411667 0.9302260675411667 0.9302260675411667 0.9302260675411667 0.9302260675411667 0.9302260675411667 0.9302260675411667 0.9302260675411667 0.9302260675411667 0.9302260675411667 0.9302260675411667 0.9302260675411667
19-56848926-C-G 0.00010809642200837466 0.00010809642200837466 0.00010809642200837466 0.00010809642200837466 0.00010809642200837466 0.00010809642200837466 0.00010809642200837466 0.00010809642200837466 0.00010809642200837466 0.00010809642200837466 0.00010809642200837466 0.00010809642200837466 0.00010809642200837466 0.00010809642200837466 0.00010809642200837466 0.00010809642200837466 0.00010809642200837466 0.9302260675411667 0.00010809642200837466 0.00010809642200837466 0.00010809642200837466 0.00010809642200837466 0.00010809642200837466 0.00010809642200837466
13-46681174-A-C 0.9302260675411667 0.00010809642200837466 0.9302260675411667 0.9302260675411667 0.9302260675411667 0.9302260675411667 0.00010809642200837466 0.9302260675411667 0.9302260675411667 0.9302260675411667 0.9302260675411667 0.9302260675411667 0.9302260675411667 0.9302260675411667 0.9302260675411667 0.9302260675411667 0.9302260675411667 0.9302260675411667 0.9302260675411667 0.9302260675411667 0.9302260675411667 0.9302260675411667 0.9302260675411667 0.9302260675411667
15-76074752-C-T 0.9302260675411667 0.00010809642200837466 0.00010809642200837466 0.00010809642200837466 0.00010809642200837466 0.9302260675411667 0.00010809642200837466 0.00010809642200837466 0.00010809642200837466 0.00010809642200837466 0.00010809642200837466 0.00010809642200837466 0.9302260675411667 0.9302260675411667 0.9302260675411667 0.9302260675411667 0.00010809642200837466 0.9302260675411667 0.9302260675411667 0.00010809642200837466 0.00010809642200837466 0.9302260675411667 0.9302260675411667 0.9302260675411667
4-52856047-A-G 0.9302260675411667 0.00010809642200837466 0.9302260675411667 0.9302260675411667 0.9302260675411667 0.9302260675411667 0.00010809642200837466 0.9302260675411667 0.9302260675411667 0.9302260675411667 0.9302260675411667 0.9302260675411667 0.9302260675411667 0.9302260675411667 0.9302260675411667 0.9302260675411667 0.9302260675411667 0.9302260675411667 0.9302260675411667 0.9302260675411667 0.9302260675411667 0.9302260675411667 0.9302260675411667 0.9302260675411667
15-48791710-C-A 0.9302260675411667 0.9302260675411667 0.9302260675411667 0.9302260675411667 0.9302260675411667 0.9302260675411667 0.9302260675411667 0.9302260675411667 0.00010809642200837466 0.9302260675411667 0.00010809642200837466 0.9302260675411667 0.9302260675411667 0.9302260675411667 0.9302260675411667 0.9302260675411667 0.9302260675411667 0.9302260675411667 0.9302260675411667 0.9302260675411667 0.9302260675411667 0.9302260675411667 0.9302260675411667 0.9302260675411667
6-136241795-A-G 0.9302260675411667 0.00010809642200837466 0.9302260675411667 0.00010809642200837466 0.00010809642200837466 0.9302260675411667 0.9302260675411667 0.00010809642200837466 0.00010809642200837466 0.00010809642200837466 0.00010809642200837466 0.9302260675411667 0.9302260675411667 0.00010809642200837466 0.9302260675411667 0.9302260675411667 0.00010809642200837466 0.9302260675411667 0.9302260675411667 0.00010809642200837466 0.9302260675411667 0.9302260675411667 0.00010809642200837466 0.00010809642200837466
8-21326061-C-A 0.00010809642200837466 0.9302260675411667 0.9302260675411667 0.9302260675411667 0.9302260675411667 0.00010809642200837466 0.9302260675411667 0.9302260675411667 0.9302260675411667 0.9302260675411667 0.9302260675411667 0.9302260675411667 0.00010809642200837466 0.9302260675411667 0.00010809642200837466 0.9302260675411667 0.9302260675411667 0.9302260675411667 0.9302260675411667 0.9302260675411667 0.9302260675411667 0.9302260675411667 0.00010809642200837466 0.9302260675411667
12-70346605-G-T 0.9302260675411667 0.9302260675411667 0.9302260675411667 0.00010809642200837466 0.9302260675411667 0.9302260675411667 0.9302260675411667 0.9302260675411667 0.9302260675411667 0.9302260675411667 0.9302260675411667 0.9302260675411667 0.9302260675411667 0.9302260675411667 0.9302260675411667 0.9302260675411667 0.00010809642200837466 0.9302260675411667 0.9302260675411667 0.00010809642200837466 0.9302260675411667 0.9302260675411667 0.9302260675411667 0.9302260675411667
3-130929570-T-G 0.9302260675411667 0.9302260675411667 0.9302260675411667 0.9302260675411667 0.9302260675411667 0.9302260675411667 0.9302260675411667 0.9302260675411667 0.00010809642200837466 0.9302260675411667 0.00010809642200837466 0.9302260675411667 0.9302260675411667 0.9302260675411667 0.9302260675411667 0.9302260675411667 0.9302260675411667 0.9302260675411667 0.9302260675411667 0.9302260675411667 0.9302260675411667 0.9302260675411667 0.9302260675411667 0.9302260675411667
13-43550991-T-C 0.00010809642200837466 0.00010809642200837466 0.00010809642200837466 0.00010809642200837466 0.00010809642200837466 0.00010809642200837466 0.00010809642200837466 0.00010809642200837466 0.00010809642200837466 0.00010809642200837466 0.00010809642200837466 0.00010809642200837466 0.00010809642200837466 0.00010809642200837466 0.00010809642200837466 0.00010809642200837466 0.00010809642200837466 0.00010809642200837466 0.00010809642200837466 0.00010809642200837466 0.00010809642200837466 0.00010809642200837466 0.00010809642200837466 0.9302260675411667
5-8521002-T-G 0.9302260675411667 0.00010809642200837466 0.9302260675411667 0.9302260675411667 0.9302260675411667 0.9302260675411667 0.00010809642200837466 0.9302260675411667 0.9302260675411667 0.9302260675411667 0.9302260675411667 0.9302260675411667 0.9302260675411667 0.9302260675411667 0.9302260675411667 0.9302260675411667 0.9302260675411667 0.9302260675411667 0.9302260675411667 0.9302260675411667 0.9302260675411667 0.9302260675411667 0.9302260675411667 0.9302260675411667
9-35564023-T-C 0.00010809642200837466 0.9302260675411667 0.9302260675411667 0.9302260675411667 0.9302260675411667 0.00010809642200837466 0.9302260675411667 0.9302260675411667 0.9302260675411667 0.9302260675411667 0.9302260675411667 0.9302260675411667 0.00010809642200837466 0.9302260675411667 0.00010809642200837466 0.9302260675411667 0.9302260675411667 0.9302260675411667 0.9302260675411667 0.9302260675411667 0.9302260675411667 0.9302260675411667 0.9302260675411667 0.9302260675411667
15-35472162-A-G 0.9302260675411667 0.9302260675411667 0.9302260675411667 0.9302260675411667 0.9302260675411667 0.9302260675411667 0.9302260675411667 0.9302260675411667 0.00010809642200837466 0.9302260675411667 0.00010809642200837466 0.9302260675411667 0.9302260675411667 0.9302260675411667 0.9302260675411667 0.9302260675411667 0.9302260675411667 0.9302260675411667 0.9302260675411667 0.9302260675411667 0.9302260675411667 0.9302260675411667 0.9302260675411667 0.9302260675411667
4-57225727-T-C 0.9302260675411667 0.9302260675411667 0.00010809642200837466 0.9302260675411667 0.9302260675411667 0.9302260675411667 0.00010809642200837466 0.9302260675411667 0.9302260675411667 0.9302260675411667 0.9302260675411667 0.00010809642200837466 0.9302260675411667 0.9302260675411667 0.9302260675411667 0.00010809642200837466 0.9302260675411667 0.9302260675411667 0.00010809642200837466 0.9302260675411667 0.00010809642200837466 0.00010809642200837466 0.9302260675411667 0.9302260675411667
16-19654698-A-T 0.00010809642200837466 0.9302260675411667 0.9302260675411667 0.9302260675411667 0.9302260675411667 0.00010809642200837466 0.9302260675411667 0.9302260675411667 0.9302260675411667 0.9302260675411667 0.9302260675411667 0.9302260675411667 0.00010809642200837466 0.9302260675411667 0.00010809642200837466 0.9302260675411667 0.9302260675411667 0.9302260675411667 0.9302260675411667 0.9302260675411667 0.9302260675411667 0.9302260675411667 0.9302260675411667 0.9302260675411667
2-34773937-A-C 0.00010809642200837466 0.00010809642200837466 0.00010809642200837466 0.00010809642200837466 0.00010809642200837466 0.00010809642200837466 0.00010809642200837466 0.00010809642200837466 0.00010809642200837466 0.00010809642200837466 0.00010809642200837466 0.9302260675411667 0.00010809642200837466 0.00010809642200837466 0.00010809642200837466 0.00010809642200837466 0.00010809642200837466 0.00010809642200837466 0.00010809642200837466 0.00010809642200837466 0.00010809642200837466 0.00010809642200837466 0.00010809642200837466 0.00010809642200837466
15-82179575-C-T 0.00010809642200837466 0.9302260675411667 0.9302260675411667 0.9302260675411667 0.9302260675411667 0.00010809642200837466 0.9302260675411667 0.9302260675411667 0.9302260675411667 0.9302260675411667 0.9302260675411667 0.9302260675411667 0.00010809642200837466 0.9302260675411667 0.00010809642200837466 0.9302260675411667 0.9302260675411667 0.9302260675411667 0.9302260675411667 0.9302260675411667 0.9302260675411667 0.9302260675411667 0.9302260675411667 0.9302260675411667
9-24421044-T-C 0.9302260675411667 0.9302260675411667 0.9302260675411667 0.9302260675411667 0.9302260675411667 0.9302260675411667 0.9302260675411667 0.9302260675411667 0.9302260675411667 0.9302260675411667 0.9302260675411667 0.00010809642200837466 0.9302260675411667 0.9302260675411667 0.9302260675411667 0.9302260675411667 0.9302260675411667 0.9302260675411667 0.9302260675411667 0.9302260675411667 0.00010809642200837466 0.9302260675411667 0.9302260675411667 0.9302260675411667
4-57943779-A-C 0.9302260675411667 0.9302260675411667 0.9302260675411667 0.9302260675411667 0.9302260675411667 0.9302260675411667 0.9302260675411667 0.9302260675411667 0.9302260675411667 0.9302260675411667 0.9302260675411667 0.00010809642200837466 0.9302260675411667 0.9302260675411667 0.9302260675411667 0.9302260675411667 0.9302260675411667 0.9302260675411667 0.9302260675411667 0.9302260675411667 0.00010809642200837466 0.9302260675411667 0.9302260675411667 0.9302260675411667
16-35953853-T-C 0.00010809642200837466 0.00010809642200837466 0.9302260675411667 0.00010809642200837466 0.9302260675411667 0.00010809642200837466 0.9302260675411667 0.00010809642200837466 0.00010809642200837466 0.00010809642200837466 0.00010809642200837466 0.00010809642200837466 0.00010809642200837466 0.00010809642200837466 0.9302260675411667 0.00010809642200837466 0.00010809642200837466 0.00010809642200837466 0.00010809642200837466 0.00010809642200837466 0.00010809642200837466 0.00010809642200837466 0.00010809642200837466 0.00010809642200837466
15-8264552-C-T 0.00010809642200837466 0.9302260675411667 0.9302260675411667 0.9302260675411667 0.9302260675411667 0.00010809642200837466 0.9302260675411667 0.9302260675411667 0.9302260675411667 0.9302260675411667 0.9302260675411667 0.9302260675411667 0.00010809642200837466 0.9302260675411667 0.9302260675411667 0.9302260675411667 0.9302260675411667 0.9302260675411667 0.9302260675411667 0.9302260675411667 0.9302260675411667 0.9302260675411667 0.9302260675411667 0.9302260675411667
3-125722340-T-C 0.9302260675411667 0.00010809642200837466 0.9302260675411667 0.9302260675411667 0.9302260675411667 0.9302260675411667 0.00010809642200837466 0.9302260675411667 0.9302260675411667 0.9302260675411667 0.9302260675411667 0.9302260675411667 0.9302260675411667 0.9302260675411667 0.9302260675411667 0.9302260675411667 0.9302260675411667 0.9302260675411667 0.9302260675411667 0.9302260675411667 0.9302260675411667 0.9302260675411667 0.9302260675411667 0.9302260675411667
17-47791850-C-A 0.9302260675411667 0.9302260675411667 0.9302260675411667 0.9302260675411667 0.9302260675411667 0.9302260675411667 0.9302260675411667 0.9302260675411667 0.9302260675411667 0.9302260675411667 0.9302260675411667 0.00010809642200837466 0.9302260675411667 0.9302260675411667 0.9302260675411667 0.9302260675411667 0.9302260675411667 0.9302260675411667 0.9302260675411667 0.9302260675411667 0.00010809642200837466 0.9302260675411667 0.9302260675411667 0.9302260675411667
16-62928255-A-G 0.9302260675411667 0.9302260675411667 0.9302260675411667 0.9302260675411667 0.9302260675411667 0.9302260675411667 0.9302260675411667 0.9302260675411667 0.9302260675411667 0.9302260675411667 0.9302260675411667 0.00010809642200837466 0.9302260675411667 0.9302260675411667 0.9302260675411667 0.9302260675411667 0.9302260675411667 0.9302260675411667 0.00010809642200837466 0.9302260675411667 0.9302260675411667 0.00010809642200837466 0.9302260675411667 0.9302260675411667
15-25682204-T-C 0.00010809642200837466 0.9302260675411667 0.9302260675411667 0.9302260675411667 0.9302260675411667 0.00010809642200837466 0.9302260675411667 0.9302260675411667 0.00010809642200837466 0.9302260675411667 0.00010809642200837466 0.9302260675411667 0.00010809642200837466 0.9302260675411667 0.00010809642200837466 0.9302260675411667 0.9302260675411667 0.00010809642200837466 0.9302260675411667 0.9302260675411667 0.9302260675411667 0.9302260675411667 0.00010809642200837466 0.9302260675411667
8-22919218-A-G 0.9302260675411667 0.00010809642200837466 0.9302260675411667 0.9302260675411667 0.00010809642200837466 0.9302260675411667 0.00010809642200837466 0.00010809642200837466 0.9302260675411667 0.00010809642200837466 0.9302260675411667 0.9302260675411667 0.9302260675411667 0.9302260675411667 0.9302260675411667 0.9302260675411667 0.9302260675411667 0.9302260675411667 0.9302260675411667 0.9302260675411667 0.9302260675411667 0.9302260675411667 0.9302260675411667 0.9302260675411667
4-101627978-A-G 0.00010809642200837466 0.00010809642200837466 0.9302260675411667 0.9302260675411667 0.00010809642200837466 0.00010809642200837466 0.00010809642200837466 0.00010809642200837466 0.00010809642200837466 0.00010809642200837466 0.00010809642200837466 0.9302260675411667 0.00010809642200837466 0.9302260675411667 0.00010809642200837466 0.9302260675411667 0.9302260675411667 0.00010809642200837466 0.9302260675411667 0.9302260675411667 0.9302260675411667 0.9302260675411667 0.00010809642200837466 0.9302260675411667
4-55020119-A-G 0.9302260675411667 0.9302260675411667 0.9302260675411667 0.9302260675411667 0.9302260675411667 0.9302260675411667 0.9302260675411667 0.9302260675411667 0.00010809642200837466 0.9302260675411667 0.00010809642200837466 0.9302260675411667 0.9302260675411667 0.9302260675411667 0.9302260675411667 0.9302260675411667 0.9302260675411667 0.9302260675411667 0.9302260675411667 0.9302260675411667 0.9302260675411667 0.9302260675411667 0.9302260675411667 0.9302260675411667
6-4532005-A-C 0.00010809642200837466 0.9302260675411667 0.9302260675411667 0.9302260675411667 0.9302260675411667 0.00010809642200837466 0.9302260675411667 0.9302260675411667 0.9302260675411667 0.9302260675411667 0.9302260675411667 0.9302260675411667 0.00010809642200837466 0.9302260675411667 0.00010809642200837466 0.9302260675411667 0.9302260675411667 0.9302260675411667 0.9302260675411667 0.9302260675411667 0.9302260675411667 0.9302260675411667 0.9302260675411667 0.9302260675411667
5-38144609-T-C 0.9302260675411667 0.9302260675411667 0.9302260675411667 0.9302260675411667 0.9302260675411667 0.9302260675411667 0.9302260675411667 0.9302260675411667 0.00010809642200837466 0.9302260675411667 0.00010809642200837466 0.9302260675411667 0.9302260675411667 0.9302260675411667 0.9302260675411667 0.9302260675411667 0.9302260675411667 0.9302260675411667 0.9302260675411667 0.9302260675411667 0.9302260675411667 0.9302260675411667 0.9302260675411667 0.9302260675411667
2-130025538-G-A 0.00010809642200837466 0.00010809642200837466 0.00010809642200837466 0.00010809642200837466 0.00010809642200837466 0.00010809642200837466 0.00010809642200837466 0.00010809642200837466 0.00010809642200837466 0.00010809642200837466 0.00010809642200837466 0.9302260675411667 0.00010809642200837466 0.00010809642200837466 0.00010809642200837466 0.00010809642200837466 0.00010809642200837466 0.00010809642200837466 0.00010809642200837466 0.00010809642200837466 0.00010809642200837466 0.00010809642200837466 0.00010809642200837466 0.00010809642200837466
4-40261598-T-C 0.9302260675411667 0.9302260675411667 0.9302260675411667 0.9302260675411667 0.9302260675411667 0.9302260675411667 0.9302260675411667 0.9302260675411667 0.9302260675411667 0.9302260675411667 0.9302260675411667 0.00010809642200837466 0.9302260675411667 0.9302260675411667 0.9302260675411667 0.9302260675411667 0.9302260675411667 0.9302260675411667 0.9302260675411667 0.9302260675411667 0.00010809642200837466 0.9302260675411667 0.9302260675411667 0.9302260675411667
12-112916391-G-C 0.00010809642200837466 0.9302260675411667 0.9302260675411667 0.9302260675411667 0.9302260675411667 0.9302260675411667 0.9302260675411667 0.9302260675411667 0.9302260675411667 0.9302260675411667 0.9302260675411667 0.9302260675411667 0.00010809642200837466 0.9302260675411667 0.9302260675411667 0.9302260675411667 0.9302260675411667 0.9302260675411667 0.9302260675411667 0.9302260675411667 0.9302260675411667 0.9302260675411667 0.9302260675411667 0.9302260675411667
8-77217680-C-T 0.9302260675411667 0.9302260675411667 0.9302260675411667 0.9302260675411667 0.9302260675411667 0.9302260675411667 0.9302260675411667 0.9302260675411667 0.00010809642200837466 0.9302260675411667 0.00010809642200837466 0.9302260675411667 0.9302260675411667 0.9302260675411667 0.9302260675411667 0.9302260675411667 0.9302260675411667 0.9302260675411667 0.9302260675411667 0.9302260675411667 0.9302260675411667 0.9302260675411667 0.9302260675411667 0.9302260675411667
5-38144609-T-C 0.9302260675411667 0.9302260675411667 0.9302260675411667 0.9302260675411667 0.9302260675411667 0.9302260675411667 0.9302260675411667 0.9302260675411667 0.00010809642200837466 0.9302260675411667 0.00010809642200837466 0.9302260675411667 0.9302260675411667 0.9302260675411667 0.9302260675411667 0.9302260675411667 0.9302260675411667 0.9302260675411667 0.9302260675411667 0.9302260675411667 0.9302260675411667 0.9302260675411667 0.9302260675411667 0.9302260675411667
6-5230454-G-A 0.9302260675411667 0.00010809642200837466 0.00010809642200837466 0.00010809642200837466 0.00010809642200837466 0.9302260675411667 0.00010809642200837466 0.00010809642200837466 0.00010809642200837466 0.00010809642200837466 0.00010809642200837466 0.00010809642200837466 0.9302260675411667 0.00010809642200837466 0.9302260675411667 0.00010809642200837466 0.00010809642200837466 0.00010809642200837466 0.00010809642200837466 0.00010809642200837466 0.00010809642200837466 0.00010809642200837466 0.00010809642200837466 0.00010809642200837466
18-78857386-T-C 0.9302260675411667 0.9302260675411667 0.9302260675411667 0.9302260675411667 0.9302260675411667 0.9302260675411667 0.9302260675411667 0.9302260675411667 0.00010809642200837466 0.9302260675411667 0.00010809642200837466 0.9302260675411667 0.9302260675411667 0.9302260675411667 0.9302260675411667 0.9302260675411667 0.9302260675411667 0.9302260675411667 0.9302260675411667 0.9302260675411667 0.9302260675411667 0.9302260675411667 0.9302260675411667 0.9302260675411667
11-101331199-C-G 0.00010809642200837466 0.9302260675411667 0.9302260675411667 0.9302260675411667 0.9302260675411667 0.00010809642200837466 0.9302260675411667 0.9302260675411667 0.9302260675411667 0.9302260675411667 0.9302260675411667 0.9302260675411667 0.00010809642200837466 0.9302260675411667 0.9302260675411667 0.9302260675411667 0.9302260675411667 0.9302260675411667 0.9302260675411667 0.9302260675411667 0.9302260675411667 0.9302260675411667 0.9302260675411667 0.9302260675411667
12-76332643-A-T 0.00010809642200837466 0.9302260675411667 0.9302260675411667 0.9302260675411667 0.9302260675411667 0.00010809642200837466 0.9302260675411667 0.9302260675411667 0.9302260675411667 0.9302260675411667 0.9302260675411667 0.9302260675411667 0.00010809642200837466 0.9302260675411667 0.00010809642200837466 0.9302260675411667 0.9302260675411667 0.9302260675411667 0.9302260675411667 0.9302260675411667 0.9302260675411667 0.9302260675411667 0.9302260675411667 0.9302260675411667
5-96231580-T-C 0.9302260675411667 0.9302260675411667 0.9302260675411667 0.00010809642200837466 0.9302260675411667 0.9302260675411667 0.9302260675411667 0.9302260675411667 0.9302260675411667 0.9302260675411667 0.9302260675411667 0.9302260675411667 0.9302260675411667 0.9302260675411667 0.9302260675411667 0.9302260675411667 0.00010809642200837466 0.9302260675411667 0.9302260675411667 0.00010809642200837466 0.9302260675411667 0.9302260675411667 0.9302260675411667 0.9302260675411667
2-150484803-A-G 0.00010809642200837466 0.00010809642200837466 0.00010809642200837466 0.00010809642200837466 0.00010809642200837466 0.00010809642200837466 0.00010809642200837466 0.00010809642200837466 0.00010809642200837466 0.00010809642200837466 0.00010809642200837466 0.9302260675411667 0.00010809642200837466 0.00010809642200837466 0.00010809642200837466 0.00010809642200837466 0.00010809642200837466 0.00010809642200837466 0.00010809642200837466 0.00010809642200837466 0.00010809642200837466 0.00010809642200837466 0.00010809642200837466 0.00010809642200837466
19-3478375-A-G 0.9302260675411667 0.00010809642200837466 0.9302260675411667 0.9302260675411667 0.9302260675411667 0.9302260675411667 0.00010809642200837466 0.9302260675411667 0.9302260675411667 0.9302260675411667 0.9302260675411667 0.9302260675411667 0.9302260675411667 0.9302260675411667 0.9302260675411667 0.9302260675411667 0.9302260675411667 0.9302260675411667 0.9302260675411667 0.9302260675411667 0.9302260675411667 0.9302260675411667 0.9302260675411667 0.9302260675411667
2-132539980-T-A 0.00010809642200837466 0.9302260675411667 0.9302260675411667 0.9302260675411667 0.9302260675411667 0.00010809642200837466 0.9302260675411667 0.9302260675411667 0.00010809642200837466 0.9302260675411667 0.00010809642200837466 0.9302260675411667 0.00010809642200837466 0.9302260675411667 0.00010809642200837466 0.9302260675411667 0.9302260675411667 0.9302260675411667 0.9302260675411667 0.9302260675411667 0.9302260675411667 0.9302260675411667 0.00010809642200837466 0.9302260675411667
2-166599565-T-C 0.00010809642200837466 0.00010809642200837466 0.00010809642200837466 0.00010809642200837466 0.00010809642200837466 0.00010809642200837466 0.00010809642200837466 0.00010809642200837466 0.00010809642200837466 0.00010809642200837466 0.00010809642200837466 0.9302260675411667 0.00010809642200837466 0.00010809642200837466 0.00010809642200837466 0.00010809642200837466 0.00010809642200837466 0.00010809642200837466 0.00010809642200837466 0.00010809642200837466 0.00010809642200837466 0.00010809642200837466 0.00010809642200837466 0.00010809642200837466
6-12555517-G-T 0.9302260675411667 0.9302260675411667 0.9302260675411667 0.00010809642200837466 0.9302260675411667 0.9302260675411667 0.9302260675411667 0.9302260675411667 0.9302260675411667 0.9302260675411667 0.9302260675411667 0.9302260675411667 0.9302260675411667 0.9302260675411667 0.9302260675411667 0.9302260675411667 0.00010809642200837466 0.9302260675411667 0.9302260675411667 0.00010809642200837466 0.9302260675411667 0.9302260675411667 0.9302260675411667 0.9302260675411667
13-68562274-G-A 0.9302260675411667 0.9302260675411667 0.9302260675411667 0.9302260675411667 0.9302260675411667 0.9302260675411667 0.9302260675411667 0.9302260675411667 0.00010809642200837466 0.9302260675411667 0.00010809642200837466 0.9302260675411667 0.9302260675411667 0.9302260675411667 0.9302260675411667 0.9302260675411667 0.9302260675411667 0.9302260675411667 0.9302260675411667 0.9302260675411667 0.9302260675411667 0.9302260675411667 0.9302260675411667 0.9302260675411667
2-70307874-G-A 0.00010809642200837466 0.9302260675411667 0.9302260675411667 0.9302260675411667 0.9302260675411667 0.00010809642200837466 0.9302260675411667 0.9302260675411667 0.00010809642200837466 0.9302260675411667 0.00010809642200837466 0.9302260675411667 0.00010809642200837466 0.9302260675411667 0.00010809642200837466 0.9302260675411667 0.9302260675411667 0.9302260675411667 0.9302260675411667 0.9302260675411667 0.9302260675411667 0.9302260675411667 0.00010809642200837466 0.9302260675411667
1-127306869-T-C 0.9302260675411667 0.9302260675411667 0.9302260675411667 0.9302260675411667 0.9302260675411667 0.9302260675411667 0.9302260675411667 0.9302260675411667 0.00010809642200837466 0.9302260675411667 0.00010809642200837466 0.9302260675411667 0.9302260675411667 0.9302260675411667 0.9302260675411667 0.9302260675411667 0.9302260675411667 0.9302260675411667 0.9302260675411667 0.9302260675411667 0.9302260675411667 0.9302260675411667 0.9302260675411667 0.9302260675411667
15-28332867-T-C 0.9302260675411667 0.9302260675411667 0.9302260675411667 0.9302260675411667 0.9302260675411667 0.9302260675411667 0.9302260675411667 0.9302260675411667 0.00010809642200837466 0.9302260675411667 0.00010809642200837466 0.9302260675411667 0.9302260675411667 0.9302260675411667 0.9302260675411667 0.9302260675411667 0.9302260675411667 0.9302260675411667 0.9302260675411667 0.9302260675411667 0.9302260675411667 0.9302260675411667 0.9302260675411667 0.9302260675411667
3-134829319-G-C 0.9302260675411667 0.9302260675411667 0.9302260675411667 0.9302260675411667 0.9302260675411667 0.9302260675411667 0.9302260675411667 0.9302260675411667 0.00010809642200837466 0.9302260675411667 0.00010809642200837466 0.9302260675411667 0.9302260675411667 0.9302260675411667 0.9302260675411667 0.9302260675411667 0.9302260675411667 0.9302260675411667 0.9302260675411667 0.9302260675411667 0.9302260675411667 0.9302260675411667 0.9302260675411667 0.9302260675411667
3-144952720-G-C 0.00010809642200837466 0.9302260675411667 0.00010809642200837466 0.00010809642200837466 0.00010809642200837466 0.00010809642200837466 0.00010809642200837466 0.9302260675411667 0.00010809642200837466 0.9302260675411667 0.00010809642200837466 0.00010809642200837466 0.00010809642200837466 0.00010809642200837466 0.9302260675411667 0.9302260675411667 0.00010809642200837466 0.9302260675411667 0.00010809642200837466 0.00010809642200837466 0.00010809642200837466 0.9302260675411667 0.00010809642200837466 0.00010809642200837466
11-89049681-C-A 0.9302260675411667 0.9302260675411667 0.9302260675411667 0.9302260675411667 0.9302260675411667 0.9302260675411667 0.9302260675411667 0.9302260675411667 0.9302260675411667 0.9302260675411667 0.9302260675411667 0.00010809642200837466 0.9302260675411667 0.9302260675411667 0.9302260675411667 0.9302260675411667 0.9302260675411667 0.9302260675411667 0.9302260675411667 0.9302260675411667 0.00010809642200837466 0.9302260675411667 0.9302260675411667 0.9302260675411667
